1 -4.1311e-11 9.68377e-11 0 -4.12612e-11 1 -1.70424e-11 0 -2.58458e-10 -1.70424e-11 1 -2.98023e-08
0.999978 -0.000110114 -0.00663243 -0.00882463 0.000113996 1 0.000584952 -0.013367 0.00663237 -0.000585695 0.999978 0.0659172
0.999897 4.87636e-05 -0.0143488 -0.0194786 -4.47852e-05 1 0.000277533 -0.0177398 0.0143488 -0.000276861 0.999897 0.150836
0.999758 0.000897893 -0.0219671 -0.0276528 -0.000900326 1 -0.00010099 -0.0196344 0.021967 0.000120743 0.999759 0.24633
0.999518 0.00115585 -0.0310158 -0.0418882 -0.00121841 0.999997 -0.00199803 -0.0205553 0.0310134 0.00203486 0.999517 0.359753
0.999097 0.00184418 -0.0424473 -0.0600776 -0.00196552 0.999994 -0.00281706 -0.0246434 0.0424419 0.00289795 0.999095 0.468634
0.998423 0.00126146 -0.056117 -0.0834417 -0.00151145 0.999989 -0.00441252 -0.0255475 0.0561109 0.00449038 0.998415 0.595651
0.997406 0.00152127 -0.0719724 -0.110393 -0.00180344 0.999991 -0.00385565 -0.0312175 0.0719659 0.00397545 0.997399 0.734363
0.995894 0.000546925 -0.0905257 -0.132177 -0.000910551 0.999992 -0.00397555 -0.0334769 0.0905228 0.00404166 0.995886 0.871662
0.993763 -0.000863701 -0.11151 -0.16784 0.000399295 0.999991 -0.00418698 -0.0379921 0.111512 0.00411634 0.993755 1.01991
0.990911 -0.00109337 -0.134517 -0.214009 0.000507327 0.99999 -0.00439082 -0.0438187 0.13452 0.00428267 0.990902 1.17385
0.98731 0.00293142 -0.15878 -0.282595 -0.00393759 0.999974 -0.00602264 -0.0498453 0.158759 0.00657142 0.987296 1.34793
0.982934 0.00701296 -0.183826 -0.347398 -0.00856551 0.999934 -0.00765305 -0.0573448 0.18376 0.00909701 0.982929 1.50401
0.977604 0.0104123 -0.210194 -0.416516 -0.0124733 0.999886 -0.00848153 -0.0650521 0.210082 0.0109134 0.977623 1.67177
0.970805 0.0114267 -0.239598 -0.49879 -0.013856 0.999868 -0.0084567 -0.0738173 0.23947 0.0115297 0.970835 1.86684
0.962695 0.0134627 -0.270253 -0.588963 -0.0161632 0.999839 -0.00776954 -0.0793629 0.270105 0.0118479 0.962758 2.05774
0.953292 0.0153606 -0.301659 -0.688528 -0.0182938 0.999809 -0.00690075 -0.0829675 0.301495 0.0120969 0.953391 2.25604
0.941928 0.017836 -0.335342 -0.793167 -0.020701 0.999773 -0.0049707 -0.0908245 0.335177 0.0116239 0.942083 2.45252
0.929287 0.020211 -0.368805 -0.907478 -0.0236004 0.999711 -0.00468117 -0.0925727 0.368604 0.0130541 0.929495 2.62924
0.915329 0.0229861 -0.402051 -1.03923 -0.0270336 0.999625 -0.00439533 -0.093337 0.4018 0.0148921 0.915607 2.83367
0.899012 0.0241207 -0.43726 -1.17574 -0.0286879 0.999581 -0.00384259 -0.0913009 0.436984 0.0159986 0.899327 3.02492
0.880739 0.01982 -0.473188 -1.30755 -0.0247976 0.999683 -0.00428256 -0.0913671 0.472953 0.0155058 0.880951 3.20226
0.859742 0.0159001 -0.51048 -1.46368 -0.0209167 0.999773 -0.0040874 -0.100316 0.5103 0.0141917 0.85988 3.39584
0.834764 0.0174173 -0.550332 -1.62733 -0.0214362 0.99977 -0.000873803 -0.107342 0.55019 0.0125264 0.834946 3.56478
0.806356 0.0230057 -0.590984 -1.83153 -0.0263778 0.999648 0.00292335 -0.108209 0.590843 0.0132316 0.806678 3.74429
0.773642 0.0262808 -0.633078 -2.04113 -0.0298671 0.999541 0.00499518 -0.114057 0.632919 0.0150437 0.774072 3.9136
0.738687 0.0256469 -0.67356 -2.24369 -0.0296479 0.999545 0.00554482 -0.112571 0.673396 0.0158737 0.739112 4.05715
0.700154 0.0223389 -0.713643 -2.48814 -0.0244157 0.999675 0.0073382 -0.117492 0.713575 0.0122862 0.700472 4.23391
0.65831 0.0193279 -0.752498 -2.72546 -0.0196088 0.999771 0.00852466 -0.119174 0.752491 0.00914375 0.658539 4.38578
0.61409 0.0188875 -0.78901 -2.97543 -0.0170792 0.999798 0.0106405 -0.11841 0.789051 0.00694144 0.614288 4.51185
0.565939 0.0193955 -0.824219 -3.27681 -0.0148533 0.999801 0.0133285 -0.116411 0.824313 0.00469925 0.566114 4.65669
0.513953 0.0207679 -0.857567 -3.57381 -0.0136547 0.999778 0.0160283 -0.115628 0.85771 0.00347206 0.514123 4.77677
0.461528 0.0222733 -0.886846 -3.87444 -0.0127862 0.999748 0.0184548 -0.110294 0.887033 0.00282195 0.461697 4.86012
0.407318 0.0245117 -0.912957 -4.22947 -0.0117424 0.999698 0.0216017 -0.107342 0.913211 0.0019215 0.407483 4.96157
0.352798 0.0267629 -0.935317 -4.56016 -0.0113581 0.99964 0.0243192 -0.102291 0.935631 0.00204371 0.352974 5.02211
0.297198 0.0296794 -0.954354 -4.95089 -0.00894399 0.999559 0.0282999 -0.0990445 0.954774 0.000125056 0.297332 5.09733
0.243397 0.0316029 -0.969412 -5.33676 -0.00459812 0.999495 0.0314292 -0.0967546 0.969916 -0.00319229 0.243419 5.15192
0.192575 0.032638 -0.980739 -5.72579 -0.0020917 0.999458 0.0328502 -0.0968427 0.98128 -0.00427474 0.192539 5.18742
0.144823 0.033588 -0.988887 -6.15474 -0.0041025 0.999435 0.0333454 -0.0885451 0.989449 -0.000772291 0.144879 5.20167
0.102021 0.0335087 -0.994218 -6.57699 -0.00595915 0.999435 0.033073 -0.0766865 0.994764 0.00255056 0.102163 5.20488
0.06398 0.0323167 -0.997428 -7.04225 -0.00711734 0.999465 0.0319261 -0.0632205 0.997926 0.0050564 0.0641758 5.19348
0.0296456 0.0297178 -0.999119 -7.51247 -0.00650877 0.999543 0.0295373 -0.055445 0.999539 0.00562738 0.0298255 5.18763
-0.001916 0.0273706 -0.999624 -7.97424 -0.00638542 0.999605 0.0273823 -0.0525466 0.999978 0.00643548 -0.00174047 5.16914
-0.0286684 0.0251625 -0.999272 -8.46666 -0.00610993 0.99966 0.0253476 -0.0465615 0.99957 0.00683215 -0.0285049 5.13019
-0.0496627 0.0231284 -0.998498 -8.9722 -0.00704558 0.999699 0.0235066 -0.036901 0.998741 0.0082024 -0.0494848 5.08489
-0.0666912 0.0220514 -0.99753 -9.50539 -0.00705683 0.99972 0.0225716 -0.02293 0.997749 0.00854472 -0.0665169 5.02861
-0.0795137 0.022569 -0.996578 -10.0456 -0.00625172 0.999713 0.0231388 -0.0176165 0.996814 0.00807018 -0.0793497 4.97229
-0.0892385 0.0235821 -0.995731 -10.6116 -0.00739258 0.999676 0.024338 -0.015636 0.995983 0.00953291 -0.0890353 4.91408
-0.0961214 0.0249687 -0.995056 -11.1704 -0.00792487 0.999634 0.0258491 -0.0113968 0.995338 0.0103703 -0.0958884 4.85138
-0.0997981 0.0261439 -0.994664 -11.7556 -0.00790347 0.999602 0.0270666 -0.00156289 0.994976 0.0105625 -0.0995518 4.77809
-0.102046 0.026939 -0.994415 -12.3584 -0.00706911 0.999588 0.0278046 0.00690393 0.994755 0.00986699 -0.101814 4.71368
-0.101069 0.0288119 -0.994462 -12.9619 -0.00627407 0.999542 0.0295968 0.0174123 0.99486 0.00923064 -0.100842 4.65144
-0.0996619 0.031403 -0.994526 -13.6031 -0.00541175 0.99947 0.0321014 0.0265542 0.995007 0.00858141 -0.0994391 4.58178
-0.0976971 0.0314836 -0.994718 -14.2419 -0.00611129 0.999462 0.032234 0.0344608 0.995197 0.00922818 -0.0974521 4.51817
-0.0960327 0.0290563 -0.994954 -14.9029 -0.0101631 0.999493 0.0301698 0.0421872 0.995326 0.0130091 -0.0956887 4.44561
-0.0948227 0.0289916 -0.995072 -15.5944 -0.00967498 0.999502 0.0300426 0.0537354 0.995447 0.012476 -0.094495 4.37638
-0.0929426 0.031663 -0.995168 -16.2705 -0.00939564 0.999422 0.0326759 0.0665236 0.995627 0.0123872 -0.0925914 4.30774
-0.0910428 0.0349822 -0.995232 -17.0239 -0.0100292 0.9993 0.0360427 0.0826845 0.995797 0.0132628 -0.0906282 4.23554
-0.0896854 0.0371113 -0.995279 -17.7421 -0.00955032 0.999228 0.0381191 0.0962399 0.995924 0.012924 -0.0892617 4.16643
-0.0877414 0.0364062 -0.995478 -18.497 -0.0118335 0.999223 0.0375862 0.107806 0.996073 0.0150778 -0.0872425 4.10163
-0.0858567 0.0337801 -0.995735 -19.235 -0.0154701 0.999259 0.0352336 0.1207 0.996187 0.0184292 -0.0852705 4.02985
-0.0841592 0.0332337 -0.995898 -20.001 -0.0161561 0.999267 0.0347114 0.139839 0.996321 0.0190111 -0.0835606 3.95382
-0.0825186 0.0355373 -0.995956 -20.787 -0.012644 0.999246 0.0367024 0.15842 0.996509 0.0156215 -0.0820071 3.89213
-0.0811361 0.0374957 -0.995998 -21.5529 -0.0103565 0.999206 0.0384602 0.17135 0.996649 0.0134356 -0.0806833 3.82159
-0.080309 0.0389034 -0.996011 -22.3548 -0.00796813 0.999181 0.0396698 0.188394 0.996738 0.0111222 -0.0799332 3.76058
-0.0795343 0.0345619 -0.996233 -23.1543 -0.00836071 0.99934 0.0353372 0.200282 0.996797 0.0111397 -0.0791928 3.69237
-0.0791561 0.0279223 -0.996471 -23.9443 -0.00959618 0.99954 0.0287705 0.204844 0.996816 0.0118397 -0.0788518 3.63102
-0.0790211 0.0237916 -0.996589 -24.7583 -0.00672623 0.99968 0.0243987 0.218799 0.99685 0.0086313 -0.0788358 3.56627
-0.0796012 0.0244163 -0.996528 -25.5749 -0.00848055 0.999647 0.0251701 0.235035 0.996791 0.0104547 -0.079366 3.49796
-0.0797823 0.031164 -0.996325 -26.4146 -0.00606102 0.999478 0.031748 0.242799 0.996794 0.00857168 -0.0795518 3.42429
-0.0799055 0.0381677 -0.996072 -27.2579 -0.00612951 0.999229 0.0387804 0.252982 0.996784 0.0092042 -0.07961 3.34803
-0.0798395 0.0436976 -0.995849 -28.0985 -0.00880608 0.998969 0.0445405 0.267354 0.996769 0.0123256 -0.0793723 3.27609
-0.0802132 0.0443551 -0.99579 -28.9208 -0.00923939 0.998933 0.0452393 0.284844 0.996735 0.0128293 -0.0797178 3.20157
-0.0805019 0.0413307 -0.995897 -29.7606 -0.0105328 0.999049 0.0423129 0.297458 0.996699 0.0138959 -0.07999 3.12708
-0.0809493 0.0389156 -0.995958 -30.5969 -0.00992467 0.999157 0.0398472 0.309654 0.996669 0.0131102 -0.0804948 3.05224
-0.0807813 0.0396938 -0.995941 -31.4292 -0.0116154 0.999101 0.0407619 0.326493 0.996664 0.014861 -0.0802477 2.97916
-0.0803256 0.0419955 -0.995884 -32.2797 -0.0112134 0.999011 0.0430318 0.346591 0.996706 0.0146238 -0.0797752 2.90042
-0.0808075 0.039911 -0.99593 -33.1085 -0.0127159 0.999075 0.0410688 0.357707 0.996649 0.0159828 -0.0802253 2.83189
-0.0796713 0.0353193 -0.996195 -33.9623 -0.0143299 0.999228 0.0365729 0.367768 0.996718 0.0171892 -0.0791037 2.75828
-0.0803728 0.0318267 -0.996257 -34.7798 -0.0158333 0.999323 0.0332021 0.37972 0.996639 0.0184426 -0.0798145 2.68764
-0.079613 0.0318021 -0.996318 -35.5874 -0.0166154 0.99931 0.0332252 0.390266 0.996687 0.0191994 -0.0790297 2.61642
-0.078274 0.0342366 -0.996344 -36.4199 -0.014277 0.999269 0.0354588 0.400126 0.99683 0.0170003 -0.077728 2.55436
-0.0779605 0.0389622 -0.996195 -37.2618 -0.0152715 0.999072 0.0402699 0.413826 0.996839 0.0183528 -0.0772932 2.47915
-0.0770396 0.0443943 -0.996039 -38.0983 -0.0123902 0.998888 0.0454797 0.432539 0.996951 0.0158449 -0.0764039 2.41114
-0.0774573 0.0476725 -0.995855 -38.9316 -0.0144873 0.998697 0.0489353 0.450768 0.99689 0.0182176 -0.0766658 2.34031
-0.0777387 0.0478831 -0.995823 -39.7635 -0.0130462 0.998712 0.0490405 0.470047 0.996888 0.0168041 -0.0770139 2.27422
-0.0775126 0.043757 -0.996031 -40.5802 -0.013639 0.998896 0.0449443 0.487673 0.996898 0.0170686 -0.0768303 2.2067
-0.0771076 0.0395734 -0.996237 -41.3968 -0.0150421 0.999052 0.0408494 0.503493 0.996909 0.0181353 -0.0764392 2.13826
-0.0769295 0.0367247 -0.99636 -42.2451 -0.0181072 0.999105 0.038224 0.515479 0.996872 0.0209818 -0.0761956 2.06037
-0.0774066 0.0346008 -0.996399 -43.0499 -0.0218378 0.999099 0.0363911 0.533322 0.99676 0.0245761 -0.0765813 1.99299
-0.077948 0.0330947 -0.996408 -43.8805 -0.0189301 0.99922 0.034669 0.541374 0.996778 0.0215645 -0.0772606 1.92001
-0.0786277 0.0294373 -0.996469 -44.6879 -0.0158646 0.9994 0.0307757 0.546452 0.996778 0.0182284 -0.0781135 1.85348
-0.0797955 0.0283096 -0.996409 -45.4976 -0.0122831 0.999493 0.0293809 0.553553 0.996736 0.0145835 -0.0794073 1.7926
-0.0812583 0.0310575 -0.996209 -46.3315 -0.0112781 0.999422 0.0320776 0.563753 0.996629 0.013842 -0.080861 1.7248
-0.0832217 0.0368278 -0.99585 -47.1522 -0.00874736 0.999251 0.0376846 0.575411 0.996493 0.0118472 -0.0828373 1.65015
-0.085727 0.0408805 -0.99548 -47.9615 -0.00647982 0.999114 0.0415877 0.584511 0.996298 0.0100157 -0.0853861 1.58359
-0.0864513 0.0405896 -0.995429 -48.7821 -0.00668369 0.999124 0.0413207 0.594375 0.996234 0.0102254 -0.0861042 1.50935
-0.0877387 0.0368213 -0.995463 -49.5807 -0.00988514 0.999235 0.0378321 0.605618 0.996094 0.0131596 -0.0873076 1.42279
-0.0894039 0.0330962 -0.995445 -50.384 -0.0150356 0.999289 0.0345743 0.615941 0.995882 0.0180582 -0.0888427 1.34322
-0.090741 0.0314861 -0.995377 -51.1672 -0.0192141 0.999259 0.0333605 0.628416 0.995689 0.0221524 -0.0900688 1.25421
-0.0917977 0.0321866 -0.995257 -51.9756 -0.020795 0.999198 0.0342321 0.63724 0.995561 0.0238388 -0.0910547 1.16938
-0.0924186 0.0340271 -0.995139 -52.7611 -0.0200325 0.99915 0.0360247 0.643947 0.995519 0.0232645 -0.0916584 1.08942
-0.0939426 0.0336656 -0.995008 -53.5336 -0.0223941 0.999104 0.0359185 0.651308 0.995326 0.0256566 -0.0931045 1.01482
-0.0947191 0.033223 -0.99495 -54.3218 -0.0233511 0.999094 0.0355844 0.660785 0.99523 0.0266037 -0.0938575 0.92936
-0.0947346 0.0352129 -0.99488 -55.1032 -0.0215236 0.999068 0.0374107 0.672543 0.99527 0.0249575 -0.0938884 0.849235
-0.0949635 0.0382344 -0.994746 -55.8806 -0.0212205 0.998957 0.0404221 0.680973 0.995255 0.0249477 -0.0940532 0.772092
-0.0936989 0.0421203 -0.994709 -56.6506 -0.0204263 0.998813 0.0442182 0.69729 0.995391 0.0244615 -0.0927273 0.699721
-0.095203 0.044313 -0.994471 -57.4275 -0.0202239 0.998716 0.0464382 0.709595 0.995252 0.0245331 -0.0941846 0.615934
-0.0954342 0.0445614 -0.994438 -58.1733 -0.0206234 0.998695 0.0467313 0.723336 0.995222 0.0249685 -0.0943907 0.554446
-0.0956626 0.042935 -0.994488 -58.8989 -0.0188603 0.998812 0.0449359 0.737734 0.995235 0.023055 -0.0947391 0.47159
-0.0961576 0.0391047 -0.994598 -59.6577 -0.0202557 0.998944 0.0412339 0.749413 0.99516 0.0241112 -0.095264 0.391952
-0.0957066 0.0363682 -0.994745 -60.3612 -0.0215711 0.999022 0.0385999 0.760594 0.995176 0.025152 -0.0948285 0.319704
-0.0950585 0.0340504 -0.994889 -61.069 -0.0234026 0.999062 0.0364292 0.769767 0.995197 0.0267459 -0.0941725 0.246101
-0.0923311 0.0336159 -0.995161 -61.7422 -0.0218154 0.999122 0.0357737 0.775617 0.995489 0.0250128 -0.0915166 0.175382
-0.088109 0.0342435 -0.995522 -62.4083 -0.0234641 0.99906 0.0364419 0.785357 0.995834 0.0265698 -0.0872228 0.117193
-0.0825437 0.0360799 -0.995934 -63.0682 -0.023199 0.999004 0.0381139 0.792632 0.996317 0.0262507 -0.0816245 0.0617671
-0.0748186 0.0374528 -0.996494 -63.7168 -0.0220891 0.998987 0.039205 0.797033 0.996952 0.0249449 -0.0739155 0.00900977
-0.0665094 0.0388628 -0.997029 -64.358 -0.0249307 0.998865 0.0405974 0.8082 0.997474 0.0275567 -0.065465 -0.0340609
-0.0546154 0.0404713 -0.997687 -64.9786 -0.0268914 0.998756 0.0419868 0.813191 0.998145 0.0291224 -0.0534591 -0.0630948
-0.0396779 0.0420896 -0.998326 -65.5792 -0.0299125 0.998615 0.0432906 0.822861 0.998765 0.0315801 -0.0383639 -0.0900661
-0.0215867 0.0434766 -0.998821 -66.1477 -0.0321012 0.998509 0.0441568 0.8309 0.999252 0.0330166 -0.0201588 -0.0946471
0.00031853 0.0442964 -0.999018 -66.7176 -0.0330436 0.998473 0.0442617 0.839671 0.999454 0.0329971 0.00178176 -0.0853779
0.0260537 0.0445725 -0.998666 -67.2562 -0.0334329 0.998486 0.0436922 0.848876 0.999101 0.03225 0.0275044 -0.0543629
0.0550577 0.0446368 -0.997485 -67.7691 -0.0323289 0.998556 0.0429003 0.851857 0.99796 0.0298856 0.0564212 -0.00554845
0.0893821 0.0445632 -0.995 -68.2686 -0.0311155 0.998636 0.0419309 0.859544 0.995511 0.027212 0.0906468 0.0606151
0.126663 0.0444708 -0.990948 -68.7419 -0.0307784 0.99869 0.0408841 0.868036 0.991468 0.0253213 0.127866 0.1502
0.167275 0.0450658 -0.98488 -69.1956 -0.0305821 0.998711 0.0405046 0.86846 0.985436 0.0233443 0.168437 0.255211
0.212105 0.0453218 -0.976195 -69.6396 -0.0299969 0.998755 0.0398515 0.877305 0.976786 0.0208301 0.2132 0.382387
0.259582 0.0434832 -0.964742 -70.0679 -0.0265484 0.99893 0.0378808 0.881825 0.965356 0.0157792 0.260458 0.543296
0.309338 0.0391837 -0.950145 -70.4675 -0.0188635 0.999207 0.0350656 0.875469 0.950765 0.00707591 0.309832 0.72963
0.360076 0.034067 -0.932301 -70.8617 -0.0127578 0.99942 0.0315922 0.872821 0.932836 0.000518458 0.360302 0.941087
0.411979 0.0296061 -0.910713 -71.2371 -0.00769611 0.999549 0.0290126 0.875072 0.911161 -0.00494363 0.412021 1.15845
0.462497 0.0285084 -0.886162 -71.6136 -0.00776998 0.999575 0.0281017 0.882533 0.886587 -0.00611151 0.462522 1.41438
0.510319 0.0266102 -0.859574 -71.9671 -0.0059132 0.999606 0.0274346 0.891339 0.859965 -0.00891757 0.510275 1.66867
0.555369 0.0226378 -0.831296 -72.299 0.00144726 0.999602 0.028188 0.896049 0.831603 -0.0168578 0.555115 1.95015
0.598884 0.0158417 -0.800679 -72.6116 0.0129606 0.999482 0.0294692 0.886498 0.800731 -0.0280259 0.598368 2.26957
0.641122 0.0110467 -0.76736 -72.9118 0.0145299 0.999542 0.0265288 0.88337 0.767302 -0.0281579 0.640667 2.56434
0.682382 0.0055535 -0.730974 -73.1981 0.0118923 0.999754 0.0186973 0.888645 0.730899 -0.0214517 0.682149 2.8947
0.722791 -0.000380755 -0.691066 -73.4638 0.00835372 0.999932 0.00818628 0.885975 0.691016 -0.0116899 0.722745 3.21093
0.761915 -0.00355858 -0.647668 -73.7307 0.00397166 0.999992 -0.000822154 0.886807 0.647665 -0.00194591 0.761922 3.59017
0.798705 -0.0054038 -0.601699 -73.9723 0.00341513 0.999984 -0.00444747 0.886148 0.601713 0.00149734 0.798711 3.96925
0.832919 -0.00703653 -0.55335 -74.2083 0.0040542 0.99997 -0.00661335 0.88016 0.55338 0.00326499 0.832922 4.39326
0.863903 -0.00608547 -0.503621 -74.4362 0.00158069 0.999955 -0.0093714 0.875735 0.503655 0.00729991 0.863874 4.86164
0.889897 -0.00470548 -0.456137 -74.6382 0.00111804 0.999966 -0.00813435 0.858149 0.45616 0.00672876 0.889872 5.32372
0.911562 -0.00059525 -0.411162 -74.8424 -0.00296382 0.999963 -0.00801858 0.852059 0.411152 0.00852804 0.911527 5.83477
0.928965 0.00523503 -0.370132 -75.0246 -0.00929462 0.999915 -0.00918534 0.841475 0.370052 0.0119731 0.928934 6.33551
0.942735 0.00957436 -0.333406 -75.2072 -0.0131942 0.999876 -0.00859449 0.831606 0.333283 0.0125013 0.942744 6.87688
0.953184 0.0099626 -0.302227 -75.3716 -0.012586 0.999898 -0.00673401 0.818769 0.302129 0.0102226 0.953212 7.45017
0.960523 0.00912029 -0.278052 -75.52 -0.0109237 0.999928 -0.00493747 0.802247 0.277987 0.00777992 0.960553 8.01276
0.966661 0.0101996 -0.255855 -75.6772 -0.0112982 0.999932 -0.00282433 0.789512 0.255809 0.00562086 0.966711 8.62439
0.971044 0.0116212 -0.238616 -75.8161 -0.0120814 0.999927 -0.000466373 0.781402 0.238593 0.00333569 0.971114 9.22778
0.974597 0.0175689 -0.223274 -75.9619 -0.0176297 0.999843 0.00172111 0.770884 0.22327 0.00225886 0.974754 9.85899
0.977812 0.0192644 -0.208598 -76.1096 -0.0191469 0.999813 0.00258275 0.766858 0.208609 0.00146857 0.977998 10.5036
0.980293 0.019473 -0.196586 -76.2295 -0.0193156 0.99981 0.00271831 0.75118 0.196601 0.00113243 0.980483 11.1581
0.98293 0.0196705 -0.182926 -76.3496 -0.0195568 0.999806 0.00242557 0.741786 0.182938 0.00119328 0.983124 11.8288
0.985609 0.0197088 -0.167887 -76.4754 -0.0194747 0.999806 0.00304116 0.734372 0.167914 0.000272143 0.985802 12.5421
0.987771 0.0203904 -0.154574 -76.5798 -0.0201288 0.999792 0.00325704 0.726568 0.154608 -0.000105819 0.987976 13.2305
0.989745 0.0207802 -0.141323 -76.6809 -0.0208601 0.999782 0.000916181 0.710988 0.141311 0.00204122 0.989963 13.9642
0.99106 0.0210898 -0.13174 -76.7691 -0.0218918 0.99975 -0.00464152 0.697487 0.131609 0.00748405 0.991273 14.675
0.992332 0.0212594 -0.121757 -76.8614 -0.0227009 0.999688 -0.0104646 0.677053 0.121497 0.0131484 0.992505 15.418
0.99334 0.0214023 -0.113212 -76.9519 -0.0227712 0.999682 -0.0108118 0.66587 0.112945 0.0133178 0.993512 16.1922
0.993971 0.021901 -0.107433 -77.0317 -0.0225469 0.999734 -0.00480131 0.647308 0.107299 0.00719464 0.994201 16.9573
0.994443 0.0261269 -0.101984 -77.1261 -0.0259924 0.999659 0.00264823 0.633801 0.102018 1.72922e-05 0.994783 17.7195
0.994973 0.0257187 -0.0967834 -77.209 -0.0251874 0.99966 0.00670756 0.617368 0.096923 -0.00423612 0.995283 18.4933
0.995184 0.0269791 -0.0942407 -77.2829 -0.0265034 0.999629 0.00629595 0.598024 0.0943756 -0.00376793 0.99553 19.266
0.995559 0.0259072 -0.0905109 -77.3611 -0.0255335 0.99966 0.00528449 0.585971 0.090617 -0.00294996 0.995882 20.0484
0.995813 0.0243844 -0.0881066 -77.4309 -0.0238445 0.99969 0.00717574 0.578215 0.0882543 -0.00504483 0.996085 20.8117
0.996095 0.0221814 -0.0854595 -77.497 -0.0214086 0.999721 0.00994843 0.565496 0.0856564 -0.00808001 0.996292 21.5707
0.996431 0.0190368 -0.0822389 -77.5629 -0.018167 0.999771 0.0113126 0.553287 0.0824354 -0.00977821 0.996548 22.3605
0.996614 0.0167634 -0.0804952 -77.6253 -0.0161442 0.999835 0.00833754 0.542676 0.0806217 -0.00700978 0.99672 23.103
0.996651 0.0219607 -0.0787672 -77.6926 -0.0219479 0.999759 0.00102835 0.525683 0.0787707 0.000703867 0.996893 23.8525
0.996794 0.0221245 -0.0768928 -77.7619 -0.0226873 0.999722 -0.00645355 0.508019 0.0767286 0.00817735 0.997019 24.6082
0.996839 0.0247019 -0.0755064 -77.8282 -0.025565 0.999618 -0.0104851 0.485574 0.0752185 0.0123823 0.99709 25.3492
0.99698 0.0248817 -0.0735689 -77.8918 -0.0255907 0.999635 -0.00871056 0.4691 0.0733252 0.0105669 0.997252 26.1269
0.99706 0.0283856 -0.0711808 -77.9581 -0.0288004 0.999574 -0.00480782 0.442974 0.0710139 0.00684372 0.997452 26.8781
0.997115 0.0316459 -0.0689975 -78.0182 -0.031734 0.999496 -0.000180987 0.423293 0.068957 0.00237003 0.997617 27.6363
0.997349 0.0297901 -0.0663884 -78.0783 -0.0297382 0.999556 0.00177117 0.406039 0.0664116 0.000207792 0.997792 28.4065
0.997484 0.0273081 -0.065425 -78.1278 -0.0272233 0.999627 0.00218714 0.387238 0.0654603 -0.000400556 0.997855 29.16
0.997599 0.025155 -0.064532 -78.1828 -0.0250841 0.999684 0.00190919 0.369413 0.0645596 -0.000285877 0.997914 29.913
0.997658 0.0248988 -0.0637029 -78.2304 -0.0249191 0.999689 0.000476576 0.354527 0.063695 0.00111196 0.997969 30.6653
0.99773 0.0247591 -0.0626329 -78.2877 -0.0248481 0.999691 -0.000642589 0.338337 0.0625976 0.00219744 0.998037 31.4303
0.997887 0.0214608 -0.0613297 -78.3435 -0.0215471 0.999768 -0.000745302 0.319837 0.0612994 0.0020652 0.998117 32.1991
0.997828 0.0244589 -0.0611574 -78.3935 -0.0245103 0.9997 -9.12036e-05 0.30676 0.0611368 0.00158999 0.998128 32.9568
0.997753 0.0265555 -0.0615196 -78.4499 -0.026623 0.999646 -0.00027869 0.292177 0.0614904 0.0019159 0.998106 33.7348
0.997752 0.024179 -0.0624953 -78.5083 -0.0242733 0.999705 -0.000751154 0.27636 0.0624587 0.00226643 0.998045 34.4869
0.99763 0.0229409 -0.0648702 -78.5664 -0.0229815 0.999736 0.00011972 0.259857 0.0648558 0.00137138 0.997894 35.282
0.997394 0.0253143 -0.0675609 -78.6348 -0.0253666 0.999678 8.30686e-05 0.245576 0.0675412 0.00163094 0.997715 36.0765
0.99719 0.0255563 -0.0704226 -78.7046 -0.0256691 0.99967 -0.00069717 0.226604 0.0703816 0.00250289 0.997517 36.864
0.99691 0.0288785 -0.0730454 -78.7755 -0.029314 0.999558 -0.00489691 0.210803 0.0728718 0.00702303 0.997317 37.6637
0.996655 0.0310069 -0.0756126 -78.8496 -0.0317515 0.999458 -0.00866566 0.19467 0.0753029 0.0110375 0.9971 38.4636
0.996513 0.0298514 -0.0779188 -78.9206 -0.0306697 0.999486 -0.0093259 0.173041 0.0776004 0.0116831 0.996916 39.279
0.996397 0.0285458 -0.0798649 -78.996 -0.029299 0.999536 -0.00827422 0.151514 0.0795917 0.0105844 0.996771 40.0828
0.996279 0.0262367 -0.0820897 -79.0679 -0.0268966 0.999614 -0.00694341 0.124508 0.0818759 0.00912551 0.996601 40.913
0.996117 0.0263291 -0.0840107 -79.1454 -0.0268704 0.999625 -0.00531792 0.103063 0.0838392 0.00755466 0.996451 41.7639
0.996058 0.0254408 -0.0849789 -79.2253 -0.0257218 0.999667 -0.00221282 0.089837 0.0848943 0.00438991 0.99638 42.5847
0.995924 0.0246827 -0.0867526 -79.2977 -0.024569 0.999695 0.00237872 0.0710363 0.0867849 -0.000237597 0.996227 43.4321
0.996041 0.0244562 -0.0854622 -79.385 -0.024088 0.999696 0.00533731 0.0546942 0.0855667 -0.00325757 0.996327 44.2972
0.996173 0.0270141 -0.0831197 -79.4724 -0.0266633 0.99963 0.00532776 0.0417509 0.0832329 -0.00309113 0.996525 45.1402
0.996245 0.0274206 -0.0821196 -79.5478 -0.027166 0.999622 0.00421576 0.0287563 0.0822042 -0.00196907 0.996614 46.0189
0.996458 0.0255029 -0.0801295 -79.6281 -0.0253988 0.999675 0.00231897 0.0135188 0.0801626 -0.000275561 0.996782 46.8901
0.996663 0.0213211 -0.0787932 -79.6938 -0.0213328 0.999772 0.00069351 -0.00471739 0.07879 0.000989685 0.996891 47.7568
0.996866 0.0205346 -0.0763996 -79.7708 -0.0205739 0.999788 0.000273693 -0.0216625 0.076389 0.001299 0.997077 48.6334
0.996968 0.0177388 -0.075758 -79.8415 -0.0175814 0.999842 0.00274377 -0.0339796 0.0757947 -0.00140352 0.997122 49.5063
0.99712 0.0149866 -0.0743409 -79.9081 -0.0146242 0.999878 0.0054167 -0.0537908 0.074413 -0.00431392 0.997218 50.377
0.997144 0.0136329 -0.0742801 -79.9797 -0.01326 0.999897 0.00551082 -0.072524 0.0743476 -0.00451013 0.997222 51.2715
0.997186 0.0154254 -0.0733633 -80.0467 -0.0152888 0.99988 0.00242236 -0.0903439 0.0733919 -0.0012939 0.997302 52.1308
0.997135 0.0198927 -0.0729777 -80.1142 -0.020157 0.999793 -0.00288719 -0.115268 0.0729051 0.00434993 0.997329 52.9812
0.997217 0.0207253 -0.0716139 -80.1867 -0.0213798 0.999736 -0.00838455 -0.134238 0.0714213 0.0098923 0.997397 53.8305
0.997101 0.0269741 -0.0711439 -80.2671 -0.0280435 0.999508 -0.0140758 -0.163167 0.0707292 0.0160301 0.997367 54.6838
0.997149 0.0283664 -0.0699234 -80.3308 -0.0294978 0.999449 -0.0152004 -0.190014 0.0694537 0.0172197 0.997437 55.4999
0.997219 0.0265148 -0.0696517 -80.3996 -0.0272552 0.999581 -0.00970173 -0.217864 0.0693654 0.0115731 0.997524 56.3771
0.997281 0.0222001 -0.0702701 -80.466 -0.0222469 0.999752 0.000116432 -0.247516 0.0702553 0.00144718 0.997528 57.2478
0.997273 0.0179554 -0.0715884 -80.5244 -0.0174679 0.99982 0.00743118 -0.258319 0.0717089 -0.00616042 0.997407 58.0345
0.997058 0.0192538 -0.0741911 -80.595 -0.0188578 0.999804 0.00603408 -0.280859 0.0742927 -0.00461725 0.997226 58.9157
0.996983 0.0149105 -0.0761694 -80.6634 -0.014718 0.999887 0.00308781 -0.304915 0.0762068 -0.00195743 0.99709 59.7384
0.996828 0.0136355 -0.0784148 -80.7287 -0.0135701 0.999907 0.00136737 -0.32322 0.0784261 -0.000298933 0.99692 60.5421
0.99656 0.0150887 -0.0814882 -80.8068 -0.0151975 0.999884 -0.000715382 -0.345848 0.081468 0.00195134 0.996674 61.3945
0.996214 0.0166838 -0.0853226 -80.8889 -0.017091 0.999846 -0.00404378 -0.365827 0.085242 0.00548672 0.996345 62.2162
0.995861 0.0170753 -0.0892679 -80.9778 -0.0178314 0.999812 -0.00767951 -0.384694 0.08912 0.0092395 0.995978 63.0094
0.995528 0.0199913 -0.0923324 -81.0608 -0.0210885 0.999718 -0.010923 -0.417819 0.092088 0.0128213 0.995668 63.8305
0.995154 0.0230384 -0.0955892 -81.1564 -0.0242487 0.99964 -0.0115196 -0.437567 0.0952893 0.0137817 0.995354 64.6321
0.994726 0.0274291 -0.0988335 -81.2474 -0.02849 0.999551 -0.00933854 -0.464415 0.0985329 0.0121051 0.99506 65.4238
0.994273 0.0308173 -0.102335 -81.3488 -0.0314292 0.999496 -0.00437259 -0.486449 0.102149 0.00756385 0.99474 66.2213
0.99382 0.0296092 -0.106983 -81.4353 -0.0295481 0.999561 0.00215623 -0.505442 0.107 0.00101825 0.994259 67.0248
0.993337 0.0288673 -0.111569 -81.534 -0.0284141 0.99958 0.00564983 -0.526875 0.111685 -0.00244206 0.993741 67.8241
0.992522 0.0303525 -0.118232 -81.6375 -0.0297034 0.999533 0.00724837 -0.542548 0.118397 -0.00368228 0.99296 68.617
0.991945 0.0257236 -0.124034 -81.7465 -0.0246452 0.999644 0.0102208 -0.553868 0.124253 -0.00708164 0.992225 69.401
0.991011 0.0279782 -0.130818 -81.8616 -0.0268053 0.999583 0.0107181 -0.5702 0.131064 -0.0071151 0.991348 70.1923
0.990052 0.0312937 -0.137181 -81.9785 -0.0301991 0.999493 0.010054 -0.577738 0.137426 -0.00581127 0.990495 70.9582
0.989108 0.0341925 -0.143162 -82.0916 -0.0335888 0.999414 0.00663259 -0.592909 0.143305 -0.00175171 0.989677 71.7122
0.988216 0.0339561 -0.149252 -82.2338 -0.0337878 0.999422 0.00366369 -0.603763 0.14929 0.00142237 0.988792 72.4787
0.987342 0.0359388 -0.154482 -82.3549 -0.0359608 0.99935 0.00265251 -0.621821 0.154477 0.00293638 0.987992 73.2395
0.986522 0.0357461 -0.159673 -82.4772 -0.0350901 0.99936 0.00692698 -0.629066 0.159819 -0.00123066 0.987146 73.9951
0.98558 0.0351717 -0.165517 -82.6219 -0.0336939 0.999363 0.0117286 -0.640292 0.165824 -0.00598259 0.986137 74.7551
0.984751 0.0314871 -0.171097 -82.7609 -0.0295059 0.999465 0.0141103 -0.652202 0.17145 -0.0088467 0.985153 75.4894
0.983493 0.0307598 -0.178314 -82.9112 -0.0293213 0.999513 0.0106979 -0.662565 0.178556 -0.00529288 0.983915 76.2372
0.981798 0.0322273 -0.187177 -83.0608 -0.0321078 0.999478 0.00367106 -0.678144 0.187197 0.00240558 0.982319 76.9822
0.980234 0.0283514 -0.195798 -83.2235 -0.0286119 0.99959 0.00149878 -0.688547 0.19576 0.00413301 0.980643 77.7121
0.978143 0.026709 -0.20621 -83.3951 -0.0263267 0.999643 0.00459818 -0.705042 0.20626 0.000931162 0.978497 78.4427
0.975692 0.0278387 -0.217373 -83.572 -0.0262725 0.999604 0.0100928 -0.710942 0.217568 -0.00413649 0.976036 79.1736
0.973101 0.027961 -0.228677 -83.7614 -0.0244573 0.999536 0.0181418 -0.717726 0.229078 -0.012061 0.973333 79.904
0.970365 0.0298052 -0.239798 -83.9495 -0.0250516 0.999425 0.0228479 -0.733238 0.240341 -0.0161635 0.970554 80.626
0.967392 0.0325443 -0.251183 -84.1465 -0.0288086 0.999413 0.0185362 -0.740749 0.251639 -0.0106956 0.967762 81.3275
0.964085 0.0317675 -0.263688 -84.3636 -0.0305151 0.999495 0.00884472 -0.746244 0.263836 -0.000480593 0.964568 82.0428
0.960654 0.030475 -0.276072 -84.5784 -0.0305604 0.999525 0.00399387 -0.749803 0.276062 0.00460014 0.961129 82.7467
0.957429 0.0284133 -0.287267 -84.8154 -0.0272629 0.999596 0.00800474 -0.749493 0.287378 0.000167764 0.957817 83.4512
0.95381 0.0295894 -0.29895 -85.0453 -0.0259647 0.999533 0.0160903 -0.763596 0.299286 -0.00758491 0.954133 84.1605
0.949716 0.0286243 -0.3118 -85.2845 -0.023036 0.999501 0.021592 -0.767235 0.312263 -0.0133236 0.949902 84.8786
0.945899 0.0274881 -0.323294 -85.5308 -0.022023 0.999546 0.0205514 -0.77482 0.323712 -0.0123197 0.946075 85.5579
0.941891 0.0254391 -0.334954 -85.7991 -0.0215045 0.999649 0.015451 -0.774524 0.33523 -0.00735012 0.942108 86.2751
0.938698 0.0211301 -0.344093 -86.063 -0.0191885 0.999775 0.00904738 -0.783086 0.344206 -0.00189013 0.938892 86.9689
0.935947 0.0174305 -0.351709 -86.3437 -0.0175451 0.999842 0.00286139 -0.792279 0.351703 0.00349268 0.936105 87.6823
0.933103 0.0165919 -0.359226 -86.6154 -0.0174171 0.999848 0.000939116 -0.804376 0.359187 0.00538039 0.93325 88.3742
0.929944 0.0215275 -0.36707 -86.9049 -0.0228759 0.999738 0.000677238 -0.813059 0.366989 0.00776726 0.930193 89.0572
0.926821 0.022813 -0.374811 -87.2026 -0.0233015 0.999723 0.00322944 -0.830552 0.374781 0.00574052 0.927096 89.7729
0.923548 0.0231932 -0.38278 -87.4882 -0.0211905 0.999731 0.00944808 -0.836304 0.382896 -0.000614455 0.923791 90.4517
0.920915 0.0256872 -0.388917 -87.7962 -0.0204601 0.999636 0.0175767 -0.844873 0.389227 -0.00822935 0.921105 91.1672
0.918086 0.033658 -0.39495 -88.1117 -0.0258914 0.999353 0.0249795 -0.850344 0.395535 -0.0127075 0.918363 91.8734
0.915116 0.0408478 -0.401117 -88.4276 -0.0347957 0.999144 0.0223644 -0.849904 0.401687 -0.00650886 0.915754 92.5358
0.912817 0.0385272 -0.406547 -88.7569 -0.0357712 0.999257 0.0143797 -0.849977 0.406799 0.00141661 0.913517 93.2526
0.910821 0.0320958 -0.411552 -89.0652 -0.0317751 0.999466 0.00762293 -0.865141 0.411577 0.00613397 0.911354 93.9424
0.908939 0.0325064 -0.41566 -89.3978 -0.0327311 0.999442 0.00658648 -0.870572 0.415642 0.00761827 0.909496 94.638
0.906816 0.0372913 -0.419874 -89.7169 -0.0359444 0.999292 0.0111221 -0.867784 0.419991 0.0050064 0.907514 95.317
0.904401 0.0387054 -0.424925 -90.0621 -0.0351844 0.999251 0.0161336 -0.878058 0.425231 0.000359453 0.905085 96.0134
0.901911 0.0353148 -0.430476 -90.3976 -0.0320806 0.999376 0.0147718 -0.891361 0.430729 0.00048711 0.902481 96.7055
0.899855 0.0340241 -0.43486 -90.7368 -0.0337528 0.999395 0.00834949 -0.901181 0.434882 0.00716444 0.900459 97.3756
0.897339 0.0320846 -0.440174 -91.0908 -0.0348028 0.999392 0.00189748 -0.908765 0.439968 0.0136166 0.89791 98.0829
0.895346 0.0336224 -0.4441 -91.4504 -0.0372539 0.999306 0.000549387 -0.922148 0.44381 0.0160525 0.895977 98.7499
0.893263 0.0350008 -0.448169 -91.8071 -0.0369716 0.999307 0.00435354 -0.932352 0.448011 0.0126807 0.893938 99.4322
0.891378 0.037185 -0.451733 -92.1812 -0.0380415 0.99925 0.00718947 -0.947569 0.451661 0.0107761 0.892124 100.128
0.888748 0.0382421 -0.456797 -92.5267 -0.0390072 0.999209 0.00775896 -0.962426 0.456733 0.0109226 0.889537 100.791
0.886468 0.0366015 -0.46134 -92.8932 -0.0373914 0.999273 0.00743175 -0.973582 0.461277 0.0106622 0.887192 101.478
0.884335 0.0348005 -0.465554 -93.2551 -0.0357896 0.999337 0.00671765 -0.989405 0.465479 0.0107213 0.884994 102.147
0.882299 0.0341111 -0.469451 -93.6133 -0.0346541 0.999371 0.00748609 -0.998502 0.469411 0.00966344 0.882927 102.805
0.880125 0.0353847 -0.47342 -93.9901 -0.0358399 0.999325 0.00806302 -1.0119 0.473386 0.00987089 0.8808 103.473
0.878084 0.0351355 -0.477215 -94.3614 -0.03561 0.999333 0.00805388 -1.02402 0.47718 0.00992168 0.878749 104.128
0.87538 0.032915 -0.482315 -94.7267 -0.0351338 0.999373 0.00443468 -1.04112 0.482158 0.0130635 0.875987 104.784
0.873207 0.0295578 -0.486453 -95.0965 -0.0338259 0.999428 7.94142e-06 -1.0552 0.486175 0.0164478 0.873707 105.422
0.871023 0.0283323 -0.490425 -95.4693 -0.0340338 0.999417 -0.00270869 -1.07358 0.490063 0.0190504 0.871479 106.067
0.868847 0.0303463 -0.49415 -95.8369 -0.0344883 0.999405 0.000735042 -1.08316 0.493878 0.0164037 0.869376 106.701
0.867037 0.0335112 -0.497115 -96.2136 -0.0332802 0.999403 0.00932596 -1.09568 0.497131 0.00845812 0.867634 107.337
0.865809 0.0346249 -0.499176 -96.5721 -0.0290506 0.999399 0.0189348 -1.10603 0.499531 -0.00189253 0.866294 107.956
0.863989 0.0339097 -0.502367 -96.9372 -0.0251595 0.999391 0.0241884 -1.11561 0.502881 -0.00825924 0.864316 108.588
0.862431 0.0323137 -0.505143 -97.2826 -0.0233601 0.999438 0.0240506 -1.12191 0.505636 -0.00894181 0.862701 109.172
0.860771 0.0303374 -0.508088 -97.6456 -0.0230417 0.999521 0.0206445 -1.12614 0.508471 -0.00606303 0.861058 109.767
0.858934 0.0286579 -0.511284 -97.9849 -0.0228376 0.999583 0.0176613 -1.13225 0.511577 -0.00349337 0.85923 110.33
0.857727 0.027034 -0.513395 -98.3104 -0.0216315 0.99963 0.0164982 -1.13688 0.513651 -0.00304547 0.857994 110.864
0.856166 0.0255072 -0.516071 -98.6548 -0.0199179 0.999668 0.0163654 -1.14273 0.516317 -0.00373245 0.856389 111.424
0.854997 0.0252236 -0.51802 -98.9675 -0.0188829 0.999668 0.0175098 -1.14862 0.51829 -0.00518913 0.85519 111.924
0.853637 0.024771 -0.520279 -99.2765 -0.0175534 0.999669 0.0187948 -1.15457 0.520572 -0.00691132 0.85379 112.433
0.85221 0.0237685 -0.52266 -99.5849 -0.0159723 0.999684 0.0194186 -1.16006 0.522956 -0.00820067 0.85232 112.917
0.850957 0.0222332 -0.524764 -99.862 -0.0137837 0.999705 0.0200037 -1.17042 0.525054 -0.00978911 0.851013 113.366
0.849906 0.0211191 -0.52651 -100.138 -0.0130702 0.999734 0.0190025 -1.17631 0.526772 -0.00926877 0.849956 113.811
0.848825 0.0210374 -0.528255 -100.407 -0.014976 0.999764 0.0157508 -1.1872 0.528462 -0.00545852 0.84894 114.216
0.846947 0.0192452 -0.531328 -100.664 -0.0153648 0.999813 0.0117224 -1.19299 0.531455 -0.00176456 0.847085 114.618
0.844629 0.0158025 -0.535119 -100.899 -0.0126311 0.999874 0.00959027 -1.1989 0.535203 -0.00134109 0.844722 114.987
0.842176 0.0118769 -0.539072 -101.12 -0.00786151 0.999922 0.00974861 -1.20594 0.539145 -0.00397213 0.842203 115.336
0.838882 0.0122677 -0.544175 -101.367 -0.00733765 0.99991 0.0112301 -1.21082 0.544264 -0.00542777 0.838897 115.707
0.835112 0.0161494 -0.549843 -101.598 -0.0105361 0.999855 0.0133642 -1.21544 0.549979 -0.00536744 0.835161 116.029
0.831411 0.0220116 -0.555222 -101.809 -0.0149137 0.999739 0.0173019 -1.22022 0.555458 -0.00610451 0.831522 116.323
0.827567 0.0273916 -0.560699 -102.03 -0.0164478 0.999563 0.0245551 -1.21989 0.561126 -0.0110988 0.827656 116.616
0.823012 0.0293283 -0.567266 -102.226 -0.0157085 0.999459 0.0288827 -1.22401 0.567807 -0.0148599 0.823028 116.895
0.817642 0.027038 -0.575091 -102.417 -0.0116846 0.99947 0.0303775 -1.22576 0.575608 -0.0181183 0.817525 117.151
0.811219 0.0244926 -0.584229 -102.595 -0.00774325 0.999485 0.0311496 -1.22816 0.584691 -0.0207453 0.810991 117.39
0.802572 0.0231878 -0.596105 -102.773 -0.00481229 0.999463 0.0323989 -1.23077 0.596536 -0.0231338 0.802253 117.609
0.792684 0.023721 -0.609171 -102.945 -0.00415499 0.99943 0.033511 -1.23312 0.609619 -0.0240325 0.79233 117.815
0.781314 0.0251708 -0.62363 -103.118 -0.00570639 0.999433 0.0331897 -1.23298 0.624112 -0.0223729 0.781015 117.997
0.767527 0.024312 -0.640555 -103.295 -0.00565672 0.999498 0.0311576 -1.2389 0.640992 -0.0202908 0.76728 118.17
0.753254 0.0218511 -0.657366 -103.457 -0.00637678 0.999644 0.0259215 -1.23952 0.657699 -0.0153336 0.753125 118.321
0.73864 0.0184908 -0.673847 -103.61 -0.00610828 0.999766 0.0207386 -1.24284 0.674072 -0.0112023 0.73858 118.457
0.723295 0.0186512 -0.690287 -103.779 -0.00979723 0.999812 0.0167487 -1.2419 0.69047 -0.00535135 0.723342 118.586
0.707699 0.0224975 -0.706155 -103.946 -0.0172789 0.999745 0.0145344 -1.23872 0.706302 0.00191561 0.707908 118.708
0.690963 0.0246948 -0.722468 -104.11 -0.0204549 0.999684 0.0146074 -1.23182 0.722601 0.00468489 0.69125 118.824
0.67218 0.0233122 -0.740021 -104.282 -0.0168908 0.999727 0.0161511 -1.23269 0.740195 0.0016431 0.67239 118.953
0.653599 0.0224322 -0.756509 -104.452 -0.0141185 0.999748 0.0174469 -1.23089 0.75671 -0.00072256 0.653751 119.082
0.631804 0.024461 -0.774742 -104.63 -0.0137966 0.999699 0.0203123 -1.23174 0.775005 -0.00214459 0.631951 119.186
0.608277 0.0290853 -0.793192 -104.829 -0.017343 0.999577 0.0233533 -1.22441 0.793535 -0.000448998 0.608524 119.293
0.583201 0.0333668 -0.811642 -105.03 -0.0193032 0.999443 0.0272172 -1.22255 0.812099 -0.000205827 0.58352 119.386
0.559186 0.0366126 -0.828233 -105.227 -0.0207808 0.99933 0.0301458 -1.2211 0.828782 0.000354201 0.559572 119.489
0.534112 0.0399985 -0.844467 -105.415 -0.0239315 0.999195 0.032191 -1.22154 0.845075 0.00301582 0.534639 119.565
0.507707 0.0444181 -0.860384 -105.613 -0.0277292 0.998995 0.0352112 -1.21784 0.861083 0.00598079 0.508429 119.634
0.480047 0.0479684 -0.875931 -105.822 -0.0299415 0.998818 0.0382888 -1.2177 0.876732 0.0078462 0.480916 119.712
0.451196 0.047717 -0.891148 -106.021 -0.0285105 0.998831 0.0390478 -1.22207 0.891969 0.0077889 0.452029 119.784
0.419178 0.0451516 -0.906781 -106.24 -0.0279348 0.998931 0.0368266 -1.22294 0.907474 0.00989379 0.419992 119.844
0.386131 0.0409573 -0.921534 -106.475 -0.027486 0.999081 0.032887 -1.21886 0.922034 0.0126306 0.386902 119.905
0.347273 0.0387436 -0.936963 -106.731 -0.0267331 0.999149 0.0314067 -1.2137 0.937383 0.0141413 0.348014 119.956
0.306831 0.0378188 -0.951012 -107.005 -0.0254365 0.999179 0.0315275 -1.20561 0.951424 0.0145169 0.307541 120.008
0.263825 0.0362187 -0.96389 -107.302 -0.0240708 0.999231 0.0309582 -1.19718 0.96427 0.0150341 0.264493 120.052
0.216922 0.0336775 -0.975608 -107.596 -0.0226141 0.99931 0.0294675 -1.18709 0.975927 0.0156703 0.217534 120.07
0.16855 0.0315236 -0.985189 -107.934 -0.0212433 0.999372 0.0283431 -1.1781 0.985464 0.0161514 0.169114 120.086
0.118644 0.0312445 -0.992445 -108.274 -0.0200221 0.999377 0.0290692 -1.16738 0.992735 0.0164219 0.119196 120.08
0.0670389 0.0324679 -0.997222 -108.615 -0.0181675 0.999344 0.0313157 -1.15702 0.997585 0.0160177 0.0675848 120.053
0.0143451 0.0349158 -0.999287 -108.985 -0.0142458 0.999296 0.0347116 -1.14809 0.999796 0.0137377 0.0148324 120.023
-0.0390599 0.0372489 -0.998542 -109.35 -0.00975797 0.999243 0.0376567 -1.14308 0.999189 0.0112146 -0.0386668 119.967
-0.092745 0.0388645 -0.994931 -109.742 -0.00503954 0.999207 0.0395013 -1.13296 0.995677 0.00867755 -0.0924755 119.89
-0.145635 0.040826 -0.988496 -110.13 -0.00109068 0.999141 0.0414264 -1.12615 0.989338 0.00711126 -0.145465 119.795
-0.196367 0.0422262 -0.979621 -110.52 0.00204133 0.999088 0.0426561 -1.11342 0.980528 0.00637651 -0.196274 119.668
-0.24616 0.0436944 -0.968244 -110.95 0.0059438 0.999033 0.0435727 -1.09886 0.969211 0.0049708 -0.246182 119.52
-0.29485 0.0452453 -0.954472 -111.369 0.0115955 0.998974 0.0437729 -1.08674 0.955473 0.00183885 -0.295073 119.359
-0.341432 0.0467582 -0.938743 -111.788 0.017085 0.998906 0.0435408 -1.07612 0.939751 -0.00117218 -0.341857 119.172
-0.386115 0.04877 -0.921161 -112.239 0.0224281 0.998803 0.0434796 -1.06303 0.922178 -0.00387179 -0.386746 118.948
-0.428367 0.0500623 -0.902217 -112.682 0.0265848 0.99873 0.0427954 -1.04633 0.903214 -0.00565309 -0.429154 118.707
-0.467029 0.0511524 -0.882761 -113.14 0.0295964 0.99867 0.0422107 -1.03152 0.883747 -0.00641297 -0.467922 118.429
-0.501508 0.0514956 -0.863619 -113.596 0.0311158 0.998655 0.0414784 -1.01613 0.864593 -0.00607046 -0.502436 118.136
-0.530322 0.0510789 -0.846256 -114.066 0.0311161 0.998684 0.0407798 -0.999704 0.847225 -0.00470579 -0.531213 117.808
