1 -4.1311e-11 -1.35993e-10 -4.65661e-10 -4.12612e-11 1 -1.70424e-11 0 -2.56277e-11 -1.70424e-11 1 -2.98023e-08
0.999996 0.00264547 0.00120388 -0.0128979 -0.0026472 0.999995 0.00144327 -0.0310251 -0.00120006 -0.00144645 0.999998 0.757914
0.999986 0.00507825 0.00130526 -0.025433 -0.00508129 0.999984 0.00233501 -0.0549225 -0.00129338 -0.00234161 0.999996 1.53353
0.999981 0.00583178 0.00195038 -0.0303518 -0.0058353 0.999981 0.00180497 -0.076915 -0.00193982 -0.00181632 0.999996 2.2926
0.999965 0.0082516 0.00130154 -0.032067 -0.00825379 0.999965 0.00168169 -0.0954784 -0.00128761 -0.00169237 0.999998 3.0126
0.999963 0.00815069 0.00257284 -0.0447576 -0.00815432 0.999966 0.00140361 -0.115491 -0.00256131 -0.00142454 0.999996 3.72749
0.999964 0.00795916 0.00310199 -0.041929 -0.00796637 0.999966 0.00231989 -0.136663 -0.00308342 -0.00234452 0.999993 4.435
0.999953 0.00916043 0.00306148 -0.0475432 -0.00917596 0.999945 0.00509919 -0.152226 -0.0030146 -0.00512705 0.999982 5.10925
0.999959 0.00793037 0.0043814 -0.0472881 -0.00796931 0.999928 0.0089418 -0.164802 -0.00431017 -0.00897635 0.99995 5.76292
0.999956 0.00737757 0.00578517 -0.0487427 -0.00745107 0.999891 0.0127883 -0.18021 -0.00569019 -0.0128308 0.999902 6.38463
0.999956 0.00649991 0.00674353 -0.0580985 -0.00659974 0.999867 0.0148879 -0.194612 -0.00664587 -0.0149317 0.999866 7.02133
0.999948 0.00616105 0.00810478 -0.0519379 -0.0062817 0.999869 0.0149465 -0.207238 -0.00801163 -0.0149967 0.999856 7.59224
0.999926 0.0075811 0.00955437 -0.0464924 -0.00770075 0.999892 0.0125493 -0.220619 -0.0094582 -0.0126219 0.999876 8.14655
0.999927 0.00713259 0.00972149 -0.0448595 -0.00722648 0.999927 0.00965661 -0.230093 -0.00965191 -0.00972616 0.999906 8.65775
0.999916 0.00560143 0.011671 -0.0460753 -0.00569459 0.999952 0.00796369 -0.236345 -0.0116259 -0.00802948 0.9999 9.15594
0.999911 0.00183124 0.0131881 -0.0267704 -0.00190983 0.999981 0.00594922 -0.249651 -0.013177 -0.00597388 0.999895 9.61491
0.999889 -0.000438383 0.0148614 -0.0111657 0.000368608 0.999989 0.00469745 -0.265874 -0.0148633 -0.00469146 0.999879 10.0602
0.999845 0.00388182 0.01717 -0.0185646 -0.00393454 0.999988 0.0030383 -0.275196 -0.017158 -0.00310538 0.999848 10.472
0.999776 0.00747204 0.0197888 -0.00361475 -0.00751263 0.99997 0.00197774 -0.286304 -0.0197734 -0.00212596 0.999802 10.8542
0.999701 0.00863314 0.0228663 -0.00648643 -0.00869859 0.999958 0.00276468 -0.291435 -0.0228415 -0.00296275 0.999735 11.2
0.999656 0.0046135 0.0258282 0.011887 -0.00470687 0.999983 0.00355546 -0.303383 -0.0258113 -0.00367581 0.99966 11.5307
0.999595 -0.000610303 0.028434 0.0286622 0.000508992 0.999994 0.00357017 -0.310309 -0.028436 -0.00355425 0.999589 11.8034
0.999523 -0.0039373 0.0306185 0.0361691 0.00378955 0.999981 0.00488215 -0.319499 -0.0306372 -0.0047638 0.999519 12.0626
0.999443 -0.00553449 0.0329044 0.0469668 0.00534799 0.999969 0.00575311 -0.326105 -0.0329352 -0.00557393 0.999442 12.295
0.99937 -0.00396152 0.0352747 0.0661917 0.00378776 0.99998 0.00499156 -0.331748 -0.0352937 -0.0048548 0.999365 12.4934
0.999316 -0.00279465 0.036881 0.0641378 0.00266707 0.99999 0.00350799 -0.338474 -0.0368904 -0.00340723 0.999314 12.6868
0.999242 -0.00106685 0.0389042 0.0813195 0.000961682 0.999996 0.0027218 -0.344855 -0.0389069 -0.00268233 0.999239 12.8506
0.999156 0.0018331 0.0410405 0.070518 -0.00191492 0.999996 0.00195451 -0.352253 -0.0410368 -0.00203145 0.999156 13.0189
0.999119 0.00266445 0.0418813 0.0768222 -0.00269757 0.999996 0.000734372 -0.359665 -0.0418792 -0.000846704 0.999122 13.1754
0.999024 0.00263018 0.0441042 0.0743898 -0.00258877 0.999996 -0.000996013 -0.365671 -0.0441067 0.000880866 0.999027 13.3149
0.99898 0.00127206 0.0451499 0.0887634 -0.00116462 0.999996 -0.00240576 -0.371272 -0.0451528 0.00235072 0.998977 13.4707
0.998928 0.00022234 0.046287 0.0934844 -6.57076e-05 0.999994 -0.00338542 -0.375608 -0.0462874 0.00337875 0.998922 13.6091
0.998862 0.000930264 0.0476963 0.105293 -0.000697621 0.999988 -0.00489404 -0.379846 -0.0477003 0.00485519 0.99885 13.7276
0.998806 0.00154694 0.0488288 0.104012 -0.00120685 0.999975 -0.00699363 -0.383231 -0.0488384 0.00692635 0.998783 13.8636
0.998786 0.0019765 0.0492299 0.117156 -0.00153588 0.999959 -0.00898641 -0.388154 -0.0492456 0.00889989 0.998747 13.9899
0.998742 0.00128568 0.0501357 0.121197 -0.000716624 0.999935 -0.0113667 -0.392078 -0.0501471 0.0113165 0.998678 14.1142
0.998762 4.64798e-06 0.0497408 0.131198 0.000657864 0.999911 -0.0133029 -0.397596 -0.0497364 0.0133192 0.998674 14.2309
0.998887 -0.000186429 0.0471782 0.142738 0.0008724 0.999894 -0.0145199 -0.401989 -0.0471705 0.0145449 0.998781 14.3477
0.999022 -0.000581554 0.0442174 0.144907 0.00126684 0.99988 -0.0154717 -0.404585 -0.0442031 0.0155126 0.998902 14.4747
0.99919 0.000489909 0.0402473 0.149797 0.000176063 0.999863 -0.0165418 -0.41029 -0.0402499 0.0165355 0.999053 14.6026
0.999397 0.000845576 0.0347037 0.13731 -0.000237328 0.999846 -0.0175273 -0.413774 -0.0347132 0.0175085 0.999244 14.7283
0.999609 0.000387379 0.0279434 0.147053 0.000125934 0.999831 -0.0183657 -0.417881 -0.0279458 0.018362 0.999441 14.8407
0.999786 0.000695704 0.0206986 0.13672 -0.000299391 0.999817 -0.0191438 -0.420829 -0.0207081 0.0191335 0.999603 14.9754
0.99992 0.000363985 0.0126796 0.130124 -0.00010979 0.999799 -0.0200425 -0.422223 -0.0126844 0.0200395 0.999719 15.1066
0.999997 -0.000343447 0.00236684 0.118062 0.000394418 0.999767 -0.0215687 -0.426668 -0.00235888 0.0215696 0.999765 15.2501
0.999942 -0.00202292 -0.010613 0.11083 0.00177805 0.999733 -0.0230314 -0.430269 0.0106568 0.0230111 0.999678 15.3953
0.999641 -0.00277126 -0.0266404 0.0889669 0.00210726 0.999687 -0.0249204 -0.43644 0.0267012 0.0248553 0.999335 15.5491
0.998923 -0.00200149 -0.046362 0.0693549 0.000802133 0.999665 -0.0258737 -0.441483 0.0463983 0.0258086 0.99859 15.7167
0.997696 -0.00114412 -0.0678393 0.0382187 -0.000587355 0.999675 -0.0254977 -0.446548 0.0678464 0.0254788 0.99737 15.9055
0.995777 -0.000939593 -0.0917955 -0.00741565 -0.00128533 0.999707 -0.0241757 -0.452899 0.0917913 0.0241917 0.995484 16.1029
0.992966 0.000311374 -0.1184 -0.0611551 -0.00300365 0.999741 -0.0225611 -0.462424 0.118362 0.0227581 0.99271 16.3392
0.98896 0.00126984 -0.148177 -0.134163 -0.00436647 0.999779 -0.0205747 -0.46812 0.148118 0.0209946 0.988747 16.5655
0.983399 0.00193267 -0.181446 -0.20765 -0.0050982 0.999843 -0.0169814 -0.477502 0.181384 0.0176245 0.983254 16.8155
0.975881 0.00297812 -0.218284 -0.295341 -0.00594657 0.999899 -0.0129434 -0.483246 0.218223 0.0139292 0.9758 17.0861
0.966226 0.00443935 -0.257657 -0.415738 -0.00659292 0.99995 -0.00749495 -0.492025 0.257611 0.00894053 0.966207 17.3343
0.954176 0.0088554 -0.299114 -0.548507 -0.0100835 0.999946 -0.00256253 -0.49264 0.299075 0.00546122 0.954214 17.6178
0.939956 0.0128206 -0.341054 -0.696772 -0.0128826 0.999915 0.00208284 -0.497522 0.341052 0.00243589 0.940041 17.9004
0.923137 0.0153208 -0.384166 -0.856554 -0.0134938 0.999881 0.00745081 -0.498713 0.384234 -0.00169425 0.923234 18.1785
0.904 0.0190581 -0.427108 -1.0548 -0.0139452 0.999789 0.0150958 -0.504859 0.427305 -0.00769052 0.904075 18.4803
0.88187 0.023553 -0.470904 -1.25548 -0.0149298 0.999646 0.0220397 -0.506888 0.471256 -0.0124056 0.881909 18.7684
0.857205 0.028489 -0.514187 -1.47853 -0.0170848 0.999492 0.0268957 -0.50711 0.514692 -0.0142703 0.857256 19.0472
0.829098 0.032576 -0.558153 -1.72677 -0.018846 0.999362 0.0303323 -0.506434 0.558785 -0.0146295 0.829183 19.3366
0.798855 0.0359685 -0.600448 -2.00183 -0.0211055 0.999272 0.0317798 -0.494323 0.601154 -0.0127147 0.799032 19.5986
0.764868 0.0393828 -0.642983 -2.2921 -0.0222742 0.99915 0.0347016 -0.490095 0.643802 -0.0122202 0.765094 19.883
0.727932 0.0434838 -0.684269 -2.61445 -0.0235625 0.998984 0.0384173 -0.473168 0.685245 -0.0118421 0.728217 20.1464
0.689691 0.0447903 -0.722718 -2.94399 -0.021209 0.998906 0.0416673 -0.459355 0.723794 -0.0134094 0.689886 20.389
0.648274 0.045309 -0.760058 -3.3156 -0.0190224 0.99888 0.0433211 -0.448364 0.761169 -0.0136258 0.64841 20.6624
0.605781 0.044651 -0.794378 -3.69832 -0.0141946 0.998872 0.0453208 -0.434804 0.795505 -0.0161786 0.605731 20.9162
0.561838 0.044963 -0.826025 -4.11114 -0.00907715 0.998797 0.0481935 -0.425581 0.827198 -0.019579 0.56157 21.1383
0.514992 0.0465204 -0.855932 -4.56519 -0.0075134 0.998733 0.0497611 -0.401818 0.857162 -0.0191956 0.514688 21.3498
0.466095 0.0461091 -0.883532 -5.02653 -0.00576179 0.998778 0.049084 -0.375963 0.884716 -0.0177871 0.465792 21.5375
0.413513 0.0458678 -0.909342 -5.50932 -0.00154024 0.998764 0.0496779 -0.357629 0.910497 -0.0191419 0.413073 21.73
0.36102 0.0448964 -0.931477 -6.03592 0.00443087 0.998747 0.0498561 -0.336904 0.932548 -0.0221263 0.360368 21.8702
0.304624 0.0453313 -0.951393 -6.53805 0.00666228 0.998741 0.0497204 -0.324415 0.952449 -0.0214845 0.303939 22.0123
0.249546 0.0500589 -0.967068 -7.11188 0.00703788 0.998543 0.0535042 -0.282376 0.968337 -0.0201579 0.24883 22.1164
0.193564 0.0555248 -0.979515 -7.69268 0.0106417 0.99822 0.058688 -0.254864 0.98103 -0.0217836 0.192629 22.1993
0.143466 0.0582469 -0.98794 -8.26562 0.0162208 0.997994 0.0611952 -0.236829 0.989522 -0.0248046 0.142233 22.2618
0.100432 0.0589722 -0.993195 -8.93124 0.0183632 0.997962 0.0611121 -0.211873 0.994775 -0.0243758 0.099144 22.2997
0.0600304 0.0581359 -0.996502 -9.55173 0.0188573 0.998058 0.0593626 -0.1845 0.998018 -0.0223549 0.0588176 22.2746
0.0208445 0.054461 -0.998298 -10.2285 0.0151972 0.998383 0.0547829 -0.150834 0.999667 -0.0163133 0.0199832 22.2753
-0.00497238 0.0539572 -0.998531 -10.8854 0.0127268 0.998466 0.0538904 -0.110708 0.999907 -0.0124402 -0.00565145 22.2317
-0.027618 0.0579761 -0.997936 -11.5944 0.0115112 0.998269 0.0576768 -0.0793418 0.999552 -0.00989451 -0.0282376 22.212
-0.043311 0.0637879 -0.997023 -12.3448 0.0128811 0.997912 0.0632853 -0.0385179 0.998979 -0.0101018 -0.0440422 22.1612
-0.0462206 0.0668223 -0.996694 -13.0765 0.0137125 0.997709 0.0662544 -0.0054452 0.998837 -0.0106049 -0.047031 22.1268
-0.0477084 0.0641556 -0.996799 -13.8505 0.0129529 0.997891 0.0636059 0.0297584 0.998777 -0.0098769 -0.0484388 22.0914
-0.0469084 0.0598355 -0.997105 -14.6207 0.0195434 0.998068 0.0589738 0.0778999 0.998708 -0.0167205 -0.0479871 22.0627
-0.0473899 0.0596361 -0.997095 -15.4285 0.0308052 0.997829 0.0582159 0.10065 0.998401 -0.0279569 -0.0491241 22.0742
-0.0402782 0.0592436 -0.997431 -16.2445 0.0329587 0.997776 0.0579331 0.145157 0.998645 -0.0305406 -0.0421412 22.0312
-0.0337674 0.0560701 -0.997856 -17.1138 0.0305482 0.998016 0.0550454 0.193436 0.998963 -0.028624 -0.0354132 21.9975
-0.026125 0.0510318 -0.998355 -17.9534 0.0344624 0.998149 0.0501195 0.214497 0.999064 -0.0330964 -0.0278353 22.0021
-0.0208073 0.0405079 -0.998963 -18.8326 0.0303476 0.998744 0.039867 0.237004 0.999323 -0.0294866 -0.0220105 21.9847
-0.016266 0.0318925 -0.999359 -19.7174 0.0228097 0.999243 0.0315175 0.268148 0.999608 -0.0222824 -0.0169811 21.9398
-0.0110804 0.0293886 -0.999507 -20.6332 0.0164556 0.999438 0.0292042 0.287403 0.999803 -0.0161239 -0.0115578 21.9078
-0.0157529 0.0342757 -0.999288 -21.5936 0.00704648 0.999391 0.0341682 0.309267 0.999851 -0.00650322 -0.0159848 21.8811
-0.0217839 0.0421662 -0.998873 -22.549 0.00286301 0.999109 0.0421137 0.343148 0.999759 -0.00194239 -0.0218852 21.8481
-0.0236281 0.0520258 -0.998366 -23.549 0.000599995 0.998646 0.0520262 0.369346 0.999721 0.000630262 -0.0236273 21.8118
-0.0236573 0.06174 -0.997812 -24.5687 -0.000701747 0.99809 0.0617738 0.420506 0.99972 0.00216161 -0.0235688 21.7715
-0.0224119 0.0697405 -0.997313 -25.566 0.00174236 0.997565 0.0697189 0.463773 0.999747 -0.000175144 -0.0224789 21.7508
-0.0259019 0.0720398 -0.997065 -26.6074 0.00288109 0.997401 0.0719892 0.508856 0.99966 -0.00100798 -0.0260421 21.7376
-0.0234744 0.0682888 -0.997389 -27.6286 0.00136523 0.997666 0.0682756 0.568095 0.999724 0.000241058 -0.0235129 21.7027
-0.0270628 0.0638364 -0.997593 -28.6648 -0.00632101 0.997928 0.0640293 0.613708 0.999614 0.0080386 -0.0266032 21.6332
-0.0291496 0.0581886 -0.99788 -29.6922 -0.00907481 0.998248 0.0584751 0.649969 0.999534 0.0107601 -0.0285705 21.571
-0.0360336 0.0539486 -0.997893 -30.7112 -0.00695592 0.998504 0.0542328 0.691226 0.999326 0.00889547 -0.0356044 21.5443
-0.0423158 0.0513585 -0.997783 -31.7713 -0.0110061 0.998593 0.051867 0.731143 0.999044 0.0131765 -0.041691 21.4806
-0.0535633 0.0542738 -0.997088 -32.8085 -0.00822961 0.998464 0.0547908 0.768115 0.998531 0.0111404 -0.0530344 21.4404
-0.0591895 0.0587275 -0.996518 -33.8731 -0.0108657 0.998171 0.0594703 0.805647 0.998188 0.0143479 -0.0584432 21.3496
-0.0614407 0.0617252 -0.9962 -34.9569 -0.0125683 0.997959 0.0626093 0.853389 0.998032 0.0163673 -0.0605395 21.2742
-0.065341 0.063872 -0.995817 -36.0035 -0.0169542 0.997734 0.0651075 0.89814 0.997719 0.0211375 -0.06411 21.1865
-0.0774814 0.0656636 -0.994829 -37.0908 -0.0198492 0.997529 0.0673878 0.945101 0.996796 0.0249679 -0.0759866 21.1021
-0.0792766 0.0666307 -0.994623 -38.1484 -0.0241501 0.997342 0.0687378 1.00002 0.99656 0.0294696 -0.0774568 21.0017
-0.0829571 0.0666777 -0.99432 -39.256 -0.0249522 0.997307 0.0689598 1.0484 0.996241 0.0305312 -0.0810699 20.9148
-0.0826201 0.0663583 -0.994369 -40.3233 -0.0254998 0.997313 0.0686735 1.10004 0.996255 0.0310301 -0.080706 20.8088
-0.0816381 0.0656084 -0.9945 -41.3978 -0.0278206 0.997292 0.0680764 1.14911 0.996274 0.0332253 -0.0795917 20.7279
-0.0828 0.0650673 -0.99444 -42.4739 -0.0286451 0.997299 0.0676394 1.20085 0.996154 0.0340864 -0.0807124 20.6203
-0.0799336 0.0628074 -0.99482 -43.5889 -0.0335529 0.997278 0.0656585 1.2488 0.996235 0.0386274 -0.0776087 20.5113
-0.0785221 0.0579683 -0.995226 -44.6374 -0.0396377 0.997337 0.0612186 1.2958 0.996124 0.0442554 -0.0760153 20.4074
-0.0776025 0.0571685 -0.995344 -45.7819 -0.0428161 0.997243 0.0606157 1.34832 0.996065 0.0473207 -0.0749408 20.3151
-0.0795621 0.0607833 -0.994975 -46.855 -0.0417582 0.99706 0.0642498 1.39595 0.995955 0.0466602 -0.07679 20.2103
-0.0796838 0.0643899 -0.994738 -48.001 -0.0400117 0.996901 0.067735 1.44968 0.996017 0.0451986 -0.0768605 20.1105
-0.0759666 0.0647199 -0.995008 -49.0682 -0.0396182 0.996907 0.0678682 1.49544 0.996323 0.0445761 -0.0731676 20.0179
-0.0715557 0.0638297 -0.995392 -50.2113 -0.0401155 0.996959 0.0668139 1.54971 0.99663 0.0447115 -0.0687776 19.9266
-0.067312 0.064622 -0.995637 -51.3134 -0.0425248 0.996808 0.067573 1.60027 0.996825 0.0468877 -0.064349 19.8473
-0.0620152 0.0647923 -0.99597 -52.4382 -0.04861 0.99651 0.0678542 1.65709 0.996891 0.0526221 -0.0586492 19.7586
-0.059906 0.0651041 -0.996079 -53.546 -0.0512048 0.996357 0.0682019 1.70972 0.99689 0.0550897 -0.0563541 19.6821
-0.0559703 0.0637074 -0.996398 -54.6764 -0.053876 0.996316 0.0667285 1.76303 0.996978 0.0574168 -0.0523317 19.6091
-0.0524839 0.0630678 -0.996628 -55.8115 -0.0529049 0.996427 0.065841 1.8124 0.997219 0.0561821 -0.0489597 19.5211
-0.0428774 0.063347 -0.99707 -56.9352 -0.0513224 0.996531 0.0655198 1.86304 0.997761 0.0539814 -0.0394775 19.4588
-0.0366649 0.0642406 -0.997261 -58.0439 -0.0505227 0.996536 0.0660515 1.91394 0.99805 0.0528061 -0.0332922 19.4049
-0.0346987 0.0652619 -0.997265 -59.1909 -0.0487363 0.996568 0.066912 1.96008 0.998209 0.0509247 -0.031399 19.359
-0.0281678 0.0661186 -0.997414 -60.3326 -0.0502189 0.996457 0.0674733 2.0198 0.998341 0.0519897 -0.0247475 19.3237
-0.0212347 0.0657172 -0.997612 -61.4767 -0.0489446 0.996573 0.0666905 2.06967 0.998576 0.0502439 -0.0179454 19.2795
-0.0167034 0.0619784 -0.997938 -62.634 -0.050042 0.996774 0.0627437 2.12204 0.998607 0.0509868 -0.013548 19.2527
-0.0132294 0.0567369 -0.998302 -63.7614 -0.0500263 0.997101 0.0573316 2.16002 0.99866 0.0506998 -0.0103527 19.2355
-0.00999999 0.0558377 -0.99839 -64.9052 -0.0513583 0.997093 0.0562796 2.20634 0.99863 0.0518384 -0.00710319 19.2132
-0.00609009 0.0579185 -0.998303 -66.0727 -0.0485528 0.997127 0.0581465 2.25551 0.998802 0.0488245 -0.00326048 19.2009
-0.00321193 0.0581874 -0.998301 -67.2371 -0.0492854 0.997083 0.058275 2.29369 0.99878 0.0493888 -0.000334772 19.2024
-0.00167666 0.0581399 -0.998307 -68.3686 -0.0505142 0.997029 0.0581503 2.34244 0.998722 0.0505262 0.00126521 19.1749
-0.000837755 0.0591829 -0.998247 -69.5653 -0.0517429 0.996907 0.0591469 2.38563 0.99866 0.0517018 0.00222713 19.1757
0.000354378 0.0586175 -0.99828 -70.7317 -0.0521226 0.996925 0.0585193 2.42674 0.998641 0.0520122 0.00340858 19.1707
0.00159084 0.0568741 -0.99838 -71.8959 -0.0533994 0.996962 0.0567082 2.47269 0.998572 0.0532227 0.00462305 19.1642
0.00115693 0.0556615 -0.998449 -73.072 -0.051201 0.997143 0.0555294 2.51594 0.998688 0.0510573 0.00400355 19.1478
-0.0022421 0.0555185 -0.998455 -74.2796 -0.0483059 0.997286 0.0555619 2.55523 0.99883 0.0483559 0.000445854 19.1468
-0.0042319 0.0561617 -0.998413 -75.4481 -0.0452401 0.997389 0.0562958 2.59739 0.998967 0.0454065 -0.00168009 19.1487
0.00233015 0.058978 -0.998257 -76.6239 -0.0458244 0.997217 0.0588096 2.63662 0.998947 0.0456075 0.00502629 19.1173
-0.000524598 0.06225 -0.99806 -77.859 -0.0469677 0.996958 0.0622059 2.68684 0.998896 0.0469092 0.00240074 19.1231
-0.00398285 0.0621294 -0.99806 -79.0356 -0.0494287 0.996836 0.0622504 2.73141 0.99877 0.0495807 -0.000899274 19.1115
-0.00125016 0.0602733 -0.998181 -80.2266 -0.0509843 0.99688 0.0602586 2.77742 0.998699 0.0509669 0.00182673 19.0954
0.000882207 0.0580389 -0.998314 -81.3985 -0.0510483 0.997015 0.0579183 2.82151 0.998696 0.0509111 0.00384236 19.0842
0.00329108 0.0573536 -0.998349 -82.5623 -0.0490157 0.997163 0.0571239 2.85903 0.998793 0.0487468 0.00609297 19.0681
0.00342778 0.0588396 -0.998262 -83.7473 -0.0472498 0.997162 0.0586126 2.90102 0.998877 0.0469667 0.00619821 19.0734
0.00234044 0.0616045 -0.998098 -84.9047 -0.0466513 0.997021 0.0614286 2.94186 0.998909 0.0464188 0.0052074 19.0521
0.00175121 0.0642065 -0.997935 -86.0987 -0.0472411 0.996828 0.0640524 2.98935 0.998882 0.0470314 0.00477884 19.065
0.00180408 0.0643796 -0.997924 -87.2638 -0.0475216 0.996804 0.0642214 3.04048 0.998869 0.0473071 0.00485774 19.0515
5.36912e-05 0.0620998 -0.99807 -88.4263 -0.0474876 0.996944 0.0620272 3.0835 0.998872 0.0473927 0.0030025 19.0516
-0.00155535 0.0606365 -0.998159 -89.5801 -0.0471177 0.997047 0.0606424 3.12522 0.998888 0.0471253 0.0013063 19.0328
-0.000554601 0.0616516 -0.998098 -90.7522 -0.0445287 0.997106 0.0616151 3.17157 0.999008 0.0444782 0.00219227 19.0147
0.00254777 0.0645003 -0.997914 -91.8732 -0.0413878 0.997069 0.06434 3.22029 0.99914 0.0411376 0.00520983 19.0138
0.00544107 0.0668273 -0.99775 -93.0677 -0.0412973 0.996928 0.0665471 3.26312 0.999132 0.0408423 0.00818415 19.0029
0.00497213 0.0686802 -0.997626 -94.1871 -0.0404137 0.996837 0.0684244 3.31812 0.999171 0.0399776 0.00773203 19.0197
0.00704408 0.0701948 -0.997508 -95.3761 -0.0430045 0.996632 0.0698294 3.37198 0.99905 0.0424055 0.010039 19.0097
0.0055319 0.0692773 -0.997582 -96.4932 -0.0447969 0.996613 0.0689616 3.42487 0.998981 0.0443071 0.00861657 19.0026
0.00465579 0.0658096 -0.997821 -97.658 -0.0486661 0.996665 0.0655062 3.47188 0.998804 0.0482551 0.00784295 18.9906
0.00536464 0.0634325 -0.997972 -98.7961 -0.0499682 0.996756 0.0630867 3.52277 0.998736 0.0495284 0.00851684 18.9801
0.00457807 0.0628248 -0.998014 -99.9575 -0.0501071 0.996785 0.0625176 3.56974 0.998733 0.0497214 0.00771133 18.9754
0.00524657 0.0626505 -0.998022 -101.08 -0.0485933 0.996872 0.0623229 3.61273 0.998805 0.0481702 0.00827456 18.9735
0.00500212 0.0649359 -0.997877 -102.239 -0.0488325 0.996715 0.0646155 3.66409 0.998794 0.0484056 0.00815667 18.9561
0.00598556 0.0671991 -0.997722 -103.403 -0.0467807 0.996666 0.0668474 3.71204 0.998887 0.046274 0.00910922 18.9481
0.00419237 0.0663497 -0.997788 -104.589 -0.05155 0.996484 0.0660464 3.76797 0.998662 0.051159 0.00759796 18.9526
0.000639602 0.0669342 -0.997757 -105.743 -0.055099 0.996244 0.0667974 3.82376 0.998481 0.0549327 0.00432521 18.9397
-0.00118863 0.0662573 -0.997802 -106.909 -0.0575441 0.996145 0.0662158 3.88279 0.998342 0.0574963 0.00262867 18.9239
-0.00166942 0.0628333 -0.998023 -108.111 -0.0583869 0.996315 0.0628235 3.93046 0.998293 0.0583763 0.00200537 18.9091
-0.00168275 0.0580488 -0.998312 -109.292 -0.0602097 0.996497 0.0580447 3.9805 0.998184 0.0602057 0.00181825 18.8882
-0.00361825 0.056565 -0.998392 -110.43 -0.0557714 0.996834 0.0566788 4.02882 0.998437 0.0558869 -0.000452078 18.8852
-0.00379711 0.0562485 -0.99841 -111.651 -0.0509499 0.997109 0.056369 4.07335 0.998694 0.0510829 -0.000920282 18.8807
-0.00264257 0.0584689 -0.998286 -112.828 -0.0505956 0.997003 0.0585277 4.11646 0.998716 0.0506635 0.00032362 18.8569
-0.00533629 0.0616978 -0.998081 -114.075 -0.0496077 0.99685 0.0618869 4.16946 0.998755 0.0498427 -0.00225879 18.8463
-0.00920403 0.0627773 -0.997985 -115.278 -0.0475089 0.996873 0.0631455 4.22041 0.998828 0.0479944 -0.00619276 18.8437
-0.0106042 0.0579527 -0.998263 -116.492 -0.0489164 0.997094 0.0584044 4.2684 0.998747 0.0494507 -0.00773857 18.8156
-0.00766686 0.054875 -0.998464 -117.741 -0.0494611 0.99725 0.0551881 4.32186 0.998747 0.0498083 -0.00493159 18.7754
-0.00897107 0.0531702 -0.998545 -118.939 -0.048642 0.99738 0.0535452 4.36301 0.998776 0.0490516 -0.00636126 18.7642
-0.0116792 0.054003 -0.998472 -120.221 -0.0499468 0.997263 0.0545218 4.40855 0.998684 0.0505073 -0.00894996 18.742
-0.0106797 0.058457 -0.998233 -121.461 -0.054324 0.996782 0.0589533 4.45889 0.998466 0.0548576 -0.00746974 18.7074
-0.011418 0.062019 -0.99801 -122.717 -0.0597599 0.996248 0.0625933 4.51031 0.998147 0.0603556 -0.00766888 18.6779
-0.0125504 0.0617882 -0.99801 -123.975 -0.0665601 0.995824 0.0624898 4.56462 0.997704 0.0672119 -0.00838535 18.6404
-0.0111784 0.0592236 -0.998182 -125.237 -0.0703642 0.995723 0.0598657 4.61636 0.997459 0.0709055 -0.00696339 18.6083
-0.0120945 0.057868 -0.998251 -126.476 -0.0724548 0.995649 0.0585951 4.66254 0.997298 0.0730367 -0.00784908 18.5722
-0.0117645 0.0575437 -0.998274 -127.772 -0.0725406 0.995663 0.0582481 4.71126 0.997296 0.0731006 -0.00753924 18.5469
-0.0106801 0.056827 -0.998327 -128.975 -0.0708814 0.995829 0.0574431 4.74908 0.997428 0.0713763 -0.0066076 18.5117
-0.0117231 0.0568314 -0.998315 -130.248 -0.0710291 0.995814 0.0575231 4.79602 0.997405 0.0715838 -0.00763736 18.5077
-0.0137771 0.0610299 -0.998041 -131.518 -0.0706558 0.995581 0.0618548 4.84476 0.997406 0.0713696 -0.00940411 18.483
-0.014795 0.0656188 -0.997735 -132.762 -0.0684198 0.995439 0.0664824 4.89603 0.997547 0.0692484 -0.0102379 18.4576
-0.0126234 0.064926 -0.99781 -134.042 -0.069404 0.995426 0.0656489 4.95187 0.997509 0.0700807 -0.00805954 18.4291
-0.0139347 0.0630414 -0.997914 -135.281 -0.070355 0.995475 0.0638698 5.00746 0.997425 0.0710983 -0.00943635 18.4144
-0.0111625 0.0625415 -0.99798 -136.507 -0.0679408 0.995688 0.0631579 5.05615 0.997627 0.0685086 -0.00686521 18.387
-0.00721753 0.0616958 -0.998069 -137.771 -0.0694437 0.995654 0.0620487 5.10694 0.99756 0.0697574 -0.00290178 18.3735
-0.00852394 0.063694 -0.997933 -138.982 -0.068879 0.995562 0.064131 5.15272 0.997589 0.0692832 -0.00409893 18.3577
-0.0057308 0.0675823 -0.997697 -140.251 -0.0691163 0.995301 0.067817 5.20666 0.997592 0.0693458 -0.00103282 18.337
-0.00280327 0.0686293 -0.997638 -141.508 -0.0708884 0.995119 0.0686552 5.26006 0.99748 0.0709134 0.00207544 18.3203
-0.00506046 0.0663378 -0.997784 -142.724 -0.0736651 0.995061 0.0665303 5.31844 0.99727 0.0738385 -0.000148696 18.2991
-0.00242152 0.0631071 -0.998004 -143.978 -0.0728346 0.995345 0.0631157 5.37249 0.997341 0.072842 0.00218614 18.2893
-0.0023244 0.061938 -0.998077 -145.229 -0.0702752 0.995602 0.061948 5.42033 0.997525 0.070284 0.00203852 18.2654
-0.0017147 0.0610862 -0.998131 -146.43 -0.0684683 0.995783 0.0610602 5.46614 0.997652 0.068445 0.002475 18.2565
-0.00339354 0.0610331 -0.99813 -147.677 -0.0657983 0.995959 0.0611241 5.51682 0.997827 0.0658827 0.000636048 18.2584
-0.00172291 0.0602022 -0.998185 -148.891 -0.0634229 0.99617 0.0601902 5.55413 0.997985 0.0634115 0.00210189 18.2451
-0.00408478 0.0600406 -0.998188 -150.133 -0.062056 0.996257 0.0601784 5.60421 0.998064 0.0621893 -0.000343612 18.233
-0.00267841 0.0619537 -0.998075 -151.37 -0.0607117 0.996228 0.0620019 5.653 0.998152 0.0607609 0.001093 18.2199
-0.00078668 0.0640346 -0.997947 -152.615 -0.057009 0.996322 0.0639752 5.70258 0.998373 0.0569423 0.00286676 18.219
-0.001285 0.062811 -0.998025 -153.857 -0.0559611 0.996457 0.0627844 5.75216 0.998432 0.0559312 0.00223453 18.2141
-0.00194144 0.06227 -0.998057 -155.072 -0.0564987 0.996458 0.0622801 5.80293 0.998401 0.0565099 0.00158361 18.207
-0.0017107 0.0669726 -0.997753 -156.285 -0.0581292 0.996061 0.0669586 5.85144 0.998308 0.0581132 0.0021891 18.1931
0.000210213 0.0729476 -0.997336 -157.544 -0.0599609 0.995542 0.0728038 5.91058 0.998201 0.0597858 0.00458328 18.1851
-0.000262278 0.0733821 -0.997304 -158.76 -0.0659166 0.995134 0.0732397 5.96896 0.997825 0.0657581 0.00457609 18.1705
0.00347868 0.0695872 -0.99757 -159.978 -0.0689657 0.995217 0.0691826 6.03167 0.997613 0.0685574 0.00826117 18.1614
0.00566171 0.0648813 -0.997877 -161.193 -0.0727874 0.995273 0.064299 6.08323 0.997331 0.0722688 0.0103575 18.1513
0.00483608 0.0624949 -0.998034 -162.395 -0.0740189 0.99533 0.0619669 6.13759 0.997245 0.0735736 0.00943929 18.1639
0.00344125 0.0591848 -0.998241 -163.639 -0.0690108 0.995881 0.058807 6.18107 0.99761 0.0686871 0.00751147 18.1556
0.00481974 0.0547968 -0.998486 -164.846 -0.0660369 0.996335 0.0543601 6.22622 0.997806 0.0656749 0.00842069 18.1627
0.00493121 0.0521361 -0.998628 -166.049 -0.0600199 0.996855 0.0517471 6.26011 0.998185 0.0596823 0.0080449 18.1623
0.00883991 0.0542846 -0.998486 -167.259 -0.0577907 0.996884 0.0536859 6.30027 0.99829 0.0572286 0.0119495 18.1532
0.00959697 0.0601876 -0.998141 -168.471 -0.0563101 0.996635 0.0595555 6.34428 0.998367 0.0556339 0.0129539 18.1585
0.0130928 0.0631737 -0.997917 -169.715 -0.0568366 0.996436 0.0623343 6.3892 0.998298 0.0559021 0.0166367 18.1539
0.0125874 0.0606968 -0.998077 -170.928 -0.060613 0.996367 0.0598283 6.43511 0.998082 0.0597434 0.0162206 18.163
0.0159976 0.0602372 -0.998056 -172.111 -0.061884 0.99633 0.0591411 6.48368 0.997955 0.0608176 0.0196666 18.1654
0.0186059 0.0606741 -0.997984 -173.356 -0.059854 0.996434 0.059464 6.53156 0.998034 0.0586269 0.0221711 18.1798
0.0223644 0.059337 -0.997987 -174.577 -0.0603103 0.996499 0.057897 6.57118 0.997929 0.0588941 0.0258647 18.1917
0.0254334 0.0581669 -0.997983 -175.751 -0.0618426 0.996485 0.0565036 6.60927 0.997762 0.0602808 0.0289412 18.2108
0.0226965 0.0594509 -0.997973 -176.921 -0.0616999 0.996411 0.0579546 6.64645 0.997837 0.0602595 0.0262831 18.2313
0.0247162 0.0609912 -0.997832 -177.998 -0.0624705 0.996281 0.059349 6.67726 0.997741 0.0608682 0.0284344 18.2476
0.0187854 0.0620157 -0.997898 -179.144 -0.0632103 0.996152 0.0607172 6.70817 0.997823 0.0619368 0.0226331 18.268
0.0190193 0.063497 -0.997801 -180.199 -0.0636657 0.996033 0.062171 6.74302 0.99779 0.0623432 0.0229864 18.2681
0.0218537 0.0641443 -0.997701 -181.191 -0.0622938 0.996088 0.0626761 6.77095 0.997819 0.060781 0.025764 18.2609
0.0225244 0.0635544 -0.997724 -182.235 -0.0633502 0.996063 0.0620184 6.80311 0.997737 0.0618091 0.0264619 18.288
0.0260682 0.0634893 -0.997642 -183.185 -0.0645733 0.996004 0.0616978 6.83221 0.997572 0.0628127 0.0300638 18.2966
0.0281664 0.0637784 -0.997567 -184.154 -0.0646653 0.995988 0.0618517 6.86483 0.99751 0.0627658 0.0321776 18.315
0.0246571 0.0621948 -0.997759 -185.097 -0.0635594 0.996141 0.0605232 6.89253 0.997673 0.0619247 0.028515 18.3405
0.024547 0.0595716 -0.997922 -186.02 -0.0616781 0.996412 0.0579642 6.91616 0.997794 0.0601271 0.0281332 18.3438
0.0211197 0.0559462 -0.99821 -186.971 -0.0614285 0.996619 0.0545574 6.94492 0.997888 0.0601663 0.024485 18.3556
0.0179061 0.0532397 -0.998421 -187.887 -0.063828 0.996605 0.0519981 6.97349 0.9978 0.0627961 0.0212435 18.3605
0.013649 0.0520077 -0.998553 -188.772 -0.0655456 0.996545 0.0510071 7.00056 0.997756 0.0647545 0.0170107 18.3517
0.0107128 0.0527686 -0.998549 -189.734 -0.0679737 0.996335 0.0519224 7.03128 0.99763 0.0673188 0.0142604 18.3594
0.00884745 0.0540656 -0.998498 -190.624 -0.0668051 0.996338 0.0533567 7.05795 0.997727 0.0662327 0.0124269 18.354
0.00658357 0.0557246 -0.998424 -191.556 -0.0640809 0.996417 0.0551901 7.08298 0.997923 0.0636166 0.0101309 18.3516
0.00396648 0.056101 -0.998417 -192.484 -0.0619812 0.996519 0.0557481 7.11213 0.998069 0.061662 0.00742989 18.3623
0.00133938 0.0553262 -0.998467 -193.384 -0.0622119 0.996539 0.0551359 7.13521 0.998062 0.0620427 0.00477669 18.3643
0.00254598 0.0540384 -0.998536 -194.277 -0.0644179 0.996474 0.0537625 7.1654 0.99792 0.0641867 0.00601804 18.3493
0.00804113 0.052995 -0.998562 -195.183 -0.0675943 0.996339 0.0523327 7.19648 0.997681 0.0670763 0.0115939 18.3372
0.0158388 0.0510003 -0.998573 -196.091 -0.0697631 0.996321 0.0497787 7.2228 0.997438 0.0688751 0.0193384 18.3493
0.026191 0.0488588 -0.998462 -196.989 -0.071014 0.996372 0.0468938 7.2462 0.997131 0.0696766 0.0295657 18.3482
0.0371268 0.0465512 -0.998226 -197.851 -0.0710572 0.996509 0.0438283 7.26939 0.996781 0.0693039 0.040305 18.3769
0.0196404 0.0458114 -0.998757 -198.806 -0.0701581 0.99655 0.0443305 7.29561 0.997343 0.0692003 0.0227867 18.4033
0.0134923 0.0482116 -0.998746 -199.757 -0.0674283 0.996607 0.0471975 7.32266 0.997633 0.0667069 0.0166973 18.4042
0.00950842 0.0491678 -0.998745 -200.687 -0.0655244 0.996674 0.048442 7.34657 0.997806 0.0649816 0.0126985 18.4063
0.00735034 0.0457906 -0.998924 -201.634 -0.0607595 0.997126 0.0452611 7.36712 0.998125 0.0603614 0.0101114 18.431
0.00472922 0.0421541 -0.9991 -202.561 -0.060644 0.997284 0.0417904 7.39097 0.998148 0.0603917 0.00727277 18.4261
0.00752628 0.043348 -0.999032 -203.511 -0.0641358 0.997024 0.0427777 7.41928 0.997913 0.0637517 0.010284 18.4306
-0.0023127 0.0459913 -0.998939 -204.501 -0.0636425 0.99691 0.0460452 7.45088 0.99797 0.0636815 0.000621447 18.4439
0.000159192 0.0463464 -0.998925 -205.451 -0.0620892 0.996999 0.0462471 7.4712 0.998071 0.0620151 0.00303632 18.4243
0.00173014 0.047391 -0.998875 -206.433 -0.0620699 0.996956 0.0471924 7.5021 0.99807 0.0619185 0.00466643 18.4262
0.00326219 0.0516198 -0.998662 -207.411 -0.0614856 0.996788 0.0513221 7.53642 0.998103 0.0612359 0.00642559 18.4363
0.00511284 0.0557564 -0.998431 -208.424 -0.0586717 0.996741 0.0553615 7.56857 0.998264 0.0582966 0.0083675 18.418
0.00638846 0.0570065 -0.998353 -209.425 -0.058571 0.996681 0.0565362 7.60134 0.998263 0.0581134 0.00970619 18.4316
0.00874867 0.0576911 -0.998296 -210.408 -0.0610616 0.996502 0.0570523 7.63966 0.998096 0.0604585 0.0122408 18.431
0.0114911 0.0590489 -0.998189 -211.433 -0.0630855 0.996309 0.0582115 7.68394 0.997942 0.0623023 0.0151739 18.4297
0.0150618 0.0594888 -0.998115 -212.439 -0.0641653 0.996229 0.0584081 7.71947 0.997826 0.0631646 0.0188222 18.4481
0.0174016 0.0571203 -0.998216 -213.483 -0.0672582 0.996172 0.0558309 7.76158 0.997584 0.0661666 0.0211768 18.4555
0.019811 0.0542282 -0.998332 -214.523 -0.0684549 0.996258 0.0527572 7.79632 0.997458 0.0672956 0.0234491 18.4804
0.0219373 0.0532809 -0.998339 -215.514 -0.0675907 0.996373 0.0516907 7.82995 0.997472 0.0663444 0.025459 18.5
0.0235351 0.0556376 -0.998174 -216.592 -0.0669931 0.996294 0.0539533 7.86807 0.997476 0.065601 0.0271752 18.5089
0.0253443 0.0585354 -0.997964 -217.633 -0.0679394 0.996077 0.0566994 7.91056 0.997368 0.066364 0.0292217 18.5172
0.0269718 0.05852 -0.997922 -218.705 -0.0676798 0.996101 0.056584 7.9482 0.997343 0.066013 0.0308273 18.5302
0.0280619 0.0560131 -0.998036 -219.781 -0.0667685 0.996304 0.0540386 7.98779 0.997374 0.0651209 0.0316981 18.5547
0.0293622 0.0532182 -0.998151 -220.839 -0.064873 0.996578 0.051226 8.02119 0.997461 0.063249 0.0327141 18.5669
0.0286475 0.0519185 -0.99824 -221.924 -0.0612459 0.996865 0.0500894 8.05532 0.997712 0.0597032 0.0317375 18.6036
0.0287632 0.0511854 -0.998275 -223.01 -0.0623321 0.996836 0.0493157 8.0926 0.997641 0.0608061 0.0318627 18.6165
0.0295068 0.0512681 -0.998249 -224.124 -0.0616211 0.996878 0.0493763 8.12358 0.997663 0.0600563 0.0325738 18.6439
0.0293984 0.0523023 -0.998199 -225.206 -0.0638088 0.996692 0.050344 8.16188 0.997529 0.0622138 0.0326385 18.6618
0.0296471 0.0544153 -0.998078 -226.349 -0.0633881 0.99661 0.0524523 8.19902 0.997549 0.0617112 0.0329959 18.6707
0.0280962 0.0561088 -0.998029 -227.473 -0.0647203 0.996431 0.054197 8.23829 0.997508 0.06307 0.0316273 18.7132
0.0276633 0.0583773 -0.997911 -228.6 -0.0656798 0.996242 0.0564589 8.28058 0.997457 0.0639808 0.0313936 18.7155
0.0274957 0.0592485 -0.997865 -229.732 -0.0668475 0.996116 0.0573028 8.32329 0.997384 0.0651292 0.0313496 18.7323
0.0262088 0.0579569 -0.997975 -230.869 -0.0694733 0.99601 0.0560182 8.37044 0.99724 0.0678645 0.0301306 18.7464
0.025445 0.0532146 -0.998259 -231.991 -0.0677555 0.996378 0.0513872 8.40547 0.997378 0.06633 0.0289585 18.7632
0.0233419 0.0478984 -0.998579 -233.14 -0.0661832 0.996734 0.0462628 8.44262 0.997534 0.0650093 0.0264358 18.7881
0.0217773 0.0430985 -0.998833 -234.293 -0.0620869 0.9972 0.0416744 8.46991 0.997833 0.061107 0.0243922 18.8037
0.0203163 0.043513 -0.998846 -235.476 -0.0564345 0.99751 0.0423069 8.50086 0.9982 0.0555099 0.0227213 18.8207
0.0181851 0.0468885 -0.998735 -236.681 -0.0501549 0.997685 0.045926 8.52963 0.998576 0.0492563 0.0204947 18.8397
0.0164303 0.0488509 -0.998671 -237.853 -0.0473484 0.997723 0.0480256 8.56547 0.998743 0.0464964 0.0187059 18.8516
0.0134837 0.0487219 -0.998721 -239.046 -0.0473375 0.997723 0.0480341 8.59718 0.998788 0.0466293 0.0157594 18.8441
0.0124461 0.0496558 -0.998689 -240.266 -0.0467619 0.997702 0.049024 8.63514 0.998829 0.0460904 0.0147395 18.8531
0.00978291 0.0506721 -0.998667 -241.511 -0.0448324 0.997733 0.0501855 8.67176 0.998947 0.0442817 0.0120325 18.8598
0.00759632 0.0508582 -0.998677 -242.734 -0.0437941 0.997765 0.0504786 8.71091 0.999012 0.0433528 0.00980663 18.8529
0.00513341 0.0492175 -0.998775 -243.965 -0.0441749 0.997824 0.0489437 8.74673 0.999011 0.0438696 0.00729642 18.85
0.00230802 0.0492006 -0.998786 -245.185 -0.045208 0.997773 0.0490462 8.7856 0.998975 0.04504 0.00452714 18.8446
-5.0413e-05 0.0500003 -0.998749 -246.459 -0.0445227 0.997759 0.0499529 8.82559 0.999008 0.0444696 0.00217585 18.8303
-0.00246513 0.0505129 -0.99872 -247.707 -0.0449674 0.997708 0.0505727 8.8609 0.998985 0.0450345 -0.00018804 18.8154
-0.00475309 0.051905 -0.998641 -248.918 -0.0465499 0.997558 0.0520703 8.89993 0.998905 0.0467341 -0.00232531 18.792
-0.00734706 0.0531217 -0.998561 -250.212 -0.0474513 0.997445 0.0534114 8.94142 0.998847 0.0477755 -0.00480759 18.7814
-0.0087942 0.0541819 -0.998492 -251.444 -0.0500546 0.997255 0.0545557 8.97975 0.998708 0.0504589 -0.006058 18.7492
-0.00998042 0.0543752 -0.998471 -252.674 -0.0523303 0.997124 0.0548249 9.02145 0.99858 0.0527975 -0.00710624 18.721
-0.0104175 0.055088 -0.998427 -253.954 -0.0531311 0.99704 0.0555658 9.06442 0.998533 0.0536264 -0.00745983 18.6975
-0.0088681 0.0538565 -0.998509 -255.198 -0.0520318 0.997171 0.0542465 9.10192 0.998606 0.0524353 -0.00604076 18.674
-0.00890737 0.0526842 -0.998572 -256.467 -0.0507229 0.997302 0.0530697 9.14086 0.998673 0.0511231 -0.00621104 18.6497
-0.00934015 0.0527772 -0.998563 -257.706 -0.0482896 0.997417 0.0531683 9.17908 0.99879 0.0487168 -0.00676743 18.6123
-0.00907903 0.0523933 -0.998585 -258.949 -0.0471266 0.997494 0.0527645 9.21828 0.998848 0.047539 -0.00658716 18.5874
-0.00930887 0.0531686 -0.998542 -260.208 -0.0470974 0.997454 0.0535497 9.25446 0.998847 0.0475272 -0.00678107 18.5788
-0.00882773 0.0535735 -0.998525 -261.444 -0.046628 0.997456 0.0539283 9.28917 0.998873 0.0470353 -0.00630725 18.5617
-0.00914723 0.0547665 -0.998457 -262.701 -0.0441412 0.997504 0.0551186 9.32809 0.998984 0.0445772 -0.00670694 18.5338
-0.00930902 0.0569709 -0.998333 -263.934 -0.0405915 0.997531 0.0573037 9.36651 0.999132 0.0410572 -0.0069735 18.5258
-0.00877635 0.060642 -0.998121 -265.157 -0.0362444 0.997484 0.060922 9.40582 0.999304 0.036711 -0.00655633 18.4966
-0.00894595 0.0626509 -0.997995 -266.445 -0.0343612 0.997427 0.0629232 9.45549 0.99937 0.0348553 -0.00677017 18.484
-0.00855297 0.0618267 -0.99805 -267.669 -0.0347813 0.997464 0.0620885 9.49845 0.999358 0.0352445 -0.00638087 18.4637
-0.00896575 0.0601992 -0.998146 -268.94 -0.0384525 0.997427 0.0605013 9.54687 0.99922 0.0389236 -0.00662787 18.4388
-0.0100098 0.0628326 -0.997974 -270.194 -0.0437227 0.997042 0.0632125 9.5963 0.998994 0.0442668 -0.00723303 18.409
-0.00906303 0.0686454 -0.9976 -271.422 -0.0472856 0.996495 0.0689989 9.65767 0.99884 0.0477974 -0.00578534 18.3791
-0.00959756 0.0683216 -0.997617 -272.675 -0.050894 0.996337 0.0687235 9.71153 0.998658 0.0514323 -0.00608524 18.3542
-0.00921194 0.06227 -0.998017 -273.91 -0.0522936 0.996663 0.0626683 9.76571 0.998589 0.0527672 -0.00592488 18.3345
-0.00942952 0.0563405 -0.998367 -275.098 -0.0509381 0.997088 0.0567495 9.80282 0.998657 0.05139 -0.00653218 18.3222
-0.0101611 0.0553916 -0.998413 -276.339 -0.0453727 0.997411 0.0557978 9.84952 0.998918 0.0458676 -0.00762151 18.2982
-0.00853511 0.0567933 -0.998349 -277.577 -0.0408246 0.997534 0.0570959 9.88995 0.99913 0.0412445 -0.00619549 18.2856
-0.00732403 0.0588004 -0.998243 -278.782 -0.0400444 0.997452 0.0590476 9.93343 0.999171 0.0404065 -0.00495074 18.2675
-0.00660639 0.061081 -0.998111 -280.031 -0.0408203 0.997284 0.0613006 9.97789 0.999145 0.0411482 -0.0040951 18.2529
-0.00511308 0.0626943 -0.99802 -281.236 -0.0427259 0.997108 0.0628559 10.0272 0.999074 0.0429627 -0.00241962 18.2352
-0.00468832 0.0633179 -0.997983 -282.488 -0.0430607 0.997055 0.0634613 10.078 0.999061 0.0432713 -0.001948 18.2194
-0.00390699 0.0630887 -0.998 -283.708 -0.042792 0.997083 0.0631982 10.1225 0.999076 0.0429533 -0.0011959 18.204
-0.00287582 0.0615524 -0.9981 -284.913 -0.0430987 0.997169 0.0616192 10.1698 0.999067 0.043194 -0.000214847 18.1891
-0.00320278 0.0601018 -0.998187 -286.151 -0.0433039 0.997248 0.0601842 10.2166 0.999057 0.0434182 -0.000591318 18.1675
-0.00312163 0.0597352 -0.998209 -287.365 -0.0434744 0.997262 0.0598144 10.2615 0.99905 0.0435833 -0.000516133 18.1588
-0.00281453 0.0596042 -0.998218 -288.574 -0.0436981 0.997261 0.0596703 10.306 0.999041 0.0437881 -0.000202236 18.1468
-0.00278921 0.0604098 -0.99817 -289.829 -0.0447825 0.997165 0.0604741 10.3526 0.998993 0.0448692 -7.60005e-05 18.1329
-0.0022864 0.0601225 -0.998188 -291.035 -0.044317 0.997204 0.0601648 10.3983 0.999015 0.0443743 0.000384448 18.1249
-0.00237151 0.0587704 -0.998269 -292.305 -0.0437891 0.997308 0.0588178 10.4413 0.999038 0.0438528 0.000208382 18.1143
-0.0020304 0.0559229 -0.998433 -293.504 -0.0450829 0.997415 0.0559575 10.4858 0.998981 0.0451259 0.000496022 18.0991
-0.00294161 0.0537635 -0.998549 -294.751 -0.0454891 0.997513 0.0538417 10.526 0.99896 0.0455814 -0.000488642 18.0848
-0.00301749 0.0520277 -0.998641 -295.97 -0.0476059 0.997506 0.0521124 10.5624 0.998862 0.0476985 -0.000533139 18.0619
-0.00347947 0.0519808 -0.998642 -297.196 -0.0504971 0.997365 0.0520903 10.6015 0.998718 0.0506097 -0.000845416 18.0475
-0.00398019 0.0534324 -0.998564 -298.385 -0.0529907 0.997157 0.0535683 10.6379 0.998587 0.0531278 -0.00113746 18.0315
-0.004695 0.0544574 -0.998505 -299.646 -0.056201 0.996924 0.0546354 10.6781 0.998408 0.0563734 -0.00162 18.0228
-0.00403204 0.0542018 -0.998522 -300.852 -0.0576527 0.996857 0.0543442 10.7185 0.998329 0.0577866 -0.000894484 17.9966
-0.00418429 0.0528882 -0.998592 -302.115 -0.0570465 0.996962 0.0530409 10.7581 0.998363 0.0571881 -0.00115448 17.9692
-0.00547727 0.0505032 -0.998709 -303.335 -0.0550431 0.997195 0.0507285 10.7943 0.998469 0.0552499 -0.00268205 17.9538
-0.00549388 0.0501933 -0.998724 -304.557 -0.0512866 0.997411 0.0504094 10.8276 0.998669 0.0514981 -0.00290541 17.9291
-0.00646376 0.0519704 -0.998628 -305.805 -0.0486859 0.997448 0.0522241 10.8659 0.998793 0.0489567 -0.00391704 17.9281
-0.00683261 0.053461 -0.998547 -307.059 -0.0464518 0.997475 0.0537215 10.9019 0.998897 0.0467513 -0.004332 17.9015
-0.0075126 0.0527078 -0.998582 -308.271 -0.0478351 0.997448 0.0530078 10.9401 0.998827 0.0481655 -0.00497215 17.8805
