1 -4.1311e-11 -1.95776e-11 0 -4.12612e-11 1 -1.70424e-11 0 -1.42043e-10 -1.70424e-11 1 -2.98023e-08
0.999999 -0.000966395 -0.000494319 -0.0176256 0.000967171 0.999998 0.00157271 -0.0352974 0.000492798 -0.00157318 0.999999 1.3133
0.999997 -0.00236791 0.000490867 -0.00743158 0.00236705 0.999996 0.00172874 -0.0633296 -0.000494958 -0.00172757 0.999998 2.61041
0.999992 -0.00385313 -0.000726688 -0.031478 0.00385453 0.999991 0.00194526 -0.0913723 0.000719186 -0.00194804 0.999998 3.9297
0.99999 -0.00439704 0.000582957 -0.0376139 0.00439598 0.999989 0.00180458 -0.116717 -0.000590885 -0.001802 0.999998 5.24123
0.99999 -0.00452013 -0.000482182 -0.04036 0.00452136 0.999987 0.00257698 -0.140229 0.000470527 -0.00257914 0.999997 6.55651
0.999982 -0.00595068 -0.000671809 -0.0590243 0.0059535 0.999973 0.00427795 -0.166234 0.000646334 -0.00428187 0.999991 7.88861
0.999981 -0.00609934 -0.000122043 -0.0598934 0.00609983 0.999971 0.00452413 -0.188647 9.44456e-05 -0.00452479 0.99999 9.23703
0.999986 -0.00521865 -0.00132952 -0.0742075 0.0052232 0.999981 0.00344033 -0.215072 0.00131154 -0.00344722 0.999993 10.5519
0.999997 -0.00196878 -0.00102297 -0.132059 0.00197017 0.999997 0.00135398 -0.236181 0.0010203 -0.00135599 0.999999 11.8775
0.999998 0.00155504 -0.00103802 -0.107305 -0.00155447 0.999999 0.000549435 -0.268658 0.00103887 -0.00054782 0.999999 13.2026
0.99999 0.00374267 -0.00251665 -0.137153 -0.0037414 0.999993 0.000507454 -0.293821 0.00251853 -0.000498033 0.999997 14.5539
0.999991 0.00424296 -0.000578492 -0.181908 -0.00424195 0.99999 0.00173813 -0.318156 0.000585861 -0.00173566 0.999998 15.913
0.999996 0.00241594 -0.00116618 -0.144227 -0.00241097 0.999988 0.00424333 -0.343486 0.00117642 -0.0042405 0.99999 17.2295
0.999997 -0.00236049 0.000760716 -0.161799 0.00235545 0.999976 0.00656285 -0.367265 -0.000776188 -0.00656104 0.999978 18.6522
0.99999 -0.00393558 -0.00237613 -0.205198 0.00394653 0.999982 0.00462053 -0.393788 0.0023579 -0.00462986 0.999987 19.9567
0.999985 -0.00540561 9.06315e-05 -0.183184 0.00540541 0.999983 0.0020609 -0.415046 -0.000101771 -0.00206038 0.999998 21.292
0.999996 -0.00228493 0.00141795 -0.171964 0.00228239 0.999996 0.00178559 -0.445537 -0.00142202 -0.00178235 0.999997 22.6315
1 4.15281e-05 0.000331031 -0.201084 -4.24048e-05 0.999996 0.00265087 -0.466122 -0.000330919 -0.00265088 0.999996 24.0272
0.999999 -0.000875642 0.000961093 -0.21277 0.000869133 0.999977 0.0067528 -0.484711 -0.000966984 -0.00675196 0.999977 25.4578
0.999996 -0.00269196 0.00132114 -0.221882 0.00268126 0.999964 0.00803962 -0.504282 -0.00134273 -0.00803604 0.999967 26.8019
0.999986 -0.00529919 0.00093312 -0.235981 0.00529244 0.999961 0.0070912 -0.530256 -0.000970662 -0.00708616 0.999974 28.1474
0.999982 -0.00602686 0.000798914 -0.180834 0.00602301 0.999971 0.00472651 -0.547017 -0.000827377 -0.00472161 0.999989 29.5246
0.999984 -0.00541116 0.0017246 -0.230942 0.00540653 0.999982 0.00267727 -0.576121 -0.00173905 -0.00266791 0.999995 30.891
0.999994 -0.00338095 -0.00120992 -0.227821 0.00338239 0.999994 0.00118665 -0.601175 0.0012059 -0.00119073 0.999999 32.2896
0.999997 -0.00161894 0.00174951 -0.298433 0.00161937 0.999999 -0.000243817 -0.627902 -0.00174911 0.000246649 0.999999 33.7208
0.999994 -0.00039405 0.00356362 -0.23172 0.000394193 1 -3.89666e-05 -0.657618 -0.00356361 4.03713e-05 0.999994 35.025
0.999999 -0.00151895 0.000722132 -0.270043 0.00151743 0.999997 0.00209027 -0.686372 -0.000725304 -0.00208917 0.999998 36.5225
1 0.000114181 0.000925548 -0.263504 -0.000117147 0.999995 0.00320636 -0.711925 -0.000925177 -0.00320646 0.999994 37.8352
0.999992 0.00294134 0.00285751 -0.279459 -0.00295165 0.999989 0.00361247 -0.737106 -0.00284685 -0.00362087 0.999989 39.1994
0.999976 0.00606548 0.00343563 -0.278503 -0.00607752 0.999975 0.00350493 -0.763837 -0.00341429 -0.00352573 0.999988 40.5668
0.999974 0.00683953 0.00217978 -0.282825 -0.00684846 0.999968 0.00411642 -0.783725 -0.00215156 -0.00413124 0.999989 42.0728
0.99996 0.00885084 0.000930881 -0.307375 -0.00885442 0.999953 0.00391794 -0.81181 -0.000896161 -0.00392603 0.999992 43.4724
0.999973 0.00719835 0.00181167 -0.30083 -0.00720546 0.999966 0.00394884 -0.836531 -0.00178318 -0.00396179 0.999991 44.863
0.999975 0.00699307 0.000725515 -0.311308 -0.00699565 0.999969 0.00362056 -0.862623 -0.000700174 -0.00362555 0.999993 46.2517
0.999976 0.00681682 -0.000919131 -0.28044 -0.00681315 0.999969 0.00393527 -0.893026 0.000945928 -0.00392892 0.999992 47.7261
0.999978 0.00638374 -0.00147731 -0.316293 -0.00637639 0.999968 0.00492911 -0.912307 0.00150873 -0.00491958 0.999987 49.0794
0.999968 0.0070308 -0.00374547 -0.311113 -0.00701152 0.999962 0.00513563 -0.936588 0.00378144 -0.00510921 0.99998 50.5321
0.999962 0.00772936 -0.00410517 -0.354699 -0.00770723 0.999956 0.00537711 -0.959185 0.00414655 -0.00534526 0.999977 51.9663
0.999956 0.00751451 -0.00566904 -0.365053 -0.0074783 0.999952 0.00638181 -0.983558 0.00571673 -0.00633913 0.999964 53.3674
0.999966 0.00562209 -0.00601061 -0.38234 -0.00557834 0.999958 0.00727127 -1.00075 0.00605123 -0.00723749 0.999956 54.8107
0.999971 0.00446684 -0.00610075 -0.387633 -0.00442344 0.999965 0.00710785 -1.02888 0.00613229 -0.00708066 0.999956 56.2084
0.999972 0.00216468 -0.00711561 -0.387979 -0.00211285 0.999971 0.00728378 -1.04934 0.00713117 -0.00726855 0.999948 57.647
0.99997 0.00169903 -0.00751116 -0.389245 -0.00164033 0.999968 0.0078148 -1.07638 0.0075242 -0.00780225 0.999941 59.1109
0.999974 7.12755e-05 -0.00714592 -0.415031 -9.14699e-06 0.999962 0.0086941 -1.09317 0.00714627 -0.00869381 0.999937 60.513
0.999977 -0.000647975 -0.00677461 -0.449567 0.000707211 0.999962 0.00874498 -1.1211 0.00676868 -0.00874957 0.999939 61.9462
0.999968 -0.00400854 -0.00693453 -0.445067 0.00406925 0.999953 0.00876275 -1.13568 0.00689908 -0.00879069 0.999938 63.4161
0.999975 -0.00393612 -0.00585628 -0.469135 0.0039837 0.999959 0.00813445 -1.16522 0.00582402 -0.00815758 0.99995 64.875
0.999974 -0.00438924 -0.00576015 -0.46432 0.00443461 0.999959 0.00788771 -1.1865 0.0057253 -0.00791305 0.999952 66.2936
0.999985 -0.0026059 -0.00486055 -0.489267 0.00264401 0.999966 0.00785197 -1.20738 0.00483992 -0.00786471 0.999957 67.6654
0.999994 -0.00021622 -0.00349036 -0.511625 0.000245888 0.999964 0.00850182 -1.23615 0.00348839 -0.00850262 0.999958 69.15
0.999988 0.0039203 -0.00306995 -0.520624 -0.00388965 0.999943 0.00992627 -1.25987 0.00310869 -0.0099142 0.999946 70.5179
0.999971 0.00735301 -0.00212092 -0.551301 -0.00733031 0.999918 0.0105195 -1.27853 0.0021981 -0.0105036 0.999942 71.9924
0.999922 0.0122725 -0.00240548 -0.573056 -0.0122466 0.99987 0.0105365 -1.29731 0.00253448 -0.0105062 0.999942 73.4188
0.999888 0.0149125 -0.00143884 -0.57621 -0.0148977 0.999841 0.00976767 -1.316 0.00158427 -0.00974514 0.999951 74.813
0.999834 0.0181993 0.000735381 -0.612516 -0.0182058 0.999785 0.00997276 -1.33862 -0.000553725 -0.00998449 0.99995 76.1916
0.999854 0.0170576 -0.000725759 -0.612045 -0.0170493 0.999803 0.0101989 -1.35788 0.000899584 -0.010185 0.999948 77.6207
0.999883 0.015303 -0.000893929 -0.61098 -0.0152932 0.999833 0.0100231 -1.37533 0.00104716 -0.0100082 0.999949 79.0999
0.999881 0.0154254 -0.000244682 -0.626763 -0.0154225 0.999837 0.00934885 -1.4003 0.000388852 -0.00934396 0.999956 80.4322
0.999889 0.01482 -0.00133479 -0.634347 -0.0148069 0.999846 0.00937422 -1.42149 0.00147351 -0.00935342 0.999955 81.8862
0.999895 0.0143868 -0.00155269 -0.635749 -0.0143706 0.999847 0.00998322 -1.44291 0.00169608 -0.00995987 0.999949 83.2595
0.999907 0.0135345 -0.00153874 -0.643609 -0.0135186 0.99986 0.00989883 -1.45965 0.0016725 -0.00987711 0.99995 84.5671
0.999883 0.0149983 -0.00283156 -0.663728 -0.014969 0.999837 0.0101172 -1.48167 0.00298284 -0.0100737 0.999945 86.0432
0.999907 0.0130845 -0.00379031 -0.680636 -0.0130442 0.99986 0.0104624 -1.50149 0.00392668 -0.010412 0.999938 87.4816
0.99992 0.0114834 -0.00526681 -0.688847 -0.0114191 0.999862 0.0120832 -1.51876 0.00540484 -0.0120221 0.999913 88.8789
0.999942 0.00874072 -0.00624089 -0.689797 -0.00866533 0.99989 0.0120063 -1.53973 0.00634515 -0.0119515 0.999909 90.266
0.999948 0.0078464 -0.00653307 -0.715749 -0.00776362 0.99989 0.0126019 -1.55907 0.00663123 -0.0125505 0.999899 91.6357
0.999957 0.00637104 -0.00677724 -0.728227 -0.00629027 0.99991 0.0118738 -1.58069 0.00685228 -0.0118307 0.999907 93.0694
0.999963 0.00494832 -0.00711103 -0.739291 -0.00486202 0.999915 0.012103 -1.59339 0.00717032 -0.012068 0.999902 94.4002
0.99996 0.00543363 -0.00708855 -0.758495 -0.00535229 0.99992 0.0114444 -1.61074 0.00715016 -0.011406 0.999909 95.6986
0.999957 0.00533157 -0.00759842 -0.776304 -0.00524825 0.999926 0.0109435 -1.62969 0.00765621 -0.0109032 0.999911 97.1539
0.999952 0.00682839 -0.00705256 -0.793812 -0.00675487 0.999923 0.0103969 -1.65368 0.00712301 -0.0103488 0.999921 98.5143
0.999944 0.00803108 -0.0068443 -0.810067 -0.00795588 0.999908 0.0109443 -1.66908 0.00693157 -0.0108893 0.999917 99.9035
0.999944 0.00829937 -0.00659819 -0.832219 -0.00821972 0.999894 0.0120092 -1.6932 0.00669716 -0.0119543 0.999906 101.548
0.999935 0.00901253 -0.0070123 -0.845208 -0.00891753 0.99987 0.0134634 -1.7092 0.00713272 -0.0134 0.999885 102.962
0.999944 0.00849817 -0.00632894 -0.868877 -0.00841861 0.999887 0.0124936 -1.72917 0.00643439 -0.0124396 0.999902 104.38
0.999946 0.00834171 -0.00626943 -0.887116 -0.00828057 0.999919 0.00971483 -1.74396 0.00634996 -0.00966239 0.999933 105.694
0.999936 0.00956736 -0.00611765 -0.898533 -0.00951324 0.999916 0.00881489 -1.76652 0.00620147 -0.00875612 0.999942 107.008
0.99996 0.00653448 -0.00603221 -0.910254 -0.00647407 0.999929 0.00997969 -1.78598 0.006097 -0.00994024 0.999932 108.246
0.999976 0.00409253 -0.00564917 -0.925568 -0.00402494 0.999921 0.0119246 -1.80331 0.00569752 -0.0119016 0.999913 109.693
0.999986 0.002059 -0.0048579 -0.933777 -0.00199557 0.999913 0.0130262 -1.81944 0.0048843 -0.0130163 0.999903 111.097
0.999991 0.0012242 -0.00405369 -0.942594 -0.0011755 0.999927 0.0119944 -1.83089 0.00406808 -0.0119895 0.99992 112.218
0.999988 0.00236956 -0.00420981 -0.960172 -0.00233086 0.999955 0.00917344 -1.84678 0.00423136 -0.00916352 0.999949 113.581
0.99998 0.00601732 -0.00170985 -0.96679 -0.00600451 0.999955 0.00739992 -1.87272 0.0017543 -0.00738951 0.999971 115.048
0.999962 0.00869036 -0.00112439 -0.989417 -0.00868226 0.999938 0.00702616 -1.88789 0.00118538 -0.00701613 0.999975 116.329
0.999943 0.0106443 0.000169966 -0.997181 -0.0106455 0.999897 0.00966058 -1.90912 -6.71177e-05 -0.00966185 0.999953 117.738
0.999958 0.00898843 0.00178143 -0.996937 -0.00900844 0.999893 0.0115648 -1.92 -0.00167729 -0.0115804 0.999932 118.868
0.999955 0.00925672 0.0022469 -1.00668 -0.00928355 0.999882 0.012241 -1.93942 -0.00213332 -0.0122613 0.999923 120.225
0.999957 0.00888797 0.00255326 -1.01116 -0.00891714 0.999892 0.0116493 -1.9534 -0.00244945 -0.0116715 0.999929 121.7
0.999938 0.0102659 0.00433524 -1.01966 -0.010316 0.999878 0.0116986 -1.96637 -0.00421462 -0.0117426 0.999922 122.98
0.999905 0.0128188 0.00511739 -1.02319 -0.0128757 0.999854 0.0112448 -1.98425 -0.0049725 -0.0113096 0.999924 124.368
0.999892 0.0131392 0.00661957 -1.02535 -0.0132053 0.999862 0.0100381 -1.99428 -0.00648677 -0.0101244 0.999928 125.672
0.999864 0.0148751 0.007196 -1.02088 -0.0149433 0.999843 0.00952915 -2.01485 -0.00705312 -0.00963538 0.999929 127.027
0.999879 0.0129172 0.00860498 -1.02544 -0.0130018 0.999867 0.00984942 -2.02554 -0.0084766 -0.00996011 0.999915 128.296
0.999871 0.0126617 0.00985958 -1.01382 -0.0127655 0.999863 0.0105362 -2.0487 -0.00972482 -0.0106607 0.999896 129.698
0.999893 0.0113765 0.00922409 -1.0207 -0.0114847 0.999865 0.0117625 -2.05876 -0.00908902 -0.0118672 0.999888 130.989
0.999889 0.0106368 0.0104331 -1.0126 -0.0107624 0.999869 0.0120554 -2.07629 -0.0103035 -0.0121663 0.999873 132.475
0.999899 0.009517 0.0105712 -0.998716 -0.00964203 0.999883 0.0118401 -2.09613 -0.0104573 -0.0119409 0.999874 133.723
0.999924 0.00692897 0.0101644 -0.974625 -0.00706302 0.999888 0.0132126 -2.1059 -0.0100717 -0.0132834 0.999861 134.942
0.999947 0.00498217 0.0090258 -0.980552 -0.00510066 0.999901 0.013153 -2.11939 -0.00895937 -0.0131983 0.999873 136.481
0.999955 0.00404071 0.00860822 -0.962231 -0.00415401 0.999905 0.0131854 -2.1343 -0.00855412 -0.0132206 0.999876 137.725
0.999971 0.00244872 0.00719338 -0.96292 -0.00254725 0.999903 0.0137201 -2.15095 -0.00715909 -0.013738 0.99988 139.071
0.99998 0.000757821 0.00629294 -0.963433 -0.000848311 0.999896 0.0143892 -2.16122 -0.00628138 -0.0143943 0.999877 140.509
0.999984 3.97987e-05 0.00570524 -0.949613 -0.000122629 0.999895 0.0145187 -2.17232 -0.00570406 -0.0145192 0.999878 141.846
0.999993 9.97076e-06 0.00366239 -0.957138 -5.89115e-05 0.999911 0.0133631 -2.19108 -0.00366193 -0.0133632 0.999904 143.263
0.999995 -0.000223392 0.00327875 -0.945458 0.000179035 0.999909 0.0135232 -2.19889 -0.00328147 -0.0135226 0.999903 144.552
0.999996 -0.00168562 0.0023345 -0.9424 0.00166056 0.999941 0.0106994 -2.21715 -0.0023524 -0.0106954 0.99994 145.857
0.999965 -0.00814722 0.00196233 -0.945054 0.0081265 0.999914 0.0103452 -2.23289 -0.00204644 -0.0103289 0.999945 147.434
0.999883 -0.0153 0.000762415 -0.950856 0.0152891 0.999803 0.0126858 -2.24819 -0.000956356 -0.0126726 0.999919 148.653
0.999717 -0.0237075 -0.00173797 -0.94198 0.0237307 0.999609 0.0148206 -2.25495 0.00138592 -0.0148577 0.999889 150.07
0.999665 -0.0257259 -0.00270721 -0.926501 0.0257558 0.9996 0.0116563 -2.27464 0.00240626 -0.0117222 0.999928 151.375
0.9997 -0.024372 -0.00232084 -0.917433 0.0243897 0.999671 0.00796762 -2.29399 0.00212588 -0.00802184 0.999966 152.748
0.999765 -0.0216486 -0.000783068 -0.943037 0.0216526 0.99975 0.00553261 -2.31102 0.0006631 -0.00554827 0.999984 154.028
0.99979 -0.0204653 0.000345261 -0.942523 0.0204627 0.99977 0.00637715 -2.33675 -0.000475692 -0.00636875 0.99998 155.359
0.999707 -0.0242131 0.00060932 -0.939268 0.0242068 0.999668 0.00878142 -2.3525 -0.000821744 -0.0087641 0.999961 156.835
0.999547 -0.0300948 0.000380394 -0.951822 0.0300876 0.999467 0.0126282 -2.37061 -0.000760232 -0.012611 0.99992 158.038
0.999402 -0.0345819 0.000573015 -0.940569 0.0345706 0.999306 0.0138634 -2.38193 -0.00105204 -0.0138353 0.999904 159.445
0.999391 -0.0348991 0.000606616 -0.938428 0.034887 0.99929 0.0142397 -2.39823 -0.00110314 -0.0142098 0.999898 160.816
0.99944 -0.0334466 0.000354167 -0.943868 0.0334383 0.999341 0.0141323 -2.41238 -0.000826613 -0.0141126 0.9999 162.166
0.999524 -0.0307472 0.00258273 -0.949938 0.0307095 0.999436 0.013559 -2.42103 -0.00299818 -0.0134733 0.999905 163.451
0.999641 -0.0265653 0.00347372 -0.960868 0.0265236 0.999582 0.0115392 -2.43436 -0.00377881 -0.0114429 0.999928 164.9
0.999749 -0.0219808 0.00437572 -0.962949 0.021934 0.999704 0.010482 -2.45484 -0.00460483 -0.0103834 0.999936 166.212
0.999757 -0.0215413 0.00466872 -0.972719 0.0214831 0.999695 0.0121842 -2.45771 -0.00492976 -0.0120809 0.999915 167.628
0.999796 -0.0197541 0.00430712 -0.969474 0.0197013 0.999734 0.0119826 -2.48001 -0.00454268 -0.0118953 0.999919 168.933
0.999839 -0.0175876 0.0035949 -0.97808 0.0175519 0.999799 0.00974001 -2.49293 -0.00376548 -0.00967534 0.999946 170.374
0.999903 -0.01352 0.00325687 -0.982338 0.0134975 0.999886 0.00682685 -2.51472 -0.0033488 -0.00678223 0.999971 171.764
0.999974 -0.0066044 0.00273075 -0.993619 0.00658906 0.999963 0.00558891 -2.54297 -0.00276756 -0.00557077 0.999981 173.071
0.99999 -0.00318017 0.00318654 -1.00839 0.00315974 0.999975 0.00639586 -2.55688 -0.0032068 -0.00638573 0.999974 174.608
0.999991 -0.000263863 0.00426938 -1.01504 0.000228203 0.999965 0.00835121 -2.57561 -0.00427144 -0.00835016 0.999956 175.804
0.999992 -9.97314e-05 0.00390761 -1.01527 5.75837e-05 0.999942 0.0107846 -2.59196 -0.00390846 -0.0107843 0.999934 177.386
0.999996 -0.00125752 0.00258907 -1.0115 0.00122574 0.999924 0.0122431 -2.60831 -0.00260427 -0.0122399 0.999922 178.61
0.999984 -0.00554496 0.00112819 -1.02717 0.00553061 0.999908 0.0123508 -2.61341 -0.00119657 -0.0123444 0.999923 180.021
0.999987 -0.00488199 -0.00138967 -1.02649 0.00489351 0.999953 0.00840766 -2.63723 0.00134856 -0.00841435 0.999964 181.52
0.999992 -0.00322566 -0.0022631 -1.03822 0.00323479 0.999987 0.00404016 -2.65609 0.00225003 -0.00404745 0.999989 182.831
0.999994 0.00160729 -0.00296056 -1.05807 -0.00159906 0.999995 0.00278036 -2.6798 0.00296501 -0.00277561 0.999992 184.337
0.999976 0.0066119 -0.0022511 -1.07383 -0.00660222 0.999969 0.00428439 -2.706 0.00227935 -0.00426943 0.999988 185.677
0.999964 0.00818683 -0.00204205 -1.08272 -0.0081714 0.999939 0.00745505 -2.72458 0.00210295 -0.0074381 0.99997 187.121
0.999966 0.00802482 -0.00211374 -1.08782 -0.00800402 0.999921 0.00966999 -2.74425 0.00219118 -0.00965274 0.999951 188.61
0.999977 0.00643701 -0.00193587 -1.11074 -0.00641636 0.999924 0.0104918 -2.75442 0.00200326 -0.0104791 0.999943 189.966
0.999983 0.0053068 -0.00237222 -1.10737 -0.00527814 0.999915 0.0119292 -2.76878 0.00243532 -0.0119164 0.999926 191.38
0.999993 0.00322713 -0.00188298 -1.11804 -0.00320413 0.999922 0.0120908 -2.78676 0.00192185 -0.0120846 0.999925 192.845
0.999995 0.00166778 -0.00258173 -1.1275 -0.00163486 0.999918 0.0127039 -2.80613 0.00260271 -0.0126996 0.999916 194.262
0.999992 -0.00337108 -0.0021317 -1.12633 0.00339952 0.999903 0.0134805 -2.80767 0.00208605 -0.0134876 0.999907 195.419
0.999969 -0.00768135 -0.00195517 -1.12991 0.00771013 0.999855 0.0151628 -2.81463 0.00183842 -0.0151774 0.999883 196.884
0.99994 -0.0109243 -0.0013487 -1.13227 0.0109436 0.999824 0.0152143 -2.83521 0.00118226 -0.0152281 0.999883 198.39
0.999953 -0.00961527 -0.000871855 -1.13285 0.00962435 0.999892 0.0110913 -2.84294 0.000765115 -0.0110991 0.999938 199.836
1 -0.000533922 -0.000328179 -1.1597 0.000536011 0.999979 0.00639446 -2.86763 0.000324757 -0.00639464 0.99998 201.223
0.999969 0.00787216 0.000999504 -1.17632 -0.00787792 0.999952 0.00589497 -2.88032 -0.00095305 -0.00590266 0.999982 202.73
0.999879 0.0154984 0.00150691 -1.18989 -0.0155116 0.999838 0.0091452 -2.89745 -0.00136493 -0.00916746 0.999957 204.15
0.999864 0.0161775 0.00325167 -1.20003 -0.0162152 0.999797 0.0119244 -2.91166 -0.0030581 -0.0119755 0.999924 205.6
0.999876 0.0154813 0.00276584 -1.19982 -0.0155135 0.999808 0.0120094 -2.92595 -0.00257939 -0.0120508 0.999924 206.983
0.999922 0.0124019 0.00149864 -1.19862 -0.0124195 0.999846 0.0123974 -2.94198 -0.00134465 -0.012415 0.999922 208.538
0.999953 0.00968042 8.33591e-06 -1.21417 -0.00967983 0.999883 0.0118784 -2.95694 0.000106652 -0.0118779 0.99993 210.068
0.999944 0.0105838 4.45541e-06 -1.21311 -0.0105832 0.999883 0.011063 -2.97351 0.000112634 -0.0110625 0.999939 211.575
0.999935 0.0113854 5.0086e-05 -1.21489 -0.0113852 0.999864 0.0118975 -2.98292 8.53778e-05 -0.0118973 0.999929 212.982
0.999913 0.0131739 -0.000435414 -1.23248 -0.0131676 0.999838 0.0122898 -3.00486 0.000597248 -0.012283 0.999924 214.486
0.999929 0.0118753 -0.000621746 -1.23997 -0.0118664 0.999849 0.0126906 -3.01216 0.000772357 -0.0126823 0.999919 215.97
0.999921 0.012558 -0.000875149 -1.24252 -0.0125472 0.999857 0.0113595 -3.03134 0.00101767 -0.0113476 0.999935 217.459
0.999929 0.0117841 -0.00167749 -1.25188 -0.0117647 0.999869 0.0111189 -3.04711 0.00180829 -0.0110983 0.999937 218.903
0.999925 0.0120184 -0.00240234 -1.25872 -0.011991 0.999866 0.0111075 -3.06039 0.00253551 -0.0110778 0.999935 220.48
0.999916 0.0126632 -0.00259089 -1.27227 -0.0126345 0.999862 0.0108054 -3.08123 0.00272737 -0.0107718 0.999938 221.885
0.999919 0.0125374 -0.00224239 -1.28302 -0.012512 0.999861 0.0110169 -3.09526 0.0023802 -0.0109879 0.999937 223.36
0.999898 0.0139473 -0.00296139 -1.29656 -0.0139151 0.999847 0.0106067 -3.11334 0.00310887 -0.0105644 0.999939 225.217
0.999907 0.0132517 -0.00328162 -1.31039 -0.0132159 0.999856 0.010684 -3.12538 0.00342272 -0.0106396 0.999938 226.708
0.999883 0.014821 -0.00369466 -1.32542 -0.0147805 0.999833 0.0107374 -3.14749 0.00385318 -0.0106815 0.999936 228.149
0.999902 0.0135557 -0.0035278 -1.3413 -0.0135158 0.999847 0.0110925 -3.16415 0.00367763 -0.0110438 0.999932 229.911
0.999915 0.0125715 -0.00358543 -1.35804 -0.0125315 0.999861 0.0109834 -3.17553 0.00372301 -0.0109376 0.999933 231.433
0.999925 0.0115894 -0.00388947 -1.36105 -0.011546 0.999873 0.0110103 -3.19661 0.00401658 -0.0109645 0.999932 232.752
0.999947 0.00969221 -0.00348056 -1.36983 -0.00965028 0.999883 0.0118681 -3.20839 0.00359518 -0.0118339 0.999923 234.229
0.999946 0.00985238 -0.00330699 -1.38344 -0.00981019 0.999873 0.0125385 -3.22727 0.0034301 -0.0125054 0.999916 235.969
0.999944 0.0100147 -0.00344655 -1.40125 -0.0099705 0.999871 0.0126061 -3.23875 0.00357235 -0.012571 0.999915 237.509
0.999934 0.0109365 -0.00353708 -1.40717 -0.0108954 0.999875 0.0114213 -3.25525 0.00366155 -0.011382 0.999929 238.937
0.999921 0.0123057 -0.0026693 -1.4212 -0.0122713 0.999846 0.0125402 -3.27258 0.00282321 -0.0125065 0.999918 240.465
0.999921 0.0125062 -0.00158582 -1.43706 -0.0124818 0.999815 0.0146056 -3.28165 0.00176819 -0.0145847 0.999892 241.958
0.99992 0.0125669 -0.00165347 -1.4421 -0.0125409 0.999811 0.0148886 -3.2974 0.00184026 -0.0148667 0.999888 243.495
0.999932 0.0116295 -0.00114786 -1.4631 -0.0116128 0.99984 0.0136135 -3.30072 0.00130599 -0.0135992 0.999907 245.033
0.999918 0.012794 -0.000581697 -1.4646 -0.0127856 0.999839 0.0126116 -3.31839 0.000742955 -0.0126031 0.99992 246.43
0.999903 0.0139593 -0.000455883 -1.47776 -0.0139527 0.999829 0.0121474 -3.33497 0.000625374 -0.0121398 0.999926 247.964
0.999907 0.0136048 -0.000177284 -1.48827 -0.013601 0.999811 0.013894 -3.34526 0.000366275 -0.0138903 0.999904 249.482
0.999908 0.013542 -0.000634912 -1.49866 -0.0135313 0.999802 0.0145755 -3.35757 0.000832167 -0.0145655 0.999894 251.069
0.9999 0.0141255 -1.6879e-05 -1.49798 -0.0141238 0.999793 0.0146251 -3.36875 0.000223464 -0.0146235 0.999893 252.545
0.99988 0.0154578 -1.84892e-05 -1.49482 -0.0154558 0.999769 0.0149595 -3.38019 0.000249726 -0.0149574 0.999888 254.076
0.999862 0.0166354 0.000407759 -1.50771 -0.0166397 0.999745 0.0152641 -3.39048 -0.000153731 -0.0152687 0.999883 255.619
0.999854 0.0171007 -0.000160678 -1.52029 -0.0170964 0.99974 0.0151112 -3.3993 0.000419049 -0.0151063 0.999886 257.093
0.999882 0.0153475 -0.000305591 -1.53108 -0.0153407 0.999757 0.0158079 -3.41293 0.000548127 -0.0158013 0.999875 258.671
0.999895 0.0144583 -0.000675636 -1.54966 -0.0144452 0.999759 0.016523 -3.41816 0.000914368 -0.0165115 0.999863 260.33
0.999947 0.0102983 -0.000867263 -1.55675 -0.0102819 0.9998 0.0171458 -3.42964 0.00104366 -0.017136 0.999853 261.793
0.999952 0.00965441 -0.00156518 -1.55583 -0.00962732 0.999818 0.0164782 -3.43899 0.00172398 -0.0164623 0.999863 263.323
0.999954 0.0095482 -0.000269344 -1.5421 -0.00954264 0.999826 0.0160565 -3.44975 0.000422607 -0.0160532 0.999871 264.925
0.999978 0.00660002 0.000353726 -1.57209 -0.00660523 0.999823 0.0176291 -3.46154 -0.000237311 -0.0176311 0.999845 266.786
0.999991 0.00431658 0.00038118 -1.58059 -0.00432323 0.999798 0.0196372 -3.46046 -0.000296337 -0.0196387 0.999807 268.329
0.999996 0.00248642 0.00101371 -1.55719 -0.0025054 0.999813 0.0191721 -3.47271 -0.00096585 -0.0191745 0.999816 269.882
0.999996 0.00244203 0.00129116 -1.55141 -0.0024652 0.99983 0.0182596 -3.47728 -0.00124635 -0.0182627 0.999832 271.225
0.999993 0.00320287 0.00199633 -1.56232 -0.00323878 0.999828 0.0182548 -3.47836 -0.00193752 -0.0182611 0.999831 272.772
0.999988 0.00427788 0.00229973 -1.58117 -0.00431806 0.999833 0.0177611 -3.49028 -0.00222337 -0.0177708 0.99984 274.482
0.999976 0.00598024 0.0035523 -1.56612 -0.00604208 0.999826 0.0176593 -3.49462 -0.00344607 -0.0176803 0.999838 276.125
0.999964 0.00709455 0.00469479 -1.57013 -0.00717694 0.999816 0.0177715 -3.50643 -0.00456784 -0.0178046 0.999831 277.609
0.999958 0.00700352 0.00589185 -1.54236 -0.0071053 0.999823 0.0174356 -3.51155 -0.0057687 -0.0174767 0.999831 279.071
0.99993 0.00872097 0.00800394 -1.54965 -0.00885681 0.999815 0.0170953 -3.52325 -0.00785337 -0.017165 0.999822 280.729
0.999949 0.00672482 0.00749384 -1.56164 -0.00684636 0.999843 0.0163136 -3.52971 -0.00738296 -0.0163641 0.999839 282.32
0.999921 0.00773126 0.00988064 -1.50288 -0.0078954 0.99983 0.0166831 -3.54413 -0.00974997 -0.0167598 0.999812 283.836
0.999929 0.00569349 0.0104443 -1.48541 -0.00588217 0.999818 0.0181244 -3.55127 -0.0103392 -0.0181845 0.999781 285.401
0.999936 0.00486822 0.0101921 -1.5019 -0.00505414 0.99982 0.0182956 -3.56045 -0.0101012 -0.018346 0.999781 286.927
0.999933 0.00361096 0.011003 -1.50243 -0.00378743 0.999864 0.0160607 -3.57073 -0.0109435 -0.0161013 0.999811 288.666
0.999935 0.00443259 0.0105559 -1.47403 -0.00457793 0.999895 0.013784 -3.5806 -0.0104937 -0.0138315 0.999849 290.121
0.999938 0.0030578 0.0107429 -1.43651 -0.00320849 0.999896 0.0140383 -3.59076 -0.0106989 -0.0140719 0.999844 291.675
0.999972 0.00158442 0.00734595 -1.43704 -0.00168938 0.999896 0.0143042 -3.60199 -0.00732253 -0.0143162 0.999871 293.278
0.999951 0.00229213 0.00963635 -1.39212 -0.00241911 0.99991 0.0131862 -3.62022 -0.00960526 -0.0132089 0.999867 295.141
0.999949 0.00198107 0.0099541 -1.37337 -0.00211025 0.999914 0.0129838 -3.63365 -0.00992752 -0.0130041 0.999866 297.009
0.999958 0.00160306 0.0090592 -1.37512 -0.00172637 0.999906 0.0136205 -3.63868 -0.00903651 -0.0136355 0.999866 298.534
0.99997 0.00205166 0.00747855 -1.34619 -0.00215414 0.999904 0.0137212 -3.66158 -0.00744968 -0.0137369 0.999878 299.995
0.999974 0.00198898 0.00687736 -1.34094 -0.00208827 0.999893 0.0144607 -3.67225 -0.00684787 -0.0144747 0.999872 301.746
0.999973 0.00204132 0.00707612 -1.30687 -0.0021605 0.999855 0.0168762 -3.67286 -0.00704065 -0.016891 0.999833 303.224
0.999965 0.00342136 0.0076646 -1.34314 -0.00355097 0.99985 0.0169618 -3.68354 -0.00760541 -0.0169884 0.999827 304.824
0.999959 0.00397833 0.00809393 -1.31552 -0.00411291 0.999852 0.0166792 -3.69157 -0.00802638 -0.0167118 0.999828 306.422
0.999946 0.00337528 0.00978463 -1.30615 -0.00353796 0.999855 0.0166567 -3.69695 -0.00972699 -0.0166904 0.999813 307.991
0.999965 0.00107756 0.0082975 -1.29299 -0.00120453 0.999882 0.0153123 -3.70525 -0.00828002 -0.0153218 0.999848 309.677
0.999961 -0.000245136 0.00882268 -1.32701 0.000124761 0.999907 0.0136418 -3.71684 -0.0088252 -0.0136402 0.999868 311.297
0.999926 -0.00155462 0.0120473 -1.23838 0.00140485 0.999922 0.0124307 -3.7268 -0.0120657 -0.0124129 0.99985 313.068
0.999951 -0.000775646 0.00982255 -1.23894 0.000658898 0.999929 0.0118833 -3.73822 -0.00983107 -0.0118763 0.999881 314.637
0.999974 0.00129173 0.00711567 -1.26146 -0.00137759 0.999926 0.0120742 -3.75911 -0.00709954 -0.0120837 0.999902 316.063
0.999975 0.00253756 0.00661723 -1.26327 -0.00263977 0.999877 0.0154835 -3.76412 -0.00657712 -0.0155005 0.999858 317.695
0.999968 -6.88891e-05 0.00798575 -1.15963 -8.15728e-05 0.999823 0.0188394 -3.77473 -0.00798563 -0.0188395 0.999791 319.431
0.999978 -0.00101105 0.00652467 -1.23253 0.000881383 0.999803 0.0198454 -3.77646 -0.00654345 -0.0198392 0.999782 321.026
0.999969 -0.00183721 0.00766672 -1.20064 0.00169421 0.999825 0.0186163 -3.78267 -0.00769958 -0.0186028 0.999797 322.733
0.999977 -0.00268755 0.00629238 -1.21558 0.00257139 0.999828 0.0183956 -3.785 -0.00634073 -0.018379 0.999811 324.29
0.999979 -0.00235902 0.00601712 -1.23584 0.002247 0.999825 0.0185574 -3.79387 -0.00605985 -0.0185435 0.99981 325.951
0.999991 -0.00250167 0.00345283 -1.21949 0.00243417 0.999809 0.0194182 -3.79959 -0.00350075 -0.0194096 0.999806 327.667
0.999988 -0.00171887 0.0045242 -1.20744 0.00163635 0.999833 0.018181 -3.80946 -0.00455469 -0.0181734 0.999824 329.272
0.999986 -0.000340709 0.00531623 -1.22421 0.000244441 0.999836 0.0180983 -3.81453 -0.00532153 -0.0180967 0.999822 330.917
0.999971 -0.0011504 0.00748934 -1.19549 0.00100705 0.999817 0.0191172 -3.82935 -0.00750996 -0.0191091 0.999789 332.579
0.999979 -0.00316049 0.00558509 -1.22891 0.00304663 0.99979 0.0202781 -3.83061 -0.005648 -0.0202606 0.999779 334.212
0.999978 -0.00262298 0.00607867 -1.18537 0.00250657 0.999815 0.01908 -3.841 -0.00612759 -0.0190643 0.9998 335.855
0.999972 -0.00260309 0.00705496 -1.16335 0.00246519 0.999807 0.0194849 -3.85282 -0.00710432 -0.0194669 0.999785 337.405
0.999979 -0.00170211 0.00630884 -1.23816 0.00159252 0.999848 0.017334 -3.84721 -0.00633739 -0.0173236 0.99983 339.209
0.999963 0.00269785 0.00815933 -1.15578 -0.00281806 0.999887 0.014757 -3.87233 -0.00811859 -0.0147794 0.999858 340.702
0.999992 0.00270481 0.00290079 -1.23418 -0.00275137 0.999866 0.0161678 -3.87601 -0.00285667 -0.0161757 0.999865 342.296
0.999988 0.00316827 0.00374715 -1.27383 -0.00323754 0.999821 0.0186247 -3.88543 -0.00368748 -0.0186366 0.99982 343.983
0.99999 0.00282152 0.00340936 -1.15609 -0.00289441 0.999763 0.0215674 -3.88608 -0.0033477 -0.0215771 0.999762 345.556
0.999984 0.00487388 -0.00297828 -1.22469 -0.00481039 0.999769 0.0209657 -3.89518 0.00307977 -0.020951 0.999776 347.09
0.99998 0.00552967 -0.00316216 -1.2655 -0.00546642 0.999792 0.019673 -3.89909 0.00327028 -0.0196554 0.999802 348.831
0.999994 0.00304044 -0.0013699 -1.24023 -0.00301214 0.999791 0.0202064 -3.90555 0.00143105 -0.0202022 0.999795 350.352
0.99998 0.00126682 -0.00616598 -1.29118 -0.00113369 0.999767 0.0215466 -3.91157 0.00619183 -0.0215392 0.999749 352.168
0.999992 0.00116175 -0.00374318 -1.27687 -0.00108431 0.999787 0.020626 -3.91929 0.00376635 -0.0206217 0.99978 353.599
0.999996 0.000726242 -0.00286122 -1.30262 -0.000669953 0.999807 0.0196247 -3.92537 0.00287492 -0.0196227 0.999803 355.126
0.999994 0.000220268 -0.00342763 -1.30758 -0.000152173 0.999803 0.0198543 -3.92642 0.00343133 -0.0198537 0.999797 356.879
0.999995 -9.29325e-05 -0.00317001 -1.28717 0.000155375 0.999806 0.0197034 -3.93848 0.00316756 -0.0197038 0.999801 358.443
0.999993 -0.000884002 -0.00350631 -1.32979 0.00095185 0.999811 0.0193963 -3.94569 0.0034885 -0.0193995 0.999806 359.991
0.999997 -0.00112248 -0.002042 -1.33964 0.00115968 0.999832 0.0183099 -3.95366 0.00202111 -0.0183122 0.99983 361.605
0.999992 -0.00175305 -0.00351299 -1.34719 0.0018177 0.999827 0.0184865 -3.96312 0.00347997 -0.0184927 0.999823 363.249
0.999995 -0.00202125 -0.0023954 -1.37898 0.00206309 0.999843 0.0175953 -3.96528 0.00235946 -0.0176001 0.999842 364.78
0.999986 -0.00232588 -0.00478776 -1.37936 0.00240828 0.999848 0.0172764 -3.97729 0.00474685 -0.0172877 0.999839 366.453
0.999984 -0.00464032 -0.00324264 -1.35139 0.00469925 0.99982 0.0184087 -3.98296 0.00315663 -0.0184236 0.999825 367.989
0.999976 -0.00628288 -0.00298384 -1.41369 0.00633985 0.99979 0.0194864 -3.9927 0.00286078 -0.0195049 0.999806 369.537
0.999978 -0.0065766 -0.00111799 -1.41176 0.00659655 0.9998 0.0188902 -3.99383 0.000993529 -0.0188972 0.999821 371.21
0.999986 -0.00519293 -0.00128681 -1.42456 0.00521606 0.999812 0.0186727 -4.00011 0.0011896 -0.0186792 0.999825 372.743
0.999993 -0.00364023 0.000558536 -1.46337 0.00362887 0.99981 0.0191424 -4.00272 -0.000628113 -0.0191402 0.999817 374.348
0.999993 -0.00273952 -0.00250284 -1.45396 0.00278923 0.999795 0.0200784 -4.00779 0.00244732 -0.0200853 0.999795 376.047
0.999997 -0.00199201 0.00104286 -1.44689 0.00197082 0.999799 0.0199406 -4.01614 -0.00108237 -0.0199385 0.999801 377.525
0.999996 -0.00257362 0.000855269 -1.47916 0.00255619 0.999801 0.0197947 -4.01566 -0.000906043 -0.0197924 0.999804 379.233
0.999997 -0.00195627 0.00172906 -1.48677 0.00192307 0.999818 0.0189991 -4.02064 -0.00176591 -0.0189957 0.999818 380.867
0.999998 -0.00173258 0.000434677 -1.51831 0.00172403 0.999819 0.0189386 -4.02575 -0.000467411 -0.0189378 0.999821 382.534
0.999998 -0.000252565 0.0019831 -1.50877 0.000214014 0.999811 0.0194157 -4.03024 -0.00198763 -0.0194152 0.99981 384.186
0.999999 0.000188696 0.00120845 -1.49789 -0.000212729 0.999802 0.0199178 -4.03129 -0.00120445 -0.019918 0.999801 385.664
0.999991 0.00171957 0.0039137 -1.48805 -0.00179611 0.999806 0.0196399 -4.04061 -0.00387917 -0.0196468 0.999799 387.324
0.999973 0.0035449 0.00648237 -1.4832 -0.00366723 0.999814 0.0189574 -4.04836 -0.00641396 -0.0189807 0.999799 388.973
0.999986 0.00432758 0.00321086 -1.51758 -0.00438966 0.999799 0.019585 -4.0512 -0.00312546 -0.0195988 0.999803 390.617
0.999973 0.00556323 0.00472325 -1.50358 -0.00565906 0.999773 0.0205252 -4.05303 -0.004608 -0.0205513 0.999778 392.22
0.999965 0.00511731 0.00657687 -1.56442 -0.00525336 0.999769 0.0208388 -4.04778 -0.00646871 -0.0208726 0.999761 393.753
0.999955 0.00831518 0.00467763 -1.49165 -0.00840755 0.999763 0.0200853 -4.06377 -0.00450951 -0.0201237 0.999787 395.45
0.999942 0.007486 0.00780934 -1.52312 -0.00764827 0.999751 0.0209605 -4.06216 -0.00765049 -0.021019 0.99975 396.994
