1 -4.1311e-11 -2.52408e-10 -4.65661e-10 -4.12612e-11 1 -1.70424e-11 0 9.07877e-11 -1.70424e-11 1 -2.98023e-08
0.999996 0.000324233 0.00285118 0.00197748 -0.00032656 1 0.000816097 -0.0446644 -0.00285092 -0.000817025 0.999996 1.20623
0.999996 0.000839793 0.00258938 0.00336182 -0.000842039 0.999999 0.000866443 -0.0718568 -0.00258865 -0.00086862 0.999996 2.42165
0.999992 0.000205191 0.0041177 -0.00713896 -0.000211153 0.999999 0.00144765 -0.0994764 -0.0041174 -0.00144851 0.99999 3.61768
0.999989 -5.73634e-05 0.00463149 -0.00347915 5.27413e-05 1 0.000998221 -0.127884 -0.00463155 -0.000997966 0.999989 4.81995
0.999987 -0.000443695 0.00512068 0.000473538 0.000436545 0.999999 0.00139736 -0.151694 -0.0051213 -0.0013951 0.999986 6.02241
0.999975 -0.000576587 0.00702227 -0.0059106 0.00056738 0.999999 0.00131322 -0.182947 -0.00702302 -0.0013092 0.999974 7.22907
0.99996 2.31109e-06 0.00894238 0.00960589 -1.28982e-05 0.999999 0.00118388 -0.207081 -0.00894237 -0.00118395 0.999959 8.43056
0.999953 -0.00068515 0.00972665 0.00770018 0.000660439 0.999997 0.00254349 -0.233643 -0.00972836 -0.00253695 0.99995 9.64287
0.999986 -0.00130887 0.00511951 0.00980003 0.00129256 0.999994 0.00318709 -0.258739 -0.00512365 -0.00318042 0.999982 10.8453
0.999994 -0.00256392 0.00252934 0.00196474 0.00255761 0.999994 0.00249114 -0.286855 -0.00253571 -0.00248465 0.999994 12.0425
0.999997 -0.00228958 0.000978158 -0.00305266 0.00228764 0.999995 0.00197968 -0.312985 -0.000982686 -0.00197744 0.999998 13.2348
0.999998 -0.00196348 -0.000625335 -0.00411245 0.00196476 0.999996 0.00205303 -0.338088 0.000621301 -0.00205425 0.999998 14.4154
0.999999 -0.00050791 -0.00156703 -0.0192884 0.000509786 0.999999 0.00119753 -0.366002 0.00156642 -0.00119832 0.999998 15.6101
0.999999 -0.00129496 -0.00064773 -0.0327453 0.00129623 0.999997 0.00196263 -0.391243 0.000645186 -0.00196346 0.999998 16.8006
0.999996 -0.00136775 -0.00234968 -0.0293242 0.00137442 0.999995 0.00284011 -0.417386 0.00234579 -0.00284333 0.999993 18.0105
0.999991 -0.00167801 -0.00390107 -0.045007 0.00169017 0.999994 0.00311675 -0.443272 0.00389582 -0.00312331 0.999988 19.185
0.999991 -0.00168166 -0.00383394 -0.0700627 0.00168941 0.999997 0.00201914 -0.467763 0.00383054 -0.0020256 0.999991 20.3845
0.999991 -0.00162232 -0.00390885 -0.0753441 0.00162671 0.999998 0.00111834 -0.493436 0.00390703 -0.00112469 0.999992 21.5875
0.999983 -0.00117519 -0.00565052 -0.0880409 0.0011832 0.999998 0.00141487 -0.519285 0.00564885 -0.00142153 0.999983 22.7904
0.99999 -0.00144645 -0.00424928 -0.110156 0.00145165 0.999998 0.00122123 -0.543928 0.00424751 -0.00122739 0.99999 23.9943
0.999983 -0.000975607 -0.00583726 -0.122008 0.000977424 1 0.000308238 -0.573065 0.00583695 -0.000313938 0.999983 25.1938
0.999972 -0.000194868 -0.00746446 -0.140414 0.000203453 0.999999 0.00114929 -0.599553 0.00746423 -0.00115078 0.999972 26.4083
0.999964 -0.00152936 -0.00839186 -0.158543 0.00155641 0.999994 0.00321699 -0.623431 0.00838688 -0.00322994 0.99996 27.5892
0.99997 -0.00207206 -0.00746833 -0.180266 0.00209877 0.999991 0.0035706 -0.648474 0.00746086 -0.00358617 0.999966 28.7833
0.999982 -0.00247059 -0.00550433 -0.192852 0.00248471 0.999994 0.00256026 -0.672242 0.00549797 -0.00257389 0.999982 29.9776
0.999974 -0.0024434 -0.00676287 -0.205951 0.00245316 0.999996 0.00143524 -0.698257 0.00675934 -0.00145179 0.999976 31.1525
0.999977 -0.00212366 -0.00640832 -0.211346 0.00213099 0.999997 0.00113729 -0.724108 0.00640589 -0.00115092 0.999979 32.3757
0.999984 -0.00228898 -0.00521333 -0.228615 0.00229827 0.999996 0.00177801 -0.749404 0.00520924 -0.00178997 0.999985 33.5493
0.999956 -0.0025561 -0.00908578 -0.234409 0.00257468 0.999995 0.0020342 -0.77428 0.00908053 -0.0020575 0.999957 34.7436
0.999927 -0.00320645 -0.0116304 -0.252328 0.00322644 0.999993 0.00170029 -0.80451 0.0116248 -0.00173769 0.999931 35.9651
0.999949 -0.00267109 -0.00978813 -0.283416 0.0026866 0.999995 0.00157208 -0.827126 0.00978388 -0.00159829 0.999951 37.1491
0.999941 -0.00351685 -0.0102418 -0.301222 0.00354161 0.999991 0.00239992 -0.855241 0.0102333 -0.00243605 0.999945 38.3665
0.999962 -0.00341641 -0.00801523 -0.320228 0.00344375 0.999988 0.00340007 -0.877281 0.00800352 -0.00342754 0.999962 39.5501
0.999973 -0.00316531 -0.00669298 -0.336282 0.00319435 0.999986 0.00433264 -0.904204 0.00667917 -0.0043539 0.999968 40.7431
0.999975 -0.00217215 -0.00672268 -0.34123 0.0021985 0.99999 0.00391484 -0.9264 0.00671411 -0.00392952 0.99997 41.9766
0.999975 -0.000672096 -0.00705165 -0.353293 0.00070013 0.999992 0.00397375 -0.950992 0.00704892 -0.00397859 0.999967 43.1543
0.99993 0.00257873 -0.0115725 -0.367181 -0.0025086 0.999978 0.00606971 -0.969629 0.0115879 -0.00604025 0.999915 44.3644
0.999943 0.00252701 -0.0103951 -0.39677 -0.00243273 0.999956 0.00907277 -0.991986 0.0104176 -0.00904696 0.999905 45.5743
0.999947 0.00343651 -0.00969337 -0.411762 -0.00331937 0.999922 0.012075 -1.00501 0.00973411 -0.0120422 0.99988 46.7654
0.999979 0.00363638 -0.00542005 -0.422004 -0.00355417 0.99988 0.0151 -1.01725 0.00547431 -0.0150804 0.999871 47.9657
0.999988 0.00282439 -0.00389927 -0.432304 -0.00275927 0.999858 0.0166063 -1.02885 0.00394562 -0.0165953 0.999855 49.1682
0.999998 0.00201035 0.000354322 -0.443898 -0.00201534 0.99989 0.0147105 -1.03624 -0.00032471 -0.0147112 0.999892 50.377
0.999994 0.00305418 0.00172527 -0.438822 -0.003077 0.999906 0.0133834 -1.04789 -0.00168424 -0.0133886 0.999909 51.5626
0.99999 0.00402308 -0.00177907 -0.440819 -0.00399926 0.999905 0.0131946 -1.05169 0.00183198 -0.0131873 0.999911 52.8012
0.999991 0.00360751 -0.00226631 -0.452397 -0.00357823 0.999912 0.0127905 -1.07016 0.00231225 -0.0127822 0.999916 53.9726
0.999995 0.00314294 -0.000436769 -0.478641 -0.00313777 0.99993 0.0113735 -1.08107 0.000472485 -0.0113721 0.999935 55.1929
0.999981 0.00413686 -0.004549 -0.480773 -0.00408253 0.999921 0.0118877 -1.09206 0.00459782 -0.0118689 0.999919 56.401
0.99998 0.00348825 -0.00521076 -0.499809 -0.0034178 0.999904 0.0134691 -1.1057 0.00525724 -0.013451 0.999896 57.6177
0.99997 0.00447535 -0.00626762 -0.508708 -0.00439286 0.999904 0.0131137 -1.11886 0.00632571 -0.0130858 0.999894 58.8247
0.99998 0.00484492 -0.00415909 -0.509263 -0.00479028 0.999903 0.0130502 -1.13207 0.00422192 -0.01303 0.999906 60.062
0.999952 0.00569256 -0.00795407 -0.5462 -0.00559059 0.999903 0.0127837 -1.14677 0.00802606 -0.0127386 0.999887 61.2548
0.999964 0.00503482 -0.00682707 -0.562372 -0.00495078 0.999913 0.0122717 -1.15668 0.00688826 -0.0122375 0.999901 62.4719
0.999985 0.0043363 -0.00340588 -0.555138 -0.00429755 0.999927 0.0113046 -1.1767 0.00345465 -0.0112898 0.99993 63.662
0.999978 0.00481213 -0.00453805 -0.583811 -0.00475565 0.999912 0.012376 -1.18872 0.00459721 -0.0123541 0.999913 64.8596
0.999989 0.00376346 -0.00296619 -0.594025 -0.00372188 0.999896 0.0139011 -1.19967 0.0030182 -0.0138899 0.999899 66.0804
0.999989 0.00440941 -0.00138152 -0.591843 -0.00439126 0.999908 0.0128732 -1.21704 0.00143816 -0.012867 0.999916 67.2417
0.999969 0.00696111 -0.00359652 -0.601891 -0.00692004 0.999912 0.0113087 -1.23181 0.00367492 -0.0112835 0.99993 68.4421
0.999956 0.00842329 -0.00412794 -0.617955 -0.00837402 0.999895 0.0118113 -1.24357 0.00422699 -0.0117762 0.999922 69.6375
0.999941 0.0100272 -0.00420359 -0.624062 -0.00997485 0.999875 0.0122949 -1.25922 0.00432635 -0.0122523 0.999916 70.809
0.999919 0.0120355 -0.00426412 -0.645124 -0.0119832 0.999855 0.0120746 -1.27098 0.00440883 -0.0120225 0.999918 72.0226
0.999921 0.0114917 -0.00509289 -0.627468 -0.0114166 0.999829 0.0145382 -1.29029 0.00525909 -0.0144789 0.999881 73.1908
0.999894 0.0139884 -0.00399564 -0.653196 -0.0139359 0.99982 0.0128732 -1.29472 0.00417499 -0.0128162 0.999909 74.3601
0.999933 0.0115385 -0.000467263 -0.664366 -0.0115318 0.999857 0.0123649 -1.30888 0.000609869 -0.0123587 0.999923 75.568
0.999936 0.0102276 0.00474014 -0.658901 -0.0102631 0.999919 0.00753037 -1.3336 -0.00466274 -0.00757854 0.99996 76.7135
0.999924 0.0110692 0.00545585 -0.650868 -0.0111035 0.999919 0.00629237 -1.34843 -0.00538575 -0.00635247 0.999965 77.8861
0.999925 0.00941313 0.00787744 -0.654183 -0.00949225 0.999904 0.0100674 -1.36467 -0.00778192 -0.0101414 0.999918 79.0653
0.999914 0.00877081 0.009795 -0.660334 -0.00888247 0.999895 0.0114158 -1.38334 -0.00969385 -0.0115018 0.999887 80.2493
0.999815 0.0102234 0.0162832 -0.657143 -0.0103815 0.9999 0.0096585 -1.39475 -0.0161828 -0.00982576 0.999821 81.4043
0.999749 0.00909803 0.0204593 -0.642204 -0.00923602 0.999935 0.00666028 -1.41783 -0.0203973 -0.00684758 0.999769 82.597
0.99964 0.00832621 0.0254897 -0.600245 -0.00840424 0.99996 0.0029557 -1.44073 -0.0254641 -0.00316885 0.999671 83.732
0.999543 0.00737139 0.0293111 -0.573522 -0.00743357 0.99997 0.00201272 -1.46542 -0.0292954 -0.00222969 0.999568 84.8666
0.999454 0.00672976 0.0323422 -0.535858 -0.00686485 0.999968 0.00406773 -1.49 -0.0323138 -0.00428753 0.999469 86.026
0.999366 0.00777186 0.0347533 -0.495247 -0.00793718 0.999958 0.0046216 -1.51321 -0.0347159 -0.00489451 0.999385 87.218
0.999252 0.00784804 0.0378693 -0.450336 -0.00794632 0.999965 0.00244544 -1.54073 -0.0378488 -0.00274453 0.99928 88.351
0.999163 0.00853009 0.0400077 -0.414577 -0.00852585 0.999964 -0.000276461 -1.56878 -0.0400086 -6.4869e-05 0.999199 89.5158
0.999087 0.00862266 0.0418552 -0.373731 -0.00863071 0.999963 1.16752e-05 -1.59414 -0.0418535 -0.000372905 0.999124 90.6127
0.999029 0.00659793 0.0435709 -0.338025 -0.00664301 0.999978 0.000890012 -1.62107 -0.0435641 -0.00117859 0.99905 91.7823
0.998903 0.00594702 0.046451 -0.293357 -0.00606878 0.999979 0.00248064 -1.64692 -0.0464352 -0.00275982 0.998918 92.9337
0.998784 0.00554184 0.0489854 -0.231282 -0.00574601 0.999975 0.00402822 -1.66883 -0.0489619 -0.0043048 0.998791 94.0972
0.998633 0.00368551 0.0521329 -0.186709 -0.00395077 0.99998 0.00498604 -1.6905 -0.0521134 -0.00518519 0.998628 95.2647
0.998556 0.00232665 0.0536714 -0.140072 -0.00247833 0.999993 0.00275964 -1.7124 -0.0536647 -0.00288867 0.998555 96.4132
0.998418 0.00125947 0.0562114 -0.0889237 -0.00124289 0.999999 -0.000329933 -1.7379 -0.0562118 0.000259548 0.998419 97.5695
0.998353 0.00205293 0.0573327 -0.0238857 -0.00186084 0.999992 -0.00340366 -1.76135 -0.0573393 0.00329137 0.998349 98.7119
0.998305 0.00214414 0.0581647 0.0322936 -0.00189724 0.999989 -0.00429981 -1.7889 -0.0581733 0.00418217 0.998298 99.8687
0.998255 0.0020254 0.0590182 0.0992298 -0.00181761 0.999992 -0.00357421 -1.81706 -0.059025 0.0034607 0.99825 101.077
0.998325 0.00179126 0.057821 0.168913 -0.00166946 0.999996 -0.00215474 -1.84802 -0.0578247 0.0020546 0.998325 102.245
0.998412 0.00113826 0.0563169 0.227708 -0.00111191 0.999999 -0.000499077 -1.87634 -0.0563174 0.000435665 0.998413 103.446
0.998527 0.00132381 0.0542468 0.278337 -0.00134468 0.999999 0.000348254 -1.89917 -0.0542463 -0.000420685 0.998528 104.625
0.998586 0.00146559 0.053131 0.328238 -0.00152346 0.999998 0.00104872 -1.92442 -0.0531294 -0.00112818 0.998587 105.822
0.99871 0.0020586 0.0507292 0.38511 -0.00211761 0.999997 0.00110947 -1.94764 -0.0507268 -0.00121546 0.998712 107.038
0.998906 0.00343045 0.046643 0.44054 -0.00346904 0.999994 0.000746457 -1.97118 -0.0466401 -0.000907445 0.998911 108.247
0.999061 0.00370263 0.0431818 0.487168 -0.00375784 0.999992 0.00119764 -1.99707 -0.043177 -0.00135879 0.999067 109.467
0.999247 0.0042224 0.0385649 0.519938 -0.00430359 0.999989 0.00202238 -2.01847 -0.0385559 -0.00218683 0.999254 110.66
0.999408 0.00422712 0.0341471 0.564263 -0.00432917 0.999986 0.00291529 -2.04391 -0.0341343 -0.0030614 0.999413 111.898
0.999528 0.00416178 0.0304281 0.580985 -0.00426991 0.999985 0.00348955 -2.06659 -0.0304131 -0.00361782 0.999531 113.107
0.999681 0.00448928 0.0248565 0.61822 -0.00459499 0.999981 0.00419734 -2.08976 -0.0248372 -0.00431022 0.999682 114.34
0.999785 0.00533204 0.0200336 0.628962 -0.00541565 0.999977 0.00412177 -2.11159 -0.0200112 -0.00422938 0.999791 115.561
0.999878 0.0059621 0.0144218 0.636498 -0.00601851 0.999974 0.00387161 -2.13276 -0.0143984 -0.00395794 0.999889 116.772
0.999918 0.00690226 0.0107779 0.652597 -0.00693981 0.99997 0.00345011 -2.15657 -0.0107538 -0.00352462 0.999936 118.02
0.999912 0.00848167 0.0102117 0.654397 -0.00851545 0.999958 0.00326952 -2.17754 -0.0101835 -0.00335619 0.999943 119.241
0.999925 0.0107676 0.00576031 0.656796 -0.0107866 0.999936 0.00328785 -2.19855 -0.00572454 -0.00334974 0.999978 120.482
0.999919 0.0118461 0.00460611 0.658633 -0.011862 0.999924 0.00343704 -2.22601 -0.00456505 -0.0034914 0.999983 121.73
0.999895 0.0138173 0.00443837 0.64999 -0.0138335 0.999898 0.00362819 -2.24808 -0.00438779 -0.0036892 0.999984 122.936
0.999882 0.0153267 0.00107311 0.637662 -0.0153315 0.999872 0.00462076 -2.26666 -0.00100215 -0.00463666 0.999989 124.196
0.999868 0.0158024 0.00376466 0.631018 -0.0158219 0.999861 0.00520555 -2.29324 -0.00368188 -0.00526443 0.999979 125.451
0.999821 0.0187348 0.00277305 0.621254 -0.0187543 0.999798 0.00719646 -2.31023 -0.00263766 -0.00724718 0.99997 126.702
0.99979 0.0203291 0.00240035 0.622791 -0.0203515 0.999746 0.00970132 -2.32193 -0.00220252 -0.00974814 0.99995 127.968
0.999819 0.0183139 0.00520941 0.607898 -0.0183661 0.99978 0.0101623 -2.3403 -0.00502215 -0.0102561 0.999935 129.216
0.999812 0.0190273 0.0036635 0.613122 -0.0190582 0.999781 0.00860873 -2.35952 -0.0034989 -0.00867693 0.999956 130.487
0.999854 0.0163928 0.00484437 0.6125 -0.0164377 0.999821 0.00937602 -2.37073 -0.0046898 -0.00945428 0.999944 131.725
0.999909 0.0134183 0.00168635 0.608322 -0.0134366 0.999845 0.0113784 -2.3887 -0.00153341 -0.0114 0.999934 132.995
0.999944 0.0104404 0.00164797 0.62378 -0.0104613 0.999858 0.013222 -2.39981 -0.00150969 -0.0132385 0.999911 134.243
0.999964 0.00811306 0.00255341 0.608529 -0.00814837 0.999867 0.014138 -2.41243 -0.00243837 -0.0141583 0.999897 135.528
0.999985 0.00420219 0.0036295 0.608779 -0.00424731 0.999913 0.0125148 -2.42654 -0.00357659 -0.01253 0.999915 136.812
0.999981 0.002294 0.00572033 0.625076 -0.00235933 0.999932 0.0114399 -2.43614 -0.0056937 -0.0114532 0.999918 138.072
0.999994 0.000481045 0.00341614 0.636185 -0.000521249 0.999931 0.0117773 -2.45406 -0.00341024 -0.011779 0.999925 139.375
0.999991 0.000202762 0.00424043 0.630945 -0.000254099 0.999927 0.0121097 -2.46392 -0.00423767 -0.0121107 0.999918 140.646
0.999977 0.000963533 0.00670344 0.636319 -0.00105708 0.999902 0.0139655 -2.47794 -0.00668933 -0.0139723 0.99988 141.912
0.999988 0.00287767 0.00388969 0.630372 -0.00293746 0.999876 0.0154538 -2.48569 -0.00384474 -0.015465 0.999873 143.201
0.999983 0.00300661 0.00496099 0.648038 -0.00307656 0.999895 0.0141527 -2.50251 -0.00491792 -0.0141677 0.999888 144.474
0.999968 0.00409015 0.00692541 0.651467 -0.00417306 0.999919 0.0120003 -2.51288 -0.00687577 -0.0120288 0.999904 145.746
0.999955 0.00351055 0.00886747 0.629426 -0.00359722 0.999946 0.00977623 -2.52629 -0.00883267 -0.00980768 0.999913 147.033
0.999968 0.00294806 0.00749173 0.655234 -0.00299415 0.999977 0.00614828 -2.55293 -0.00747343 -0.00617051 0.999953 148.293
0.999968 0.00314941 0.00737301 0.68051 -0.00316899 0.999992 0.00264621 -2.57424 -0.00736462 -0.00266949 0.999969 149.55
0.999957 0.0029933 0.00875374 0.674568 -0.00300852 0.999994 0.00172637 -2.60208 -0.00874852 -0.00175263 0.99996 150.806
0.999955 0.00247529 0.00916484 0.676539 -0.00249444 0.999995 0.00207882 -2.62893 -0.00915965 -0.00210159 0.999956 152.101
0.999967 0.00319967 0.00744025 0.687316 -0.00321832 0.999992 0.00249662 -2.6582 -0.00743219 -0.00252048 0.999969 153.364
0.999958 0.00376458 0.00840325 0.67609 -0.00379558 0.999986 0.00367643 -2.68321 -0.00838929 -0.00370817 0.999958 154.599
0.999921 0.00460087 0.0116875 0.694641 -0.00464444 0.999982 0.00370367 -2.70971 -0.0116702 -0.00375766 0.999925 155.889
0.999927 0.00467889 0.011114 0.705054 -0.00471968 0.999982 0.00364644 -2.73219 -0.0110967 -0.00369863 0.999932 157.111
0.999931 0.00528511 0.0104869 0.723601 -0.0053274 0.999978 0.00400872 -2.76039 -0.0104655 -0.00406431 0.999937 158.386
0.999973 0.00485413 0.0054372 0.724074 -0.00488315 0.999974 0.00533644 -2.78317 -0.00541116 -0.00536285 0.999971 159.646
0.999967 0.00555453 0.00593214 0.729031 -0.0055869 0.99997 0.0054546 -2.80715 -0.00590166 -0.00548757 0.999968 160.914
0.999972 0.0057446 0.00474763 0.728052 -0.00576656 0.999973 0.00462715 -2.83239 -0.00472092 -0.00465439 0.999978 162.193
0.999969 0.0067729 0.00401698 0.723548 -0.00678773 0.99997 0.00369098 -2.85518 -0.00399186 -0.00371814 0.999985 163.456
0.999966 0.0070215 0.00434763 0.725756 -0.00703485 0.999971 0.00306295 -2.87975 -0.004326 -0.00309344 0.999986 164.734
0.99997 0.0068086 0.00360061 0.726861 -0.00681723 0.999974 0.00238829 -2.90576 -0.00358425 -0.00241277 0.999991 166.015
0.999961 0.00732179 0.00489732 0.72073 -0.00732952 0.999972 0.00156215 -2.93139 -0.00488575 -0.00159799 0.999987 167.238
0.999971 0.00741103 0.00199492 0.724818 -0.00741533 0.99997 0.00215645 -2.95777 -0.00197888 -0.00217118 0.999996 168.516
0.999972 0.00742752 -0.00113903 0.732863 -0.00742391 0.999968 0.00314352 -2.98606 0.00116235 -0.00313498 0.999994 169.779
0.999963 0.00771771 -0.00388697 0.718489 -0.00770219 0.999962 0.00399306 -3.01087 0.00391764 -0.00396297 0.999985 171.038
0.999967 0.00818224 0.000242803 0.68553 -0.00818318 0.999958 0.00414785 -3.03367 -0.000208854 -0.0041497 0.999991 172.326
0.999967 0.00812882 -0.000659647 0.682897 -0.00812597 0.999958 0.00421157 -3.05706 0.000693855 -0.00420607 0.999991 173.583
0.999957 0.00871932 -0.00330317 0.675781 -0.00870718 0.999955 0.00367243 -3.08157 0.00333504 -0.00364351 0.999988 174.85
0.99995 0.00993032 -0.00085612 0.673219 -0.00992749 0.999945 0.00324434 -3.10604 0.00088829 -0.00323568 0.999994 176.118
0.999948 0.00971659 -0.00309636 0.655061 -0.00970659 0.999948 0.00322677 -3.13076 0.00312755 -0.00319655 0.99999 177.357
0.999954 0.00956663 -0.00110302 0.648775 -0.00956402 0.999952 0.00234472 -3.15517 0.0011254 -0.00233407 0.999997 178.646
0.999963 0.00840635 -0.00180476 0.638123 -0.0084043 0.999964 0.00114028 -3.18131 0.00181428 -0.00112507 0.999998 179.872
0.999985 0.00541785 -0.000127056 0.633184 -0.00541766 0.999984 0.00143607 -3.21555 0.000134834 -0.00143536 0.999999 181.174
0.999985 0.00556612 -0.000126701 0.626679 -0.0055655 0.999975 0.00445513 -3.2397 0.000151496 -0.00445436 0.99999 182.428
0.999994 0.00331922 -0.00077192 0.629118 -0.00331231 0.999956 0.00877959 -3.26132 0.000801028 -0.00877698 0.999961 183.688
0.99998 0.00473322 -0.00424512 0.629314 -0.00469671 0.999952 0.00856961 -3.2835 0.00428548 -0.0085495 0.999954 184.958
0.999963 0.00719722 -0.00480341 0.611388 -0.00717092 0.999959 0.00546909 -3.30319 0.00484258 -0.00543445 0.999974 186.234
0.999969 0.00786175 -0.000504614 0.58574 -0.00785986 0.999963 0.00363878 -3.32652 0.000533202 -0.0036347 0.999993 187.462
0.999968 0.00734752 -0.00308515 0.585841 -0.00733478 0.999965 0.00412008 -3.34933 0.00311531 -0.00409732 0.999987 188.714
0.999975 0.00702592 0.00103496 0.576115 -0.00703119 0.999962 0.00518542 -3.37477 -0.000998492 -0.00519256 0.999986 189.974
0.999974 0.00723642 -0.000132808 0.585286 -0.00723532 0.99995 0.0069741 -3.40146 0.000183269 -0.00697296 0.999976 191.217
0.999974 0.00633779 0.00348883 0.5661 -0.00636677 0.999945 0.00835975 -3.42587 -0.00343566 -0.00838174 0.999959 192.471
0.999973 0.00646044 0.00351789 0.558434 -0.00648654 0.999951 0.00745767 -3.44219 -0.00346954 -0.00748029 0.999966 193.685
0.999976 0.00464119 0.00507936 0.559925 -0.00467236 0.99997 0.0061417 -3.47196 -0.0050507 -0.00616529 0.999968 194.91
0.99997 0.00559262 0.00528529 0.577445 -0.00561552 0.999975 0.00432808 -3.49158 -0.00526095 -0.00435764 0.999977 196.15
0.999955 0.00471123 0.00822276 0.565749 -0.00474368 0.999981 0.00393107 -3.51757 -0.00820408 -0.0039699 0.999959 197.373
0.999913 0.00457282 0.0123596 0.570178 -0.00463054 0.999979 0.00464533 -3.54392 -0.0123381 -0.00470215 0.999913 198.594
0.999918 0.00399707 0.0121753 0.582276 -0.00407568 0.999971 0.00643853 -3.56941 -0.0121492 -0.00648762 0.999905 199.801
0.999943 0.0052657 0.00929322 0.61076 -0.00533165 0.999961 0.00708584 -3.59354 -0.00925555 -0.00713498 0.999932 201.007
0.99994 0.00517875 0.0096803 0.598435 -0.00524672 0.999962 0.00700943 -3.6168 -0.00964362 -0.0070598 0.999929 202.22
0.999952 0.00543268 0.00820496 0.609531 -0.00549481 0.999956 0.00756956 -3.6374 -0.00816348 -0.00761428 0.999938 203.414
0.999937 0.00542566 0.0098706 0.614336 -0.00549768 0.999958 0.0072844 -3.6588 -0.00983067 -0.00733821 0.999925 204.578
0.999935 0.00554773 0.00994812 0.600342 -0.00561907 0.999959 0.00715744 -3.68074 -0.009908 -0.00721288 0.999925 205.743
0.999923 0.0056656 0.0110564 0.603075 -0.00574622 0.999957 0.00727357 -3.70182 -0.0110147 -0.00733654 0.999913 206.902
0.999902 0.00442014 0.0133029 0.611845 -0.00452592 0.999958 0.00793199 -3.72756 -0.0132673 -0.00799142 0.99988 208.065
0.999911 0.00417202 0.0126537 0.624601 -0.00427696 0.999957 0.00827815 -3.74713 -0.0126187 -0.00833153 0.999886 209.214
0.999919 0.00340143 0.0122336 0.633263 -0.00351754 0.999949 0.00948241 -3.77046 -0.0122007 -0.00952467 0.99988 210.332
0.999942 0.00392305 0.0100077 0.642522 -0.00401295 0.999952 0.00897879 -3.79006 -0.00997202 -0.00901843 0.99991 211.448
0.999958 0.00412465 0.00822288 0.634708 -0.00419498 0.999955 0.00855477 -3.8133 -0.00818722 -0.0085889 0.99993 212.561
0.999951 0.00473637 0.00864794 0.642143 -0.0048002 0.999961 0.00737484 -3.83265 -0.00861267 -0.00741599 0.999935 213.639
0.999955 0.00405863 0.00855203 0.631079 -0.00411921 0.999967 0.0070782 -3.85355 -0.00852301 -0.00711311 0.999938 214.704
0.99996 0.00321625 0.00831192 0.638565 -0.00328001 0.999965 0.0076695 -3.8764 -0.00828697 -0.00769646 0.999936 215.755
0.999969 0.00306811 0.00724487 0.640237 -0.0031256 0.999964 0.00793681 -3.89686 -0.00722025 -0.00795921 0.999942 216.807
0.999987 0.00165119 0.00474954 0.645278 -0.00169619 0.999954 0.00948595 -3.91792 -0.00473365 -0.00949389 0.999944 217.841
0.999998 0.00214392 0.000198776 0.655311 -0.00214605 0.999932 0.0114322 -3.93563 -0.000174254 -0.0114326 0.999935 218.848
0.999994 0.00214946 -0.00281224 0.631187 -0.00211689 0.999931 0.0115335 -3.95476 0.00283683 -0.0115275 0.99993 219.851
0.999982 0.00254086 -0.00546077 0.619142 -0.00248018 0.999935 0.0110907 -3.96958 0.0054886 -0.0110769 0.999924 220.828
0.999982 0.00264987 -0.00539463 0.603299 -0.00259049 0.999936 0.0109855 -3.988 0.0054234 -0.0109713 0.999925 221.81
0.999958 0.00342522 -0.00846324 0.593446 -0.00332654 0.999927 0.0116459 -4.00382 0.00850251 -0.0116173 0.999896 222.766
0.999927 0.00371224 -0.0115208 0.57352 -0.00358063 0.999928 0.0114237 -4.02143 0.0115624 -0.0113816 0.999869 223.677
0.999892 0.00342075 -0.0143102 0.553307 -0.00326771 0.999937 0.0107042 -4.04086 0.0143459 -0.0106563 0.99984 224.605
0.99986 0.00323078 -0.0164305 0.525921 -0.00306362 0.999943 0.0101884 -4.05759 0.0164625 -0.0101366 0.999813 225.471
0.999786 0.00420967 -0.0202729 0.508772 -0.00400145 0.999939 0.0103008 -4.07298 0.020315 -0.0102174 0.999741 226.326
0.999692 0.00478317 -0.0243617 0.481688 -0.00455295 0.999945 0.00949663 -4.09164 0.0244057 -0.00938279 0.999658 227.156
0.999611 0.00653149 -0.027096 0.45363 -0.00626882 0.999933 0.00976792 -4.10536 0.0271579 -0.00959426 0.999585 227.956
0.999582 0.00763644 -0.0278819 0.421263 -0.00735843 0.999922 0.0100601 -4.12099 0.0279565 -0.00985075 0.999561 228.767
0.999549 0.00766229 -0.0290373 0.396905 -0.00734462 0.999912 0.0110308 -4.1358 0.0291192 -0.0108126 0.999518 229.543
0.999515 0.00762451 -0.0302071 0.359613 -0.00727603 0.999906 0.0116294 -4.14937 0.0302929 -0.0114039 0.999476 230.31
0.999616 0.00719135 -0.0267461 0.328706 -0.00688651 0.99991 0.0114723 -4.16467 0.0268262 -0.0112837 0.999576 231.071
0.999645 0.00747385 -0.0255676 0.303354 -0.00723041 0.999928 0.00960064 -4.1759 0.0256375 -0.00941237 0.999627 231.772
0.999653 0.00780003 -0.0251758 0.285306 -0.00761433 0.999943 0.00746373 -4.18991 0.0252326 -0.00726944 0.999655 232.52
0.999721 0.00767151 -0.0223424 0.261102 -0.00753291 0.999952 0.00628087 -4.20465 0.0223895 -0.00611081 0.999731 233.244
0.999718 0.00837806 -0.0222103 0.256175 -0.00825826 0.999951 0.00548042 -4.21846 0.0222551 -0.00529546 0.999738 233.983
0.999749 0.00786908 -0.020962 0.223118 -0.00775334 0.999954 0.00559675 -4.23175 0.0210051 -0.00543282 0.999765 234.709
0.99978 0.00759651 -0.0195584 0.211243 -0.00748546 0.999956 0.0057445 -4.24494 0.0196012 -0.00559683 0.999792 235.41
0.999819 0.00733616 -0.0175298 0.192908 -0.00724151 0.999959 0.00545682 -4.25797 0.0175691 -0.00532889 0.999831 236.132
0.999843 0.00720686 -0.0161764 0.175476 -0.00712295 0.999961 0.00523894 -4.27321 0.0162136 -0.00512289 0.999855 236.812
0.999909 0.00734438 -0.0113193 0.170208 -0.0072803 0.999957 0.00569252 -4.28646 0.0113606 -0.00560959 0.99992 237.526
0.999935 0.0064908 -0.0093391 0.161557 -0.00643171 0.999959 0.00634329 -4.29745 0.00937989 -0.00628282 0.999936 238.235
0.999968 0.00503391 -0.00622196 0.158153 -0.00499229 0.999965 0.00668555 -4.30941 0.0062554 -0.00665428 0.999958 238.909
0.999989 0.00455567 -0.00122835 0.148212 -0.00454714 0.999966 0.00686209 -4.32467 0.00125957 -0.00685642 0.999976 239.619
0.999989 0.0044408 0.00176985 0.151063 -0.00445227 0.999969 0.00652541 -4.3406 -0.00174082 -0.00653321 0.999977 240.301
0.99998 0.00409272 0.00489103 0.148503 -0.00412213 0.999973 0.00601794 -4.34699 -0.00486627 -0.00603798 0.99997 240.99
0.999959 0.00476967 0.00765483 0.150168 -0.0048098 0.999975 0.00523264 -4.35456 -0.00762968 -0.00526925 0.999957 241.679
0.999916 0.00459054 0.012122 0.148794 -0.00465014 0.999977 0.00489369 -4.36594 -0.0120993 -0.00494965 0.999915 242.375
0.999865 0.00435027 0.015879 0.159398 -0.00443723 0.999975 0.00544518 -4.37789 -0.0158549 -0.0055149 0.999859 243.107
0.999784 0.00443306 0.0203071 0.171739 -0.00455867 0.999971 0.00614319 -4.38215 -0.0202792 -0.00623443 0.999775 243.83
0.99974 0.00417449 0.0224019 0.203491 -0.00431617 0.999971 0.0062798 -4.39553 -0.0223751 -0.00637486 0.999729 244.512
0.999669 0.00390543 0.0254249 0.2144 -0.00402823 0.999981 0.00478024 -4.40878 -0.0254058 -0.00488108 0.999665 245.24
0.999607 0.00460062 0.0276428 0.226829 -0.00466615 0.999986 0.00230638 -4.42267 -0.0276318 -0.00243446 0.999615 245.925
0.999604 0.00389888 0.0278521 0.248514 -0.00391184 0.999992 0.000410905 -4.43617 -0.0278503 -0.000519696 0.999612 246.651
0.999595 0.00378502 0.0281932 0.265002 -0.00379727 0.999993 0.000381008 -4.4507 -0.0281916 -0.00048791 0.999602 247.381
0.99962 0.00328444 0.0273732 0.289766 -0.00328655 0.999995 3.23897e-05 -4.46757 -0.027373 -0.000122341 0.999625 248.114
0.999587 0.00419421 0.0284462 0.31364 -0.00418243 0.999991 -0.000473529 -4.4848 -0.0284479 0.000354359 0.999595 248.865
0.999603 0.00524174 0.027698 0.341993 -0.00521749 0.999986 -0.000948009 -4.50082 -0.0277026 0.000803119 0.999616 249.602
0.999625 0.00485428 0.0269655 0.35687 -0.00478086 0.999985 -0.00278663 -4.51466 -0.0269786 0.00265666 0.999633 250.327
0.999687 0.000803656 0.0249946 0.385636 -0.000677713 0.999987 -0.00504685 -4.53779 -0.0249983 0.00502833 0.999675 251.055
0.999642 -0.000934966 0.0267309 0.40518 0.00109339 0.999982 -0.00591255 -4.55782 -0.0267249 0.00593966 0.999625 251.825
0.999591 -0.000672724 0.0285797 0.41787 0.000745937 0.999996 -0.00255116 -4.57122 -0.0285779 0.00257143 0.999588 252.584
0.999616 0.00383867 0.0274306 0.452601 -0.00394369 0.999985 0.00377566 -4.58042 -0.0274157 -0.00388239 0.999617 253.388
0.999554 0.00286349 0.0297232 0.462271 -0.00308752 0.999967 0.0074941 -4.60015 -0.0297008 -0.00758253 0.99953 254.179
0.999512 0.000477754 0.0312492 0.491699 -0.000659871 0.999983 0.00581781 -4.61295 -0.0312459 -0.00583559 0.999495 255.023
0.999412 0.00325296 0.0341257 0.513071 -0.00324429 0.999995 -0.000309569 -4.62548 -0.0341266 0.000198674 0.999417 255.776
0.99927 0.00553663 0.0377865 0.535488 -0.00536365 0.999975 -0.00467754 -4.63509 -0.0378114 0.00447145 0.999275 256.6
0.999166 0.00666593 0.0402937 0.56081 -0.00649376 0.999969 -0.00440229 -4.65237 -0.0403218 0.00413696 0.999178 257.421
0.998979 0.00532014 0.0448718 0.578921 -0.00521956 0.999984 -0.00235834 -4.67126 -0.0448836 0.00212172 0.99899 258.24
0.998789 0.0012041 0.0491896 0.62048 -0.0012632 0.999999 0.00117027 -4.68844 -0.0491881 -0.00123099 0.998789 259.113
0.99869 -0.000858555 0.0511619 0.668532 0.000723163 0.999996 0.00266478 -4.70605 -0.051164 -0.00262429 0.998687 259.955
0.998538 -0.00120286 0.054048 0.713591 0.00102043 0.999994 0.00340283 -4.72449 -0.0540517 -0.00334271 0.998533 260.801
0.998418 0.00102336 0.0562216 0.764735 -0.00109911 0.999999 0.00131643 -4.73891 -0.0562201 -0.00137614 0.998418 261.615
0.998272 0.00194847 0.0587223 0.797005 -0.00191381 0.999998 -0.000646533 -4.75767 -0.0587235 0.000533033 0.998274 262.462
0.998111 0.00264934 0.0613767 0.845703 -0.00258396 0.999996 -0.00114459 -4.77454 -0.0613794 0.000983833 0.998114 263.322
0.997869 0.00305548 0.0651742 0.889942 -0.00310437 0.999995 0.000648906 -4.79159 -0.0651719 -0.000849848 0.997874 264.135
0.997714 0.00419617 0.0674519 0.9388 -0.00438148 0.999987 0.00259964 -4.81372 -0.0674401 -0.00288923 0.997719 265.009
0.997557 0.0050909 0.0696691 0.994229 -0.00525129 0.999984 0.00211924 -4.83209 -0.0696572 -0.00247992 0.997568 265.807
0.997469 0.00471106 0.0709402 1.04755 -0.00484912 0.999987 0.00177408 -4.84893 -0.0709309 -0.00211359 0.997479 266.633
0.997222 0.00340742 0.0744122 1.10287 -0.00353089 0.999993 0.00152778 -4.86694 -0.0744065 -0.00178627 0.997226 267.506
0.997055 0.00045992 0.0766911 1.16648 -0.000637817 0.999997 0.00229518 -4.88131 -0.0766899 -0.00233734 0.997052 268.301
0.996984 -0.00142572 0.0776013 1.23022 0.00124285 0.999996 0.00240471 -4.90142 -0.0776045 -0.002301 0.996982 269.191
0.996969 -0.00210546 0.0777697 1.29826 0.00196049 0.999996 0.00194042 -4.91908 -0.0777735 -0.00178207 0.996969 270.031
0.996915 -0.00253884 0.078445 1.35475 0.00234179 0.999994 0.00260386 -4.93485 -0.0784511 -0.00241213 0.996915 270.864
0.996935 -0.00209444 0.0782027 1.41623 0.00191286 0.999995 0.0023968 -4.95035 -0.0782073 -0.00223986 0.996935 271.743
0.996976 -0.00193594 0.0776816 1.47778 0.0016972 0.999994 0.00313921 -4.97074 -0.0776872 -0.00299788 0.996973 272.624
0.9971 -0.00228271 0.0760662 1.53272 0.00213249 0.999996 0.00205607 -4.99034 -0.0760706 -0.00188789 0.997101 273.469
0.997277 -0.00198396 0.07372 1.59093 0.0018895 0.999997 0.00135102 -5.00583 -0.0737225 -0.00120805 0.997278 274.304
0.997414 -0.000996733 0.0718641 1.64389 0.000970122 1 0.000405207 -5.02401 -0.0718644 -0.000334442 0.997414 275.146
0.997372 -0.000260339 0.0724484 1.69202 0.000246994 1 0.00019316 -5.04316 -0.0724484 -0.000174758 0.997372 276.015
0.997496 0.000568959 0.0707252 1.7442 -0.000575041 1 6.56324e-05 -5.06273 -0.0707252 -0.000106138 0.997496 276.849
0.997574 0.0013761 0.0696058 1.79331 -0.00141126 0.999999 0.000455808 -5.08309 -0.0696051 -0.000552934 0.997575 277.705
0.997733 0.00107892 0.0672828 1.8471 -0.00121664 0.999997 0.00200592 -5.10145 -0.0672804 -0.00208323 0.997732 278.56
0.998059 -0.000432542 0.0622751 1.89244 0.000149328 0.99999 0.00455235 -5.11964 -0.0622764 -0.00453422 0.998049 279.393
0.998313 -0.00188141 0.0580393 1.93649 0.00152098 0.999979 0.0062536 -5.14097 -0.0580498 -0.00615477 0.998295 280.254
0.998435 -0.00223697 0.0558855 1.97797 0.00181128 0.999969 0.00766682 -5.15717 -0.0559009 -0.00755359 0.998408 281.09
0.998652 -0.00285868 0.0518181 2.01137 0.00242249 0.999961 0.00847857 -5.17122 -0.0518403 -0.00834162 0.998621 281.925
0.998828 -0.00321483 0.0482923 2.04123 0.00278002 0.999955 0.00906814 -5.1863 -0.0483193 -0.00892326 0.998792 282.722
0.999066 -0.00434273 0.0429912 2.07331 0.00395867 0.999952 0.0090145 -5.20029 -0.0430283 -0.00883589 0.999035 283.525
0.99932 -0.00439308 0.0366112 2.09424 0.00406901 0.999952 0.00892147 -5.21516 -0.0366486 -0.00876643 0.99929 284.299
0.999481 -0.0038786 0.0319855 2.11087 0.00361133 0.999958 0.00840953 -5.22922 -0.0320168 -0.00828965 0.999453 285.056
0.999599 -0.00345718 0.028092 2.12895 0.00322633 0.999961 0.00825887 -5.24353 -0.0281195 -0.00816492 0.999571 285.804
0.99967 -0.00437158 0.0253151 2.13069 0.00415664 0.999955 0.00853717 -5.25845 -0.0253512 -0.00842913 0.999643 286.562
0.999775 -0.00537562 0.020503 2.1401 0.00521253 0.999954 0.00799914 -5.27507 -0.020545 -0.00789047 0.999758 287.256
0.99984 -0.00424283 0.0173957 2.14282 0.00412687 0.999969 0.00669691 -5.29024 -0.0174236 -0.00662404 0.999826 287.955
0.999933 -0.00248145 0.0112832 2.13825 0.00243002 0.999987 0.00457037 -5.30529 -0.0112943 -0.00454264 0.999926 288.618
0.999998 -0.00157488 0.00134914 2.13213 0.00157143 0.999995 0.00255203 -5.32135 -0.00135315 -0.0025499 0.999996 289.278
0.999956 -0.00151439 -0.0092617 2.12445 0.00152868 0.999998 0.00153602 -5.33862 0.00925935 -0.00155011 0.999956 289.899
0.999745 -0.00134433 -0.0225456 2.09586 0.00137024 0.999998 0.00113359 -5.35464 0.022544 -0.0011642 0.999745 290.535
0.999218 -0.000376644 -0.0395498 2.05925 0.000448486 0.999998 0.00180764 -5.37277 0.039549 -0.00182396 0.999216 291.143
0.998255 0.00172707 -0.059032 2.0054 -0.0015893 0.999996 0.00238061 -5.38518 0.0590359 -0.00228263 0.998253 291.713
0.996644 0.00371521 -0.0817766 1.93782 -0.00353495 0.999991 0.00234902 -5.40086 0.0817846 -0.00205206 0.996648 292.288
0.994234 0.00541317 -0.107092 1.86067 -0.00516628 0.999983 0.00258271 -5.41832 0.107104 -0.00201456 0.994246 292.865
0.990984 0.00714075 -0.133787 1.75981 -0.00685625 0.999973 0.00258706 -5.4303 0.133802 -0.00164646 0.991007 293.438
0.986489 0.00821088 -0.163619 1.63678 -0.00768849 0.999963 0.00382576 -5.43965 0.163645 -0.00251609 0.986516 293.963
0.980387 0.00827375 -0.196908 1.50995 -0.00726015 0.999956 0.00586894 -5.45311 0.196948 -0.00432425 0.980404 294.463
0.972582 0.00863977 -0.232399 1.35819 -0.00707304 0.999946 0.00757402 -5.46395 0.232451 -0.00572259 0.972591 294.98
0.962932 0.00996058 -0.26956 1.18645 -0.00751751 0.999921 0.010094 -5.47232 0.269639 -0.0076934 0.962931 295.473
0.951068 0.0117708 -0.308758 0.997529 -0.00828883 0.999887 0.0125865 -5.47963 0.308871 -0.00941137 0.951057 295.966
0.936913 0.0128108 -0.349327 0.796737 -0.00819148 0.999858 0.0146976 -5.48627 0.349466 -0.0109089 0.936886 296.413
0.920913 0.0130344 -0.38955 0.57176 -0.00716734 0.999838 0.0165109 -5.49142 0.389703 -0.0124131 0.920857 296.869
0.902293 0.0130946 -0.430925 0.330091 -0.00607285 0.999826 0.0176663 -5.49321 0.431081 -0.0133232 0.902215 297.295
0.880586 0.0126187 -0.473718 0.0777213 -0.00430048 0.999817 0.0186387 -5.49734 0.473866 -0.0143757 0.880479 297.679
0.85625 0.0123641 -0.516414 -0.205619 -0.00246207 0.9998 0.0198551 -5.50068 0.516557 -0.0157295 0.856109 298.095
0.828675 0.0129306 -0.559581 -0.504424 -0.00104323 0.999767 0.0215573 -5.50252 0.55973 -0.0172802 0.828495 298.471
0.79797 0.0145023 -0.602523 -0.811291 -0.00140209 0.999752 0.0222064 -5.50058 0.602696 -0.0168752 0.797793 298.783
0.764319 0.0138402 -0.64469 -1.14685 0.000592539 0.999754 0.0221652 -5.50232 0.644838 -0.0173233 0.764123 299.148
0.72658 0.0129653 -0.68696 -1.47983 0.00467478 0.999706 0.0238123 -5.50135 0.687066 -0.020513 0.726305 299.425
0.684518 0.0123894 -0.728891 -1.84524 0.0109646 0.999568 0.0272874 -5.50278 0.728914 -0.0266707 0.684086 299.75
0.638239 0.0135744 -0.769718 -2.21624 0.0149268 0.999438 0.0300026 -5.50124 0.769693 -0.0306383 0.637678 299.981
0.58828 0.0174927 -0.808468 -2.58759 0.0145495 0.999375 0.0322102 -5.50218 0.808527 -0.0307114 0.587658 300.168
0.536585 0.0238924 -0.843508 -3.00147 0.00996059 0.99935 0.0346429 -5.49657 0.843787 -0.0269907 0.535998 300.38
0.482195 0.028276 -0.875607 -3.40073 0.00689798 0.999326 0.0360699 -5.48918 0.876037 -0.0234327 0.481675 300.539
0.426068 0.031069 -0.904157 -3.77937 0.00623863 0.999286 0.0372777 -5.48667 0.90467 -0.0215235 0.42557 300.646
0.369085 0.0333204 -0.928798 -4.19604 0.00763112 0.999215 0.0388791 -5.47838 0.929365 -0.0214374 0.368541 300.762
0.310666 0.0369269 -0.949802 -4.58195 0.00994706 0.999064 0.0420957 -5.47448 0.950467 -0.0225254 0.310008 300.849
0.252113 0.0406089 -0.966845 -5.01386 0.0118259 0.998915 0.0450395 -5.4623 0.967625 -0.0227888 0.25136 300.897
0.190758 0.0439785 -0.980651 -5.4242 0.014612 0.998758 0.0476329 -5.46154 0.981528 -0.0234157 0.189879 300.921
0.126941 0.0480357 -0.990746 -5.82619 0.0147652 0.998625 0.0503095 -5.44394 0.9918 -0.0210149 0.126058 300.95
0.0622013 0.0537608 -0.996615 -6.28017 0.0170092 0.998346 0.0549158 -5.43184 0.997919 -0.0203674 0.061184 300.903
-0.00388643 0.0606067 -0.998154 -6.72582 0.0188383 0.997989 0.0605233 -5.41297 0.999815 -0.0185683 -0.00502033 300.843
-0.0708679 0.0672623 -0.995215 -7.15497 0.0213569 0.997598 0.0659025 -5.39487 0.997257 -0.0165844 -0.0721342 300.786
-0.137423 0.0734748 -0.987784 -7.63466 0.0236768 0.997204 0.0708815 -5.37194 0.99023 -0.0136468 -0.138778 300.645
-0.203561 0.0795522 -0.975825 -8.06894 0.0282624 0.996756 0.0753628 -5.35168 0.978654 -0.0122382 -0.205148 300.523
-0.267595 0.0837772 -0.959882 -8.54645 0.0323646 0.996432 0.0779446 -5.32745 0.962988 -0.0102086 -0.269352 300.321
-0.329556 0.0864519 -0.94017 -9.00148 0.0364968 0.996221 0.0788129 -5.30077 0.943431 -0.00833991 -0.331466 300.102
-0.38944 0.0875701 -0.91688 -9.43982 0.0404667 0.996136 0.0779517 -5.27347 0.920163 -0.00674564 -0.391479 299.893
-0.445396 0.0875737 -0.891041 -9.90988 0.043137 0.996148 0.0763415 -5.23918 0.894294 -0.00443466 -0.447458 299.597
-0.49778 0.087797 -0.862848 -10.3485 0.0456611 0.996136 0.0750173 -5.20731 0.8661 -0.00205639 -0.499866 299.299
-0.544763 0.0880304 -0.833957 -10.8071 0.0475473 0.996118 0.0740884 -5.17319 0.837241 0.000708232 -0.546834 298.923
-0.586052 0.0890226 -0.805369 -11.2721 0.0495147 0.996023 0.074066 -5.13549 0.80876 0.00352893 -0.588129 298.553
-0.624182 0.0927158 -0.775758 -11.7219 0.0544886 0.995682 0.0751582 -5.09925 0.779377 0.00464242 -0.626539 298.146
-0.661319 0.0996613 -0.743454 -12.1971 0.062943 0.995012 0.0773938 -5.06434 0.747459 0.00438678 -0.664294 297.694
-0.697555 0.105369 -0.708741 -12.6466 0.0698405 0.994417 0.0791025 -5.02615 0.713119 0.00567954 -0.70102 297.229
-0.730866 0.107478 -0.674005 -13.1088 0.073654 0.994177 0.078665 -4.98619 0.678535 0.00785035 -0.734526 296.688
-0.762246 0.104068 -0.638868 -13.5328 0.0737633 0.994527 0.0739942 -4.94029 0.643071 0.00927683 -0.76575 296.121
-0.790023 0.101074 -0.604688 -13.972 0.0748705 0.99484 0.06847 -4.90544 0.608488 0.00881962 -0.793514 295.518
-0.816179 0.0959173 -0.569782 -14.3784 0.0738909 0.995355 0.0617141 -4.85665 0.573055 0.00826801 -0.819475 294.874
-0.839882 0.0929339 -0.534753 -14.7751 0.0741358 0.995641 0.0565933 -4.82765 0.537681 0.00788741 -0.843111 294.224
-0.861382 0.0913079 -0.499684 -15.162 0.0739105 0.995772 0.0545479 -4.78656 0.502552 0.0100546 -0.864488 293.476
-0.881851 0.0887965 -0.463091 -15.5234 0.0726376 0.995968 0.0526525 -4.75643 0.465899 0.0127938 -0.884745 292.744
-0.900128 0.0872269 -0.426804 -15.8797 0.0727214 0.996088 0.0502037 -4.72167 0.429513 0.014152 -0.90295 291.943
-0.917134 0.0896232 -0.388373 -16.2031 0.0765788 0.99586 0.0489714 -4.68931 0.391154 0.0151722 -0.9202 291.125
-0.932142 0.0932299 -0.349885 -16.5066 0.0813233 0.995502 0.0486036 -4.66689 0.352842 0.0168517 -0.935531 290.267
-0.945362 0.0935926 -0.3123 -16.7889 0.0824759 0.995405 0.0486487 -4.62305 0.315418 0.0202334 -0.948737 289.383
-0.956576 0.097197 -0.274799 -17.0367 0.087036 0.995001 0.0489615 -4.59715 0.278184 0.022918 -0.960254 288.483
-0.966265 0.0963429 -0.238852 -17.2782 0.0874692 0.995034 0.0475026 -4.56365 0.242242 0.025008 -0.969894 287.503
-0.974332 0.0941525 -0.204481 -17.4639 0.0872648 0.99528 0.0424642 -4.52836 0.207514 0.0235302 -0.977949 286.543
-0.980738 0.0927858 -0.171886 -17.6248 0.0874498 0.99543 0.0383769 -4.50281 0.174661 0.0226063 -0.984369 285.5
-0.985811 0.0921183 -0.140325 -17.768 0.0876969 0.995445 0.0373854 -4.47385 0.14313 0.0245489 -0.989399 284.476
-0.989905 0.0901621 -0.109357 -17.8732 0.0867062 0.995585 0.0359652 -4.44786 0.112117 0.0261202 -0.993352 283.407
-0.992796 0.0891685 -0.0800255 -17.967 0.0867243 0.995668 0.0335222 -4.42146 0.082668 0.0263405 -0.996229 282.298
