1 -4.1311e-11 -1.95776e-11 0 -4.12612e-11 1 -1.70424e-11 0 -1.42043e-10 -1.70424e-11 1 -2.98023e-08
0.999997 -0.00191927 -0.00161018 0.00489673 0.00191779 0.999998 -0.000924005 -0.0260255 0.00161195 0.000920914 0.999998 0.560389
0.999993 -0.00274559 -0.00253971 -0.0031995 0.00274026 0.999994 -0.00209932 -0.0446404 0.00254546 0.00209235 0.999995 1.12842
0.999985 -0.00299463 -0.00455005 -0.00809161 0.00297798 0.999989 -0.00366114 -0.0621921 0.00456097 0.00364754 0.999983 1.6755
0.999969 -0.00485274 -0.00627254 -0.0103002 0.00481932 0.999974 -0.00533311 -0.0784571 0.00629826 0.00530271 0.999966 2.22843
0.999943 -0.00738134 -0.00770424 -0.0177817 0.00732647 0.999948 -0.00712529 -0.0953892 0.00775643 0.00706844 0.999945 2.78827
0.999915 -0.00907232 -0.00937171 -0.0235046 0.00899595 0.999926 -0.00815925 -0.10886 0.00944504 0.00807425 0.999923 3.35212
0.999903 -0.00923738 -0.0103878 -0.027453 0.00916068 0.999931 -0.00740653 -0.126886 0.0104555 0.00731065 0.999919 3.92775
0.999884 -0.00962482 -0.0117658 -0.0423417 0.00953319 0.999924 -0.00781956 -0.144355 0.0118402 0.00770649 0.9999 4.5125
0.999882 -0.00889315 -0.0125117 -0.0522213 0.0087628 0.999907 -0.0104349 -0.166356 0.0126033 0.0103241 0.999867 5.10036
0.999877 -0.00727687 -0.0138787 -0.0727506 0.00708054 0.999875 -0.0141434 -0.188303 0.0139799 0.0140434 0.999804 5.70554
0.999804 -0.00594812 -0.0189093 -0.0918143 0.00561524 0.999829 -0.0176089 -0.204076 0.0190108 0.0174992 0.999666 6.30561
0.999783 -0.00422016 -0.0203815 -0.117249 0.00385988 0.999836 -0.0176841 -0.221419 0.0204528 0.0176016 0.999636 6.92669
0.999799 -0.0019435 -0.0199334 -0.151758 0.00172602 0.999939 -0.0109218 -0.234019 0.0199534 0.0108852 0.999742 7.57034
0.999813 -0.00161527 -0.0192768 -0.167972 0.00160433 0.999999 -0.000582943 -0.250875 0.0192777 0.000551907 0.999814 8.232
0.999793 -0.0010949 -0.0202921 -0.190628 0.00123161 0.999977 0.00672583 -0.268517 0.0202842 -0.00674943 0.999772 8.9072
0.999775 -0.000847459 -0.0211981 -0.212658 0.000977155 0.999981 0.0061087 -0.285725 0.0211925 -0.00612804 0.999757 9.58635
0.999746 0.0018235 -0.0224683 -0.250087 -0.00184746 0.999998 -0.0010456 -0.29513 0.0224663 0.00108684 0.999747 10.2797
0.999677 0.00166713 -0.0253486 -0.273062 -0.00184787 0.999973 -0.00710864 -0.300555 0.025336 0.00715319 0.999654 10.9944
0.99964 -0.000385637 -0.0268437 -0.297175 0.000224464 0.999982 -0.00600689 -0.307977 0.0268456 0.0059987 0.999622 11.7195
0.999588 -0.00180453 -0.0286526 -0.318484 0.00190024 0.999993 0.00331345 -0.319021 0.0286464 -0.00336653 0.999584 12.4814
0.999545 -0.00272686 -0.0300377 -0.344886 0.00305656 0.999936 0.0109355 -0.327623 0.0300059 -0.0110224 0.999489 13.2514
0.999446 -0.0035366 -0.0331013 -0.375249 0.00399812 0.999896 0.0138869 -0.333198 0.0330488 -0.0140115 0.999356 14.0414
0.9994 -0.00576214 -0.0341485 -0.407747 0.00621512 0.999894 0.0131737 -0.337664 0.034069 -0.0133781 0.99933 14.8521
0.999476 -0.00591663 -0.0318151 -0.441298 0.00625935 0.999923 0.0106834 -0.342876 0.0317494 -0.0108769 0.999437 15.664
0.99944 -0.00364565 -0.0332505 -0.473535 0.00387868 0.999968 0.00694654 -0.340179 0.0332241 -0.00707163 0.999423 16.496
0.999467 -0.00650163 -0.0319862 -0.509419 0.00655851 0.999977 0.00167368 -0.352578 0.0319746 -0.00188257 0.999487 17.3468
0.999474 -0.00957462 -0.0309902 -0.534053 0.00944462 0.999946 -0.00433843 -0.366872 0.0310301 0.00404346 0.99951 18.2055
0.999536 -0.00823804 -0.0293357 -0.568687 0.00796518 0.999924 -0.00940596 -0.385823 0.029411 0.00916793 0.999525 19.0974
0.999519 -0.00669664 -0.0302848 -0.600369 0.00636463 0.999919 -0.011046 -0.40089 0.0303563 0.0108479 0.99948 19.9935
0.999507 -0.00708296 -0.0305756 -0.635863 0.00676423 0.999922 -0.0105152 -0.42453 0.0306477 0.0103032 0.999477 20.9067
0.99952 -0.00634529 -0.0303232 -0.672568 0.00600545 0.999918 -0.0112851 -0.450809 0.0303923 0.0110976 0.999477 21.8525
0.999555 -0.00294062 -0.029688 -0.716344 0.00253428 0.999903 -0.0137153 -0.479572 0.0297254 0.013634 0.999465 22.7804
0.999639 0.00109591 -0.0268368 -0.760019 -0.00148682 0.999893 -0.0145505 -0.505334 0.026818 0.0145851 0.999534 23.7461
0.999684 0.00273898 -0.0249831 -0.789023 -0.00310169 0.99989 -0.0144912 -0.536584 0.0249407 0.0145642 0.999583 24.695
0.999691 0.0035744 -0.0245897 -0.80914 -0.00392784 0.999889 -0.0143403 -0.569448 0.0245357 0.0144325 0.999595 25.6748
0.999673 0.00386305 -0.0252698 -0.842209 -0.00422577 0.999889 -0.0143163 -0.601969 0.0252117 0.0144184 0.999578 26.6587
0.999667 0.00441347 -0.025439 -0.869832 -0.00475254 0.999901 -0.0132837 -0.633766 0.0253778 0.0134002 0.999588 27.6494
0.999697 0.00505569 -0.0240799 -0.909515 -0.00533517 0.999919 -0.0115563 -0.665465 0.0240195 0.0116812 0.999643 28.6688
0.999739 0.00524034 -0.0222146 -0.921287 -0.00547391 0.99993 -0.0104669 -0.693072 0.0221582 0.0105858 0.999698 29.648
0.9998 0.00557118 -0.019205 -0.95676 -0.00579016 0.999919 -0.0113654 -0.731368 0.0191401 0.0114743 0.999751 30.6631
0.999803 0.00761345 -0.0183508 -0.967567 -0.00783734 0.999895 -0.0121594 -0.759414 0.0182563 0.0123009 0.999758 31.6457
0.99976 0.0079179 -0.0204046 -1.01151 -0.00815043 0.999903 -0.0113378 -0.790821 0.0203129 0.0115014 0.999728 32.6859
0.999708 0.00685198 -0.0231732 -1.04827 -0.00705151 0.999939 -0.00853942 -0.821686 0.0231132 0.00870034 0.999695 33.7412
0.999637 0.00738668 -0.0259131 -1.07601 -0.0075236 0.999958 -0.00519054 -0.851175 0.0258736 0.00538361 0.999651 34.7841
0.999602 0.00689243 -0.0273386 -1.11815 -0.00696224 0.999973 -0.00245908 -0.87613 0.0273209 0.00264844 0.999623 35.8563
0.9996 0.00645551 -0.0275359 -1.14952 -0.00650454 0.999977 -0.00169131 -0.899617 0.0275243 0.00186974 0.999619 36.9293
0.9996 0.00696794 -0.027425 -1.18845 -0.00705386 0.999971 -0.00303759 -0.924968 0.027403 0.00322983 0.999619 37.9998
0.99958 0.00769461 -0.027929 -1.22836 -0.00779315 0.999964 -0.00342125 -0.948273 0.0279017 0.00363747 0.999604 39.0745
0.999558 0.00762245 -0.0287423 -1.26624 -0.00769945 0.999967 -0.00256926 -0.974337 0.0287218 0.00278943 0.999584 40.1442
0.999514 0.00747669 -0.030269 -1.29844 -0.00747487 0.999972 0.000173278 -1.00027 0.0302695 5.30632e-05 0.999542 41.2371
0.999431 0.00719291 -0.032967 -1.33444 -0.00711825 0.999972 0.00238134 -1.02386 0.0329832 -0.00214532 0.999454 42.3101
0.999414 0.00853633 -0.0331541 -1.37366 -0.00845452 0.999961 0.00260705 -1.04814 0.033175 -0.00232522 0.999447 43.4008
0.999427 0.0101805 -0.0322901 -1.42174 -0.0102198 0.999947 -0.00105334 -1.07327 0.0322777 0.00138273 0.999478 44.4421
0.999418 0.0121498 -0.0318778 -1.46481 -0.0123217 0.999911 -0.00520171 -1.10031 0.0318118 0.00559147 0.999478 45.517
0.999447 0.013856 -0.0302138 -1.50521 -0.0140284 0.999886 -0.00550147 -1.12974 0.0301341 0.00592228 0.999528 46.5748
0.999517 0.0124402 -0.0284686 -1.55011 -0.0125276 0.999917 -0.00289415 -1.15606 0.0284302 0.00324939 0.999591 47.6383
0.999487 0.0133111 -0.0291171 -1.58112 -0.0133415 0.999911 -0.000852645 -1.17865 0.0291031 0.00124067 0.999576 48.7309
0.999453 0.0118337 -0.0308903 -1.62057 -0.0118172 0.99993 0.0007174 -1.20505 0.0308966 -0.00035197 0.999523 49.7982
0.99947 0.0127593 -0.0299344 -1.65729 -0.0127571 0.999919 0.000264202 -1.22918 0.0299353 0.000117814 0.999552 50.8791
0.999562 0.0113759 -0.0273322 -1.70082 -0.0114224 0.999934 -0.00154721 -1.25475 0.0273128 0.00185873 0.999625 51.9382
0.999595 0.0124696 -0.0255777 -1.72912 -0.0125872 0.999911 -0.00444367 -1.27949 0.02552 0.00476382 0.999663 53.0103
0.999585 0.0107189 -0.0267415 -1.76362 -0.0108937 0.99992 -0.0064021 -1.30931 0.0266708 0.00669076 0.999622 54.088
0.999532 0.00983428 -0.0289672 -1.78682 -0.010112 0.999904 -0.00945509 -1.34386 0.0288714 0.00974358 0.999536 55.1674
0.999506 0.00918733 -0.0300383 -1.8331 -0.00952297 0.999894 -0.0110498 -1.38022 0.0299336 0.0113304 0.999488 56.2153
0.999468 0.00774838 -0.0316692 -1.8616 -0.00802971 0.999929 -0.00876594 -1.41496 0.0315991 0.00901558 0.99946 57.3153
0.999461 0.00599187 -0.0322638 -1.89594 -0.00609042 0.999977 -0.00295701 -1.44221 0.0322454 0.00315192 0.999475 58.3757
0.999447 0.00418187 -0.0329956 -1.9325 -0.00408646 0.999987 0.00295875 -1.46683 0.0330075 -0.00282228 0.999451 59.5104
0.999445 0.00278679 -0.0331987 -1.96974 -0.00264047 0.999987 0.00445041 -1.49186 0.0332107 -0.00436028 0.999439 60.5752
0.99947 0.000797121 -0.0325416 -2.00857 -0.000748431 0.999999 0.00150843 -1.5158 0.0325427 -0.00148328 0.999469 61.6487
0.999476 -0.00134214 -0.0323446 -2.05203 0.00128567 0.999998 -0.00176673 -1.53802 0.0323469 0.00172422 0.999475 62.7334
0.999496 0.00176794 -0.0316935 -2.08808 -0.00194406 0.999983 -0.00552689 -1.56805 0.0316832 0.00558572 0.999482 63.8127
0.999452 0.00244619 -0.0330093 -2.12215 -0.00276128 0.999951 -0.00950313 -1.59965 0.0329844 0.00958907 0.99941 64.888
0.99946 0.00611186 -0.0323001 -2.17677 -0.00644972 0.999925 -0.010366 -1.631 0.0322344 0.0105687 0.999425 65.949
0.999435 0.00914843 -0.0323268 -2.21342 -0.00938631 0.99993 -0.0072144 -1.65766 0.0322585 0.00751376 0.999451 67.0263
0.999478 0.0103258 -0.0306082 -2.26008 -0.0104718 0.999935 -0.0046112 -1.68923 0.0305585 0.00492931 0.999521 68.1115
0.999533 0.0108593 -0.0285522 -2.31007 -0.0109763 0.999932 -0.00394606 -1.71925 0.0285074 0.00425762 0.999585 69.2096
0.999574 0.00882629 -0.0278275 -2.33566 -0.00891001 0.999956 -0.00288598 -1.74649 0.0278009 0.00313269 0.999609 70.2758
0.999586 0.00818649 -0.027572 -2.3694 -0.00823037 0.999965 -0.00147851 -1.77528 0.0275589 0.00170482 0.999619 71.3513
0.999618 0.00650149 -0.0268469 -2.40577 -0.00648686 0.999979 0.00063207 -1.80409 0.0268504 -0.000457678 0.999639 72.4383
0.99962 0.00491424 -0.0271374 -2.43149 -0.00484723 0.999985 0.00253452 -1.82749 0.0271494 -0.00240201 0.999629 73.5077
0.999705 0.00405453 -0.0239396 -2.46586 -0.00402496 0.999991 0.00128333 -1.85628 0.0239446 -0.00118659 0.999713 74.5882
0.999703 0.00462797 -0.0239367 -2.48794 -0.00468869 0.999986 -0.00248115 -1.88337 0.0239249 0.00259265 0.99971 75.653
0.999709 0.00649347 -0.0232535 -2.52188 -0.00659903 0.999968 -0.00446533 -1.91349 0.0232237 0.00461748 0.99972 76.7224
0.999697 0.00786041 -0.0233269 -2.55975 -0.00793325 0.999964 -0.00303175 -1.93906 0.0233023 0.00321589 0.999723 77.7611
0.999575 0.00878237 -0.0277875 -2.60259 -0.00874513 0.999961 0.00146145 -1.96487 0.0277992 -0.00121783 0.999613 78.8287
0.999487 0.00998001 -0.0304197 -2.64643 -0.00981045 0.999936 0.00571829 -1.98842 0.0304748 -0.00541693 0.999521 79.9737
0.999423 0.0115003 -0.0319442 -2.68799 -0.0112847 0.999912 0.00692141 -2.01094 0.032021 -0.00655694 0.999466 80.9991
0.999459 0.0118759 -0.0306735 -2.73557 -0.0117222 0.999918 0.00518574 -2.02961 0.0307326 -0.00482337 0.999516 82.077
0.999473 0.0118352 -0.0302427 -2.77977 -0.011713 0.999923 0.0042148 -2.05206 0.0302902 -0.00385834 0.999534 83.111
0.999485 0.0117288 -0.0298628 -2.81365 -0.0116154 0.999925 0.00396685 -2.07247 0.0299071 -0.00361794 0.999546 84.15
0.999494 0.0104107 -0.0300396 -2.85462 -0.0102857 0.999938 0.00431499 -2.09756 0.0300827 -0.00400383 0.999539 85.1958
0.999488 0.00964434 -0.0305185 -2.88916 -0.0094615 0.999937 0.00613009 -2.12051 0.0305757 -0.0058382 0.999515 86.2003
0.999475 0.0091651 -0.0310657 -2.9218 -0.00889715 0.999922 0.00875258 -2.14037 0.0311435 -0.00847159 0.999479 87.1849
0.999492 0.00836111 -0.0307691 -2.96192 -0.0080607 0.999919 0.00987449 -2.16322 0.0308492 -0.00962145 0.999478 88.1796
0.999413 0.00722125 -0.0334987 -2.99989 -0.00688318 0.999924 0.0101963 -2.17993 0.0335698 -0.0099597 0.999387 89.0944
0.999233 0.00643372 -0.0386198 -3.04 -0.00606724 0.999936 0.00959926 -2.2037 0.0386791 -0.00935759 0.999208 90.0809
0.999139 0.00687458 -0.0409074 -3.07914 -0.00651626 0.999939 0.00888623 -2.22034 0.040966 -0.00861202 0.999124 90.9731
0.999042 0.00641272 -0.043299 -3.14261 -0.00603667 0.999943 0.00881009 -2.23811 0.043353 -0.00854026 0.999023 91.8237
0.998844 0.0073316 -0.0475058 -3.17862 -0.00684437 0.999922 0.0104109 -2.25506 0.0475785 -0.0100737 0.998817 92.7183
0.998727 0.00880911 -0.0496654 -3.23872 -0.00825156 0.999901 0.0114201 -2.27311 0.049761 -0.0109958 0.998701 93.5503
0.998524 0.00953834 -0.0534751 -3.27805 -0.00884787 0.999875 0.0131338 -2.2884 0.0535936 -0.0126413 0.998483 94.3693
0.998402 0.0115493 -0.0553148 -3.33611 -0.0107887 0.999843 0.0140295 -2.3017 0.0554682 -0.0134103 0.99837 95.143
0.998247 0.0130447 -0.0577222 -3.39282 -0.0122405 0.999823 0.0142627 -2.31501 0.0578981 -0.0135312 0.998231 95.8979
0.998095 0.0145691 -0.0599531 -3.43976 -0.0137859 0.999814 0.0134575 -2.32863 0.060138 -0.0126054 0.998111 96.6109
0.997948 0.0164235 -0.06189 -3.49428 -0.0158395 0.999825 0.00991532 -2.34515 0.062042 -0.00891466 0.998034 97.3147
0.997714 0.0190463 -0.064832 -3.54973 -0.0187014 0.999808 0.00592299 -2.36159 0.0649323 -0.00469701 0.997879 97.9643
0.997566 0.0211294 -0.0664556 -3.60679 -0.0209624 0.999775 0.00320969 -2.37464 0.0665085 -0.00180881 0.997784 98.6044
0.997523 0.0227883 -0.0665457 -3.66106 -0.022681 0.99974 0.00236755 -2.38964 0.0665823 -0.00085236 0.997781 99.1862
0.997607 0.0255275 -0.0642488 -3.69912 -0.0254025 0.999674 0.00276166 -2.40745 0.0642983 -0.00112298 0.99793 99.7668
0.997821 0.0287376 -0.0593937 -3.75304 -0.0285216 0.999583 0.00448285 -2.42122 0.0594978 -0.00277908 0.998225 100.322
0.998086 0.0320483 -0.052889 -3.77599 -0.0317716 0.999477 0.00606448 -2.43647 0.0530557 -0.0043725 0.998582 100.853
0.998486 0.0326354 -0.0442743 -3.80938 -0.0323206 0.999447 0.00780732 -2.44861 0.0445046 -0.00636453 0.998989 101.366
0.998849 0.0328587 -0.0349584 -3.8135 -0.0325149 0.999418 0.0103586 -2.46032 0.0352785 -0.00920999 0.999335 101.859
0.999216 0.0317051 -0.0236991 -3.82317 -0.0314362 0.999438 0.0116355 -2.4704 0.0240547 -0.0108814 0.999651 102.335
0.999468 0.0310795 -0.00986319 -3.81435 -0.0309632 0.999452 0.0117305 -2.48116 0.0102224 -0.0114188 0.999883 102.792
0.999529 0.0303158 0.00467712 -3.81056 -0.0303653 0.999479 0.0109212 -2.49131 -0.0043436 -0.0110581 0.999929 103.231
0.99936 0.0291452 0.0207581 -3.78528 -0.0293172 0.999538 0.00803279 -2.50384 -0.0205144 -0.00863621 0.999752 103.648
0.998765 0.0285021 0.0407038 -3.75808 -0.0286611 0.999584 0.00332784 -2.51421 -0.040592 -0.00449034 0.999166 104.061
0.997598 0.0270996 0.0637546 -3.71041 -0.0270557 0.999633 -0.00155291 -2.52586 -0.0637732 -0.000175745 0.997965 104.468
0.995777 0.0244881 0.088477 -3.66028 -0.0241947 0.999698 -0.00438635 -2.53614 -0.0885576 0.00222716 0.996069 104.857
0.992739 0.0218882 0.118279 -3.59339 -0.0213356 0.999755 -0.00593646 -2.54724 -0.11838 0.00336982 0.992963 105.242
0.988296 0.0190378 0.151356 -3.50865 -0.0180396 0.999806 -0.00796564 -2.55821 -0.151478 0.00514202 0.988447 105.622
0.982111 0.0169684 0.187535 -3.40864 -0.0154296 0.999834 -0.00966217 -2.57126 -0.187668 0.00659574 0.98221 105.989
0.974126 0.0130862 0.225626 -3.29429 -0.0109732 0.999883 -0.0106164 -2.58639 -0.225739 0.00786584 0.974156 106.337
0.9641 0.0106275 0.265327 -3.16169 -0.00785408 0.999903 -0.0115117 -2.6018 -0.265424 0.00901456 0.96409 106.685
0.951811 0.0111724 0.306483 -3.01952 -0.00770736 0.999892 -0.0125137 -2.61919 -0.30659 0.00954846 0.951794 107.001
0.936765 0.0134423 0.349701 -2.86746 -0.00943173 0.999869 -0.013169 -2.62888 -0.349832 0.00903794 0.936769 107.322
0.91905 0.0128344 0.393931 -2.69174 -0.00871178 0.999887 -0.0122518 -2.64366 -0.394044 0.00782822 0.919058 107.648
0.89903 0.0121516 0.437719 -2.51085 -0.00787994 0.999902 -0.0115739 -2.65228 -0.437817 0.00695612 0.899037 107.942
0.87574 0.010516 0.482668 -2.30356 -0.00524926 0.999911 -0.0122613 -2.66684 -0.482754 0.00820404 0.875718 108.239
0.851074 0.0105074 0.524941 -2.08211 -0.00351805 0.999892 -0.0143104 -2.68395 -0.525034 0.0103324 0.851019 108.495
0.823389 0.0124057 0.567342 -1.86357 -0.00278979 0.999837 -0.0178139 -2.7007 -0.567471 0.013085 0.823289 108.762
0.793255 0.0166011 0.608663 -1.63022 -0.00392861 0.999747 -0.0221478 -2.71627 -0.608877 0.0151777 0.79312 109.007
0.759428 0.0225615 0.6502 -1.38074 -0.00733229 0.999632 -0.0261225 -2.73192 -0.65055 0.0150707 0.759314 109.26
0.722642 0.0275381 0.690673 -1.11615 -0.00983557 0.999515 -0.0295613 -2.73929 -0.691152 0.014569 0.722563 109.48
0.683754 0.0276758 0.729188 -0.824257 -0.00770326 0.999499 -0.030712 -2.7538 -0.729672 0.0153823 0.683624 109.695
0.64271 0.0242658 0.765725 -0.506175 -0.00350902 0.999581 -0.0287314 -2.77744 -0.766102 0.015779 0.642526 109.898
0.599166 0.0223548 0.800313 -0.196323 -0.00160432 0.999642 -0.0267215 -2.78447 -0.800623 0.0147267 0.598987 110.072
0.553088 0.0202524 0.832877 0.150325 -0.000733884 0.999716 -0.023822 -2.80245 -0.833123 0.0125644 0.552946 110.261
0.50513 0.0180444 0.862854 0.485754 0.000837859 0.999771 -0.0213982 -2.81103 -0.863043 0.0115318 0.504999 110.411
0.454664 0.0129672 0.890569 0.8621 0.00379772 0.999857 -0.0164973 -2.83808 -0.890655 0.0108829 0.45455 110.546
0.403587 0.013269 0.914845 1.21903 0.00207812 0.999879 -0.0154191 -2.84873 -0.914939 0.0081241 0.403511 110.666
0.352251 0.0176485 0.935739 1.5844 -0.000824055 0.999828 -0.018547 -2.86536 -0.935905 0.0057621 0.352205 110.774
0.3019 0.0229161 0.953064 1.99274 -0.00300638 0.999729 -0.0230858 -2.88088 -0.953335 0.00410435 0.301887 110.866
0.255079 0.0252083 0.966592 2.37976 -0.000676679 0.999665 -0.0258923 -2.89273 -0.96692 0.0059505 0.25501 110.94
0.21378 0.0246244 0.976572 2.81835 0.00668346 0.999622 -0.0266687 -2.91224 -0.976859 0.0122281 0.213534 110.994
0.178506 0.0240004 0.983646 3.23769 0.0150292 0.999519 -0.0271151 -2.92932 -0.983824 0.0196236 0.178059 111.031
0.147298 0.024717 0.988783 3.68915 0.0185671 0.999442 -0.0277494 -2.94877 -0.988918 0.0224462 0.146757 111.076
0.119906 0.0232689 0.992513 4.15049 0.0170518 0.99953 -0.0254934 -2.96789 -0.992639 0.0199809 0.119452 111.109
0.0944863 0.0205236 0.995315 4.6292 0.0116998 0.999696 -0.0217246 -2.97726 -0.995457 0.0136976 0.0942174 111.153
0.0700838 0.0169765 0.997397 5.13381 0.00748567 0.999818 -0.0175438 -2.99023 -0.997513 0.00869572 0.069944 111.19
0.047731 0.0141815 0.99876 5.64554 0.0116901 0.999823 -0.0147553 -3.01206 -0.998792 0.0123799 0.0475568 111.189
0.0272317 0.0142616 0.999527 6.1893 0.0186789 0.999716 -0.0147732 -3.03629 -0.999455 0.0190723 0.0269576 111.181
0.00926873 0.0159981 0.999829 6.74087 0.0244862 0.999569 -0.0162209 -3.05514 -0.999657 0.0246324 0.008873 111.166
-0.00416866 0.0216604 0.999757 7.30846 0.0250361 0.999454 -0.0215495 -3.07032 -0.999678 0.0249401 -0.00470868 111.157
-0.0164892 0.0265599 0.999511 7.90733 0.0210501 0.999435 -0.0262106 -3.08265 -0.999642 0.0206076 -0.017039 111.159
-0.0222083 0.0268488 0.999393 8.51287 0.022988 0.999389 -0.0263378 -3.09922 -0.999489 0.0223891 -0.0228119 111.135
-0.0253823 0.0230342 0.999412 9.16683 0.0300893 0.999299 -0.0222674 -3.12508 -0.999225 0.0295064 -0.0260576 111.113
-0.0252269 0.0213266 0.999454 9.82476 0.0324464 0.999263 -0.0205035 -3.14765 -0.999155 0.0319115 -0.0259002 111.092
-0.0227392 0.0206864 0.999527 10.5011 0.0312683 0.999312 -0.0199706 -3.17515 -0.999252 0.0307995 -0.0233704 111.079
-0.0205782 0.0214876 0.999557 11.2011 0.0277033 0.999397 -0.0209138 -3.19465 -0.999404 0.0272607 -0.0211611 111.071
-0.0195854 0.0223585 0.999558 11.9052 0.0259406 0.999425 -0.0218472 -3.22117 -0.999472 0.0255013 -0.0201541 111.067
-0.018745 0.022996 0.99956 12.5965 0.0257879 0.999414 -0.022509 -3.244 -0.999492 0.0253547 -0.0193271 111.058
-0.0186264 0.0222793 0.999578 13.3445 0.0248239 0.999454 -0.0218139 -3.27299 -0.999518 0.0244072 -0.0191693 111.056
-0.0181145 0.0212268 0.999611 14.0764 0.0238942 0.999498 -0.0207914 -3.29842 -0.99955 0.0235083 -0.0186126 111.053
-0.0171917 0.0197944 0.999656 14.8679 0.0244275 0.999514 -0.0193715 -3.32948 -0.999554 0.0240861 -0.0176669 111.041
-0.0176892 0.0173484 0.999693 15.6388 0.0249916 0.999545 -0.0169036 -3.35713 -0.999531 0.024685 -0.0181147 111.031
-0.0177902 0.0159516 0.999714 16.4289 0.0250048 0.999567 -0.0155043 -3.38175 -0.999529 0.0247218 -0.0181814 111.016
-0.019581 0.0151666 0.999693 17.214 0.0209875 0.999671 -0.0147552 -3.4091 -0.999588 0.0206922 -0.0198929 111.011
-0.0206424 0.0126553 0.999707 18.0432 0.0245853 0.999624 -0.0121466 -3.43321 -0.999485 0.0243274 -0.0209458 110.991
-0.0214926 0.0104358 0.999714 18.8235 0.024985 0.999639 -0.00989784 -3.46268 -0.999457 0.0247652 -0.0217456 110.972
-0.0226388 0.00993453 0.999694 19.6513 0.026412 0.999608 -0.00933555 -3.48435 -0.999395 0.0261925 -0.0228923 110.961
-0.0242215 0.0141049 0.999607 20.4671 0.0211782 0.999683 -0.0135928 -3.51099 -0.999482 0.0208407 -0.0245126 110.956
-0.0244428 0.0186163 0.999528 21.2863 0.0210653 0.999614 -0.0181028 -3.53605 -0.999479 0.0206129 -0.0248255 110.935
-0.0258164 0.0201819 0.999463 22.1288 0.0231497 0.99954 -0.0195855 -3.56983 -0.999399 0.0226317 -0.0262717 110.917
-0.0270288 0.018198 0.999469 22.9573 0.0190109 0.999663 -0.0176874 -3.59993 -0.999454 0.0185227 -0.0273657 110.904
-0.0276897 0.013854 0.999521 23.8003 0.0158137 0.999785 -0.0134195 -3.62921 -0.999492 0.0154346 -0.0279028 110.888
-0.0283841 0.00889287 0.999558 24.6597 0.015093 0.99985 -0.00846689 -3.6571 -0.999483 0.014846 -0.0285141 110.87
-0.0284177 0.00368631 0.999589 25.5067 0.0120633 0.999922 -0.00334458 -3.68009 -0.999523 0.0119633 -0.0284599 110.858
-0.0279584 0.00178286 0.999608 26.3362 0.00936382 0.999955 -0.00152157 -3.70128 -0.999565 0.00931761 -0.0279739 110.839
-0.0272926 0.00838474 0.999592 27.1766 0.011956 0.999896 -0.00806084 -3.73525 -0.999556 0.0117311 -0.02739 110.832
-0.0262807 0.0186253 0.999481 27.9811 0.0136453 0.99974 -0.0182713 -3.77057 -0.999561 0.013158 -0.026528 110.812
-0.0259367 0.0237611 0.999381 28.8219 0.0155694 0.999606 -0.0233624 -3.8007 -0.999542 0.0149538 -0.0262964 110.793
-0.0243037 0.0197609 0.999509 29.6605 0.0173188 0.999663 -0.0193428 -3.82545 -0.999555 0.0168402 -0.0246377 110.776
-0.0232528 0.0114887 0.999664 30.5016 0.0203397 0.999732 -0.0110164 -3.85766 -0.999523 0.0200767 -0.0234803 110.76
-0.0231195 0.00841594 0.999697 31.326 0.0224438 0.999717 -0.00789706 -3.89056 -0.999481 0.0222545 -0.0233018 110.738
-0.023097 0.00865381 0.999696 32.1441 0.0208285 0.99975 -0.00817305 -3.91797 -0.999516 0.0206334 -0.0232715 110.731
-0.0242033 0.00947676 0.999662 32.9761 0.0173629 0.999808 -0.00905776 -3.946 -0.999556 0.0171378 -0.0243632 110.719
-0.0255761 0.00940752 0.999629 33.7771 0.0144934 0.999854 -0.00903882 -3.97199 -0.999568 0.0142568 -0.0257087 110.707
-0.02856 0.00950975 0.999547 34.5899 0.0150444 0.999846 -0.00908273 -3.99955 -0.999479 0.0147782 -0.0286987 110.693
-0.0299326 0.0099042 0.999503 35.3991 0.0138351 0.999859 -0.0094934 -4.03038 -0.999456 0.013544 -0.0300654 110.674
-0.0321337 0.00991614 0.999434 36.1913 0.0121726 0.999881 -0.0095292 -4.05512 -0.999409 0.0118595 -0.0322505 110.664
-0.0345733 0.00885083 0.999363 36.9938 0.0101391 0.999912 -0.00850493 -4.08075 -0.999351 0.00983862 -0.0346601 110.643
-0.0361271 0.00804491 0.999315 37.7755 0.0107574 0.999913 -0.00766082 -4.11093 -0.999289 0.0104733 -0.0362105 110.62
-0.0385717 0.00794049 0.999224 38.5646 0.0104169 0.999917 -0.00754388 -4.1386 -0.999202 0.0101178 -0.0386512 110.596
-0.0400354 0.00877062 0.99916 39.3408 0.0100722 0.999914 -0.00837366 -4.16426 -0.999147 0.00972846 -0.0401203 110.572
-0.041074 0.0087856 0.999117 40.1187 0.00991054 0.999916 -0.00838519 -4.1888 -0.999107 0.00955738 -0.0411576 110.549
-0.0423034 0.00794802 0.999073 40.8853 0.0117367 0.999903 -0.00745766 -4.21588 -0.999036 0.0114103 -0.0423926 110.517
-0.0438126 0.00697378 0.999015 41.6639 0.0120968 0.999906 -0.00644948 -4.24137 -0.998967 0.0118024 -0.0438929 110.489
-0.0448202 0.0065604 0.998974 42.4091 0.0108241 0.999923 -0.00608099 -4.26697 -0.998936 0.0105405 -0.0448877 110.464
-0.0462756 0.00574947 0.998912 43.179 0.009201 0.999943 -0.00532916 -4.29108 -0.998886 0.00894439 -0.0463259 110.435
-0.0472003 0.00441874 0.998876 43.9074 0.00878409 0.999953 -0.00400842 -4.31039 -0.998847 0.00858502 -0.0472369 110.41
-0.0475207 0.0046733 0.998859 44.6411 0.00903029 0.99995 -0.00424879 -4.33425 -0.99883 0.00881808 -0.0475605 110.378
-0.0478502 0.00671638 0.998832 45.3144 0.00897607 0.99994 -0.00629382 -4.35914 -0.998814 0.00866443 -0.0479076 110.355
-0.0478269 0.00935609 0.998812 46.0159 0.00870031 0.999922 -0.00894988 -4.38465 -0.998818 0.00826193 -0.0479045 110.327
-0.0473572 0.0111453 0.998816 46.708 0.00746662 0.999914 -0.0108036 -4.4089 -0.99885 0.00694615 -0.0474364 110.299
-0.0475113 0.0117239 0.998802 47.4174 0.00771396 0.999906 -0.0113699 -4.43351 -0.998841 0.00716452 -0.0475973 110.272
-0.04735 0.0116658 0.99881 48.11 0.00923828 0.999894 -0.0112405 -4.45756 -0.998836 0.00869506 -0.0474527 110.239
-0.0481878 0.0111904 0.998776 48.7899 0.0101714 0.999891 -0.0107122 -4.48354 -0.998787 0.00964276 -0.0482963 110.217
-0.0480476 0.0113133 0.998781 49.5077 0.00727166 0.999913 -0.0109763 -4.50245 -0.998819 0.00673541 -0.0481257 110.191
-0.0480905 0.0113003 0.998779 50.144 0.00425743 0.999929 -0.0111084 -4.52713 -0.998834 0.00371803 -0.0481352 110.173
-0.0483377 0.010197 0.998779 50.8374 0.0056467 0.999935 -0.00993551 -4.55286 -0.998815 0.00515955 -0.0483921 110.152
-0.048928 0.00918261 0.99876 51.4966 0.00380636 0.999952 -0.0090071 -4.5736 -0.998795 0.00336095 -0.0489606 110.122
-0.0524924 0.00865537 0.998584 52.175 0.00176648 0.999962 -0.00857446 -4.59636 -0.99862 0.00131389 -0.0525057 110.097
-0.0572568 0.00903057 0.998319 52.8421 -8.618e-05 0.999959 -0.00905035 -4.61389 -0.99836 -0.000604229 -0.0572537 110.067
-0.0635674 0.0120549 0.997905 53.4949 0.00106903 0.999927 -0.0120113 -4.64101 -0.997977 0.000303269 -0.0635757 110.025
-0.0696349 0.014756 0.997463 54.1648 0.00240799 0.99989 -0.0146238 -4.66068 -0.99757 0.00138355 -0.0696628 109.972
-0.0767442 0.0160563 0.996921 54.875 0.00356738 0.999868 -0.0158291 -4.68259 -0.997045 0.00234161 -0.0767914 109.92
-0.08306 0.01596 0.996417 55.55 0.00142882 0.999873 -0.0158963 -4.71063 -0.996544 0.000103355 -0.0830722 109.872
-0.088549 0.014629 0.995964 56.1867 0.000508212 0.999893 -0.0146415 -4.73579 -0.996072 -0.000790327 -0.0885469 109.828
-0.093283 0.0144302 0.995535 56.8594 -0.00224698 0.999889 -0.0147039 -4.75938 -0.995637 -0.00360857 -0.0932403 109.769
-0.097372 0.0140854 0.995148 57.5754 -0.00447893 0.999884 -0.0145907 -4.78263 -0.995238 -0.00587792 -0.0972976 109.71
-0.100173 0.011286 0.994906 58.2668 -0.00220114 0.999931 -0.0115646 -4.803 -0.994968 -0.00334839 -0.100141 109.648
-0.101611 0.00797094 0.994792 58.9762 -0.00204707 0.999964 -0.00822147 -4.82398 -0.994822 -0.0028718 -0.101591 109.578
-0.103853 0.00573031 0.994576 59.6901 -0.000827572 0.999983 -0.00584787 -4.84463 -0.994592 -0.0014304 -0.103846 109.511
-0.104439 0.00535435 0.994517 60.4223 -0.000374245 0.999985 -0.00542309 -4.86399 -0.994531 -0.000938577 -0.104436 109.441
-0.10528 0.00845116 0.994407 61.1408 0.000576566 0.999964 -0.00843735 -4.88481 -0.994442 -0.000314938 -0.105281 109.371
-0.105486 0.0125271 0.994342 61.8797 0.00551637 0.999913 -0.012012 -4.90558 -0.994406 0.00421805 -0.105546 109.287
-0.10623 0.0164749 0.994205 62.632 0.0109474 0.999822 -0.0153982 -4.93559 -0.994281 0.00924823 -0.106392 109.2
-0.106696 0.0180459 0.994128 63.3403 0.0126904 0.999779 -0.0167865 -4.95836 -0.994211 0.0108248 -0.106901 109.132
-0.107031 0.0158613 0.994129 64.1002 0.0103264 0.999837 -0.0148405 -4.98106 -0.994202 0.00867735 -0.107177 109.059
-0.106558 0.0120494 0.994234 64.8436 0.011676 0.999873 -0.0108664 -4.99955 -0.994238 0.0104507 -0.106685 108.983
-0.107205 0.00975633 0.994189 65.585 0.0161848 0.999836 -0.00806652 -5.02851 -0.994105 0.015226 -0.107345 108.905
-0.108179 0.0100775 0.99408 66.3409 0.0185756 0.999795 -0.00811396 -5.05506 -0.993958 0.0175879 -0.108344 108.823
-0.109711 0.0103787 0.993909 67.0749 0.0161567 0.999832 -0.00865711 -5.0799 -0.993832 0.0151086 -0.109861 108.748
-0.11176 0.0108756 0.993676 67.8623 0.0159922 0.99983 -0.00914433 -5.1075 -0.993606 0.0148691 -0.111915 108.667
-0.114186 0.0111502 0.993397 68.5762 0.0164455 0.999821 -0.00933201 -5.12713 -0.993323 0.0152714 -0.114349 108.591
-0.116141 0.0111222 0.99317 69.3247 0.0165918 0.99982 -0.00925642 -5.1534 -0.993094 0.0154035 -0.116305 108.51
-0.118001 0.0107136 0.992956 70.051 0.014921 0.999848 -0.00901479 -5.17441 -0.992901 0.0137522 -0.118143 108.428
-0.119537 0.0109555 0.992769 70.8441 0.0130595 0.99987 -0.00946135 -5.19536 -0.992744 0.0118341 -0.119664 108.342
-0.12025 0.0120867 0.99267 71.5343 0.011604 0.999875 -0.0107688 -5.22441 -0.992676 0.010224 -0.120375 108.269
-0.121446 0.0127197 0.992517 72.3291 0.0114183 0.99987 -0.0114167 -5.24136 -0.992532 0.0099463 -0.121575 108.177
-0.122617 0.0124595 0.992376 73.1085 0.01052 0.999881 -0.0112539 -5.26953 -0.992398 0.00905991 -0.122733 108.093
-0.123647 0.0111541 0.992264 73.8692 0.0116384 0.999884 -0.00978953 -5.2944 -0.992258 0.0103379 -0.123762 108.004
-0.124963 0.00915809 0.992119 74.6644 0.00944872 0.999923 -0.00804001 -5.31843 -0.992116 0.00836954 -0.12504 107.914
-0.126373 0.0070982 0.991957 75.4471 0.00668105 0.999958 -0.00630429 -5.33803 -0.99196 0.00583063 -0.126415 107.823
-0.1287 0.00631906 0.991663 76.2129 0.00622642 0.999965 -0.00556388 -5.3557 -0.991664 0.00545844 -0.128735 107.724
-0.130611 0.00626919 0.991414 77.0064 0.0064145 0.999964 -0.0054782 -5.38103 -0.991413 0.00564392 -0.130646 107.627
-0.133169 0.00778879 0.991063 77.7883 0.00580512 0.999958 -0.00707867 -5.39838 -0.991076 0.00481058 -0.133208 107.531
-0.133652 0.0112659 0.990964 78.588 0.00676571 0.999922 -0.0104552 -5.42259 -0.991005 0.00530721 -0.133718 107.423
-0.134486 0.0148911 0.990804 79.3737 0.00872711 0.999866 -0.0138427 -5.44988 -0.990877 0.00678521 -0.134598 107.323
-0.134997 0.0184412 0.990674 80.2062 0.00936552 0.999806 -0.017335 -5.48025 -0.990802 0.00693801 -0.135144 107.204
-0.134938 0.0196247 0.99066 81.0047 0.0117734 0.999765 -0.0182014 -5.50746 -0.990784 0.00920733 -0.135137 107.098
-0.134375 0.0189878 0.990749 81.8308 0.0153824 0.999736 -0.0170738 -5.54113 -0.990811 0.0129459 -0.134631 106.991
-0.134119 0.017491 0.990811 82.6664 0.0166822 0.999742 -0.0153905 -5.56965 -0.990825 0.0144647 -0.134376 106.874
-0.133567 0.015805 0.990914 83.5031 0.0164015 0.999771 -0.0137355 -5.59991 -0.990904 0.0144179 -0.133796 106.771
-0.131632 0.0133939 0.991208 84.3365 0.0158767 0.999809 -0.0114017 -5.6262 -0.991171 0.0142362 -0.13182 106.666
-0.130037 0.010623 0.991452 85.1867 0.0170179 0.999819 -0.00848066 -5.6502 -0.991363 0.0157696 -0.130194 106.559
-0.128321 0.00709663 0.991707 86.0298 0.0169934 0.999843 -0.00495601 -5.67721 -0.991587 0.0162165 -0.128422 106.453
-0.126403 0.00687807 0.991955 86.8851 0.0159114 0.999861 -0.00490532 -5.70206 -0.991851 0.0151634 -0.126495 106.351
-0.125094 0.0109544 0.992084 87.737 0.017461 0.999808 -0.00883796 -5.73012 -0.991991 0.0162172 -0.125261 106.249
-0.123167 0.0172845 0.992235 88.6047 0.0179599 0.999723 -0.0151856 -5.75763 -0.992224 0.0159501 -0.123443 106.15
-0.122541 0.0200176 0.992262 89.4489 0.0146278 0.999724 -0.0183617 -5.78839 -0.992356 0.0122646 -0.1228 106.058
-0.120693 0.0183869 0.99252 90.3183 0.013552 0.999766 -0.0168732 -5.81128 -0.992597 0.0114142 -0.120914 105.963
-0.119442 0.015915 0.992714 91.1681 0.0156993 0.999777 -0.0141393 -5.8481 -0.992717 0.0138961 -0.119665 105.865
-0.11906 0.0141597 0.992786 92.0399 0.0155966 0.999802 -0.0123893 -5.87534 -0.992765 0.014009 -0.119257 105.766
-0.118248 0.0136795 0.99289 92.8929 0.0158659 0.999804 -0.0118852 -5.90927 -0.992857 0.0143477 -0.118442 105.674
-0.118384 0.0131083 0.992881 93.7585 0.0164757 0.999801 -0.0112352 -5.94256 -0.992831 0.0150284 -0.118576 105.582
-0.117609 0.0119834 0.992988 94.6319 0.0169995 0.999805 -0.0100523 -5.96732 -0.992915 0.0156981 -0.117789 105.479
-0.116144 0.0115642 0.993165 95.4758 0.0208035 0.999741 -0.00920796 -5.99887 -0.993015 0.0195918 -0.116354 105.383
-0.115296 0.0120141 0.993259 96.3112 0.0208601 0.999736 -0.00967107 -6.02472 -0.993112 0.0196045 -0.115516 105.288
-0.115086 0.0149183 0.993244 97.1776 0.0234909 0.999649 -0.0122927 -6.0603 -0.993078 0.0219175 -0.115396 105.198
-0.113607 0.0152003 0.99341 98.0285 0.0199887 0.999716 -0.0130109 -6.09099 -0.993325 0.0183789 -0.113879 105.109
-0.11325 0.0120352 0.993494 98.879 0.0162816 0.999815 -0.0102558 -6.11389 -0.993433 0.0150142 -0.113425 105.032
-0.113573 0.00963376 0.993483 99.7158 0.0120514 0.999893 -0.00831822 -6.14557 -0.993457 0.0110281 -0.113677 104.951
-0.114246 0.0102873 0.993399 100.558 0.00810655 0.999923 -0.00942256 -6.17305 -0.99342 0.00697656 -0.11432 104.865
-0.115696 0.013799 0.993189 101.392 0.00385143 0.999902 -0.0134436 -6.20726 -0.993277 0.00226982 -0.115738 104.784
-0.116704 0.0162612 0.993034 102.221 0.00158414 0.999868 -0.016187 -6.23585 -0.993166 -0.000315983 -0.116714 104.692
-0.116883 0.0171469 0.992998 103.057 0.00307779 0.999852 -0.016903 -6.26995 -0.993141 0.00108057 -0.116919 104.606
-0.117966 0.0162164 0.992885 103.865 0.00369209 0.999867 -0.0158918 -6.30063 -0.993011 0.00179112 -0.118011 104.509
-0.11807 0.017224 0.992856 104.687 0.00505407 0.999847 -0.0167442 -6.33237 -0.992992 0.00304097 -0.118139 104.418
-0.118703 0.0195777 0.992737 105.49 0.00565912 0.999803 -0.0190404 -6.37542 -0.992914 0.00335786 -0.11879 104.325
-0.118912 0.0211195 0.99268 106.308 0.00517618 0.999773 -0.0206503 -6.411 -0.992891 0.00268271 -0.118995 104.233
-0.120597 0.0210827 0.992478 107.11 0.00387479 0.999777 -0.0207669 -6.44505 -0.992694 0.00134122 -0.120652 104.144
-0.122432 0.0204068 0.992267 107.915 0.00231153 0.999792 -0.0202764 -6.47963 -0.992474 -0.000188811 -0.122453 104.051
-0.125245 0.0217714 0.991887 108.706 0.00192782 0.999763 -0.0217009 -6.52013 -0.992124 -0.000805751 -0.125258 103.96
-0.128817 0.0237997 0.991383 109.483 0.00162184 0.999716 -0.023789 -6.55826 -0.991667 -0.00145655 -0.128819 103.865
-0.13175 0.0251383 0.990964 110.276 -0.000138145 0.999678 -0.0253778 -6.59786 -0.991283 -0.00348042 -0.131704 103.768
-0.135538 0.0250926 0.990454 111.049 0.000564186 0.999681 -0.0252491 -6.63298 -0.990772 -0.00286342 -0.135509 103.667
-0.137822 0.0245102 0.990154 111.824 0.00193869 0.999699 -0.0244767 -6.66985 -0.990455 -0.00145381 -0.137828 103.556
-0.14112 0.0249973 0.989677 112.592 0.00303103 0.999687 -0.0248179 -6.70932 -0.989988 -0.000502563 -0.141151 103.451
-0.142383 0.0293774 0.989375 113.364 -0.000824393 0.999556 -0.0297983 -6.74857 -0.989811 -0.00505841 -0.142296 103.352
-0.144113 0.0354815 0.988925 114.123 -0.00392577 0.999329 -0.0364269 -6.79253 -0.989554 -0.00913188 -0.143877 103.252
-0.147456 0.0385301 0.988318 114.883 0.000588588 0.999244 -0.0388682 -6.83424 -0.989068 -0.00514963 -0.147367 103.139
-0.149834 0.0357997 0.988063 115.643 0.00135158 0.999351 -0.0360037 -6.87778 -0.98871 -0.00405913 -0.149785 103.019
-0.15365 0.0302811 0.987661 116.416 0.00185565 0.999537 -0.0303565 -6.91729 -0.988124 -0.00283154 -0.153636 102.916
-0.15509 0.0278523 0.987508 117.177 0.000692759 0.999605 -0.0280847 -6.96003 -0.9879 -0.00367157 -0.155049 102.8
-0.158013 0.0295814 0.986994 117.926 -0.000162803 0.99955 -0.0299838 -7.0037 -0.987437 -0.0048985 -0.157937 102.69
-0.160016 0.0323191 0.986585 118.674 -0.00381722 0.999436 -0.0333592 -7.0433 -0.987107 -0.00910401 -0.159802 102.571
-0.162461 0.0357324 0.986068 119.416 -0.00372038 0.999315 -0.0368254 -7.08107 -0.986708 -0.00965124 -0.162217 102.458
-0.165085 0.0397215 0.985479 120.161 -0.000344514 0.999186 -0.0403317 -7.13283 -0.986279 -0.00699767 -0.164937 102.329
-0.16635 0.0435455 0.985105 120.887 0.000481723 0.999028 -0.0440796 -7.17884 -0.986067 -0.00685809 -0.166209 102.209
-0.169652 0.0453076 0.984462 121.639 -0.00116239 0.998933 -0.0461739 -7.22132 -0.985503 -0.0089778 -0.169418 102.088
-0.172041 0.0437576 0.984118 122.371 -1.23718e-05 0.999013 -0.0444221 -7.26431 -0.98509 -0.00765458 -0.17187 101.965
-0.176248 0.0404485 0.983514 123.103 0.00521387 0.99918 -0.0401584 -7.31662 -0.984332 -0.00194993 -0.176315 101.828
-0.181214 0.0383432 0.982696 123.821 0.00605878 0.999264 -0.0378724 -7.36546 -0.983425 -0.000909075 -0.181313 101.697
-0.187766 0.037371 0.981503 124.549 0.00602535 0.999301 -0.036896 -7.40562 -0.982195 -0.00101392 -0.18786 101.559
-0.196878 0.0375159 0.97971 125.273 0.00548527 0.999294 -0.0371635 -7.45333 -0.980413 -0.00194272 -0.196945 101.422
-0.206706 0.0379391 0.977667 125.987 0.00453461 0.999274 -0.0378188 -7.49627 -0.978393 -0.00338403 -0.206728 101.275
-0.218639 0.0387302 0.975037 126.7 0.00497376 0.999243 -0.0385764 -7.54274 -0.975793 -0.00358471 -0.218666 101.113
-0.231021 0.0394086 0.97215 127.413 0.00680264 0.99922 -0.0388894 -7.58655 -0.972925 -0.00237108 -0.231109 100.945
-0.242198 0.0393145 0.96943 128.1 0.00867379 0.999227 -0.0383558 -7.62641 -0.970188 -0.000881069 -0.242352 100.766
-0.253319 0.0389097 0.9666 128.8 0.0110271 0.999242 -0.0373338 -7.67227 -0.96732 0.00120145 -0.253556 100.572
-0.263676 0.0393506 0.963808 129.504 0.0160064 0.999209 -0.036417 -7.71503 -0.964479 0.00582489 -0.264097 100.379
-0.273028 0.0398256 0.961182 130.195 0.0211684 0.99915 -0.0353858 -7.75577 -0.961773 0.0106853 -0.273638 100.173
-0.280397 0.0402366 0.95904 130.893 0.0263729 0.999067 -0.0342052 -7.79957 -0.959522 0.0157016 -0.281197 99.9641
-0.287031 0.0396384 0.957101 131.564 0.026774 0.999085 -0.0333478 -7.84226 -0.957547 0.0160536 -0.28783 99.7576
-0.291636 0.0374854 0.955795 132.249 0.0289653 0.99912 -0.0303465 -7.8788 -0.956091 0.0188347 -0.292465 99.5499
-0.293847 0.0357424 0.955184 132.91 0.0362615 0.998998 -0.0262266 -7.91126 -0.955164 0.0269298 -0.294849 99.3343
-0.294756 0.0335834 0.954982 133.6 0.0419866 0.998872 -0.0221677 -7.94888 -0.95465 0.0335624 -0.295834 99.1118
-0.295695 0.034135 0.954672 134.269 0.046314 0.998699 -0.0213642 -7.97759 -0.954159 0.0378974 -0.296891 98.8994
-0.296421 0.0374276 0.954324 134.93 0.0473327 0.99858 -0.0244613 -8.01685 -0.953884 0.0379198 -0.297772 98.6955
-0.294613 0.0398021 0.954787 135.578 0.0451657 0.998596 -0.0276919 -8.04716 -0.954549 0.0349652 -0.295997 98.4959
-0.293598 0.0403115 0.955079 136.241 0.0470869 0.998507 -0.0276697 -8.07877 -0.954769 0.0368479 -0.295058 98.2957
-0.29199 0.0386282 0.955641 136.897 0.0486803 0.998489 -0.0254862 -8.11008 -0.955182 0.0390792 -0.293429 98.1001
-0.29027 0.0374053 0.956213 137.528 0.052199 0.998367 -0.0232086 -8.14475 -0.95552 0.0431767 -0.291748 97.905
-0.288879 0.0366991 0.956662 138.185 0.0515667 0.998411 -0.0227292 -8.17706 -0.955976 0.0427658 -0.290313 97.7134
-0.28614 0.0391459 0.957388 138.821 0.0529613 0.998284 -0.0249892 -8.2113 -0.956723 0.0435541 -0.287722 97.5206
-0.282466 0.0399913 0.958443 139.458 0.0541152 0.998204 -0.0257019 -8.2424 -0.95775 0.0446064 -0.284123 97.3339
-0.276533 0.0398083 0.96018 140.074 0.0555824 0.998132 -0.025374 -8.27355 -0.959396 0.0463523 -0.278229 97.155
-0.271731 0.0384468 0.961605 140.705 0.0569796 0.998092 -0.0238043 -8.30575 -0.960685 0.0483235 -0.273403 96.9754
-0.266875 0.0362768 0.963048 141.323 0.0568663 0.998143 -0.0218402 -8.33744 -0.962052 0.0489364 -0.268443 96.8109
-0.26241 0.0350032 0.964321 141.935 0.0570592 0.998156 -0.0207045 -8.3701 -0.963268 0.0495903 -0.263923 96.6434
-0.258582 0.03404 0.965389 142.555 0.0579478 0.998126 -0.0196728 -8.39959 -0.96425 0.0508551 -0.26007 96.4817
-0.255122 0.0323901 0.966366 143.163 0.0609507 0.99799 -0.017359 -8.42091 -0.964986 0.0544721 -0.256584 96.3155
-0.251163 0.0305646 0.967462 143.766 0.0627883 0.997911 -0.0152261 -8.45258 -0.965906 0.0569211 -0.252558 96.1616
-0.247324 0.0293764 0.968488 144.379 0.061729 0.997988 -0.0145074 -8.47876 -0.966965 0.0561957 -0.248639 96.008
-0.243612 0.029906 0.969412 144.979 0.0590699 0.998127 -0.0159477 -8.50496 -0.968072 0.053378 -0.244922 95.8622
-0.239353 0.0333596 0.970359 145.565 0.060181 0.997998 -0.0194653 -8.53199 -0.969066 0.0537382 -0.240882 95.7173
-0.23351 0.0361855 0.971681 146.155 0.061732 0.997843 -0.0223246 -8.55801 -0.970393 0.0547708 -0.23524 95.5794
-0.226807 0.0374267 0.97322 146.724 0.0614068 0.997823 -0.024062 -8.58018 -0.972002 0.0543049 -0.228612 95.4457
-0.218686 0.0357519 0.97514 147.308 0.0577778 0.99805 -0.0236346 -8.60903 -0.974083 0.051173 -0.220325 95.3355
-0.207887 0.0336383 0.977574 147.885 0.0571515 0.998119 -0.0221917 -8.6372 -0.976482 0.0512565 -0.209418 95.2231
