1 -4.1311e-11 -2.52408e-10 -4.65661e-10 -4.12612e-11 1 -1.70424e-11 0 9.07877e-11 -1.70424e-11 1 -2.98023e-08
0.999997 0.000854627 0.00222376 -0.00213242 -0.00085495 1 0.000144837 -0.0404243 -0.00222364 -0.000146738 0.999998 1.20863
0.999993 0.00116454 0.00348536 -0.000735582 -0.00116632 0.999999 0.000506723 -0.0678075 -0.00348476 -0.000510783 0.999994 2.41676
0.999993 0.000626125 0.00379859 -0.00335839 -0.000630833 0.999999 0.00123857 -0.0953645 -0.00379782 -0.00124096 0.999992 3.62107
0.999992 0.000151761 0.00391673 -0.00176693 -0.0001542 1 0.000622065 -0.123955 -0.00391663 -0.000622663 0.999992 4.8167
0.999985 -5.20163e-05 0.00554429 0.00207974 4.73366e-05 1 0.000843906 -0.14801 -0.00554433 -0.00084363 0.999984 6.01846
0.999971 -0.000157608 0.00758612 -0.00302229 0.00015071 1 0.000909817 -0.179389 -0.00758626 -0.000908647 0.999971 7.22049
0.999964 0.000143447 0.00852841 0.00685741 -0.000150585 1 0.000836449 -0.203326 -0.00852828 -0.000837702 0.999963 8.41789
0.999945 -0.000359881 0.0104585 0.0083546 0.000338827 0.999998 0.00201471 -0.230702 -0.0104592 -0.00201106 0.999943 9.63576
0.999981 -0.0010479 0.00605899 0.0164617 0.00102915 0.999995 0.00309668 -0.25548 -0.00606221 -0.00309039 0.999977 10.8449
0.99999 -0.00222852 0.00395943 0.00169847 0.00221904 0.999995 0.00239786 -0.28184 -0.00396475 -0.00238904 0.999989 12.0318
0.999997 -0.00179713 0.00184468 0.0125852 0.00179393 0.999997 0.00173477 -0.308008 -0.00184779 -0.00173145 0.999997 13.222
0.999998 -0.00166579 0.000617969 0.011735 0.00166459 0.999997 0.00192931 -0.332887 -0.000621181 -0.00192828 0.999998 14.4125
1 -4.97849e-06 -0.000385236 -0.00685645 5.49142e-06 0.999999 0.00133135 -0.358658 0.000385229 -0.00133136 0.999999 15.5951
0.999999 -0.000697121 -0.00120444 -0.0228214 0.00069959 0.999998 0.00205108 -0.383324 0.00120301 -0.00205192 0.999997 16.7905
0.999999 -0.000924314 -0.00116049 -0.0247003 0.00092752 0.999996 0.00276482 -0.41102 0.00115792 -0.00276589 0.999996 18.0112
0.999997 -0.00148919 -0.00171115 -0.036972 0.00149418 0.999995 0.00291546 -0.433285 0.0017068 -0.00291801 0.999994 19.1796
0.999994 -0.00158162 -0.00303774 -0.0419464 0.00158777 0.999997 0.00202174 -0.459262 0.00303453 -0.00202655 0.999993 20.3695
0.999998 -0.0012703 -0.00155272 -0.0626421 0.00127177 0.999999 0.000947804 -0.483331 0.00155152 -0.000949776 0.999998 21.5611
0.999992 -0.000968592 -0.00393875 -0.0659768 0.000974012 0.999999 0.00137406 -0.508032 0.00393741 -0.00137789 0.999991 22.7775
0.999991 -0.00072077 -0.00411405 -0.0799027 0.000726231 0.999999 0.00132612 -0.534291 0.00411309 -0.0013291 0.999991 23.9852
0.999986 -0.000593216 -0.00520688 -0.0977406 0.000596818 1 0.000690177 -0.562981 0.00520646 -0.000693275 0.999986 25.208
0.999983 -0.000162703 -0.00580302 -0.108717 0.000170066 0.999999 0.0012681 -0.587237 0.0058028 -0.00126907 0.999982 26.404
0.999967 -0.00177958 -0.00794103 -0.123188 0.00180605 0.999993 0.00332779 -0.609595 0.00793505 -0.00334202 0.999963 27.5601
0.99996 -0.00211999 -0.00874824 -0.142852 0.00215075 0.999992 0.00350866 -0.636945 0.00874073 -0.00352734 0.999956 28.7909
0.99996 -0.00261719 -0.00857755 -0.159441 0.00263966 0.999993 0.00261018 -0.659276 0.00857066 -0.00263271 0.99996 29.9796
0.999946 -0.00285807 -0.00998084 -0.180275 0.00287117 0.999995 0.00129898 -0.684251 0.00997708 -0.00132756 0.999949 31.1516
0.999943 -0.00289597 -0.0103093 -0.199734 0.00290779 0.999995 0.00113145 -0.7085 0.010306 -0.00116136 0.999946 32.3699
0.999931 -0.003065 -0.0113192 -0.220158 0.00308306 0.999994 0.00157851 -0.734581 0.0113143 -0.0016133 0.999935 33.5536
0.999953 -0.00326487 -0.00912104 -0.244764 0.00328667 0.999992 0.00237588 -0.75834 0.00911321 -0.00240575 0.999956 34.7448
0.999973 -0.00411577 -0.00601239 -0.25431 0.00412712 0.99999 0.00187596 -0.788373 0.00600461 -0.00190072 0.99998 35.9571
0.999968 -0.00386239 -0.00705247 -0.271164 0.00388319 0.999988 0.00293835 -0.807473 0.00704104 -0.00296564 0.999971 37.1578
0.999971 -0.00480376 -0.00589241 -0.285349 0.00481749 0.999986 0.00231808 -0.835402 0.00588119 -0.0023464 0.99998 38.3727
0.999975 -0.00449996 -0.00548226 -0.301079 0.00451351 0.999987 0.0024605 -0.85922 0.00547112 -0.00248518 0.999982 39.5614
0.999986 -0.0040754 -0.00337104 -0.315991 0.00409046 0.999982 0.0044749 -0.88514 0.00335274 -0.00448862 0.999984 40.7538
0.999992 -0.00309235 -0.00266282 -0.309488 0.0031008 0.99999 0.00317409 -0.909252 0.00265298 -0.00318232 0.999991 41.9768
0.99999 -0.00169566 -0.00412707 -0.318949 0.00170826 0.999994 0.00305122 -0.934315 0.00412187 -0.00305824 0.999987 43.1581
0.999989 0.00160924 -0.00451855 -0.329784 -0.00158173 0.99998 0.00608726 -0.95374 0.00452826 -0.00608004 0.999971 44.3668
0.999981 0.00199776 -0.00580341 -0.354573 -0.00193815 0.999946 0.010259 -0.973949 0.00582359 -0.0102476 0.999931 45.567
0.999959 0.00326155 -0.00847146 -0.363 -0.00315021 0.999909 0.0131233 -0.986936 0.00851349 -0.013096 0.999878 46.7601
0.999989 0.00333716 -0.00331292 -0.383985 -0.00328289 0.999863 0.0162517 -0.996251 0.0033667 -0.0162406 0.999862 47.9822
0.999997 0.00243529 -0.000606673 -0.387041 -0.00242468 0.999854 0.0169068 -1.00534 0.000647757 -0.0169053 0.999857 49.1747
0.999994 0.00142271 0.00319658 -0.39325 -0.00147107 0.999884 0.01518 -1.01284 -0.00317461 -0.0151846 0.99988 50.3702
0.999982 0.00247942 0.00544429 -0.388043 -0.0025548 0.9999 0.0138816 -1.02444 -0.00540933 -0.0138953 0.999889 51.5835
0.999981 0.00303084 0.00544908 -0.389434 -0.00310545 0.999901 0.0137373 -1.02733 -0.00540691 -0.013754 0.999891 52.8047
0.999989 0.00267902 0.00395723 -0.383835 -0.00273259 0.999904 0.0135936 -1.04405 -0.00392043 -0.0136043 0.9999 53.9918
0.999997 0.00239529 4.3671e-05 -0.404536 -0.00239565 0.999913 0.0129668 -1.05397 -1.26083e-05 -0.0129669 0.999916 55.183
0.999995 0.00315507 -9.6843e-05 -0.419541 -0.00315358 0.999914 0.0127143 -1.06312 0.000136949 -0.0127139 0.999919 56.4181
0.999994 0.00299154 -0.00180242 -0.414959 -0.00296603 0.999898 0.0139918 -1.07718 0.00184409 -0.0139864 0.999901 57.6027
0.999982 0.00370299 -0.00464432 -0.4225 -0.00363793 0.999896 0.0139388 -1.08785 0.00469546 -0.0139216 0.999892 58.8243
0.999977 0.00412718 -0.00542117 -0.435995 -0.00404716 0.999884 0.0146879 -1.09932 0.00548116 -0.0146657 0.999877 60.0507
0.999973 0.00518675 -0.00523769 -0.459218 -0.00511704 0.999899 0.0132359 -1.11099 0.00530581 -0.0132087 0.999899 61.2681
0.999981 0.00435706 -0.00443433 -0.46951 -0.00429496 0.999894 0.0139203 -1.12021 0.00449451 -0.013901 0.999893 62.4722
0.999991 0.00415805 -0.00122816 -0.468625 -0.00414266 0.999916 0.0122773 -1.13662 0.0012791 -0.0122721 0.999924 63.6688
0.99999 0.00425398 0.0010419 -0.481529 -0.00426753 0.999902 0.0133675 -1.14923 -0.000984932 -0.0133719 0.99991 64.8602
0.999994 0.00314586 -0.00131757 -0.487326 -0.0031251 0.999875 0.0154732 -1.15656 0.00136608 -0.015469 0.999879 66.0617
0.999988 0.00408105 -0.00271104 -0.499209 -0.00404238 0.999892 0.0141212 -1.17479 0.00276837 -0.01411 0.999897 67.256
0.999935 0.00709622 -0.00889052 -0.507969 -0.00698004 0.999891 0.0130317 -1.18436 0.00898202 -0.0129688 0.999876 68.4596
0.999936 0.00965889 -0.00588942 -0.530779 -0.00957797 0.999861 0.0136158 -1.194 0.00602012 -0.0135585 0.99989 69.6335
0.99992 0.0111121 -0.00601753 -0.553033 -0.0110263 0.99984 0.0141125 -1.20763 0.00617338 -0.0140451 0.999882 70.7997
0.999889 0.0133315 -0.00669171 -0.552434 -0.0132405 0.999822 0.0134534 -1.2161 0.00686987 -0.0133633 0.999887 71.9791
0.999899 0.0124443 -0.00680482 -0.562074 -0.0123269 0.999779 0.0170288 -1.23314 0.00701523 -0.0169432 0.999832 73.1898
0.999869 0.0151969 -0.00564178 -0.591693 -0.0151131 0.999779 0.014604 -1.23619 0.00586247 -0.0145168 0.999878 74.3324
0.999917 0.0128545 -0.000599115 -0.597315 -0.0128443 0.99981 0.014655 -1.24751 0.000787384 -0.0146461 0.999892 75.5325
0.999931 0.0114881 0.00254701 -0.591264 -0.0115107 0.999893 0.00903383 -1.27155 -0.00244295 -0.00906252 0.999956 76.7005
0.999922 0.0119657 0.00368666 -0.577404 -0.0119965 0.999892 0.00844931 -1.28278 -0.00358516 -0.00849288 0.999958 77.9062
0.999924 0.0105267 0.00644066 -0.587128 -0.0106103 0.999858 0.0131 -1.29651 -0.00630185 -0.0131674 0.999893 79.0708
0.999875 0.00944191 0.0127136 -0.581135 -0.00961281 0.999863 0.0134483 -1.30812 -0.0125849 -0.0135688 0.999829 80.2563
0.999835 0.0112738 0.0142186 -0.562007 -0.0114219 0.999881 0.0103768 -1.31703 -0.0140999 -0.0105375 0.999845 81.4165
0.999837 0.00996577 0.0150805 -0.562028 -0.0100988 0.999911 0.0087695 -1.33718 -0.0149917 -0.00892036 0.999848 82.6052
0.999796 0.00976927 0.017661 -0.523011 -0.00985582 0.99994 0.00482025 -1.36079 -0.0176129 -0.00499333 0.999832 83.7557
0.999758 0.00816531 0.0204295 -0.508528 -0.00826647 0.999954 0.00487202 -1.38399 -0.0203888 -0.00503972 0.999779 84.8911
0.999666 0.00824414 0.0244848 -0.482999 -0.00838295 0.999949 0.00557168 -1.40353 -0.0244376 -0.00577507 0.999685 86.0588
0.999404 0.00894742 0.033328 -0.446454 -0.00917014 0.999937 0.00653578 -1.42509 -0.0332674 -0.0068375 0.999423 87.2261
0.999358 0.00891618 0.0346872 -0.412392 -0.00903207 0.999954 0.00318551 -1.44426 -0.0346572 -0.00349677 0.999393 88.3564
0.999242 0.00949958 0.0377615 -0.370876 -0.00960167 0.999951 0.00252308 -1.47573 -0.0377357 -0.00288374 0.999284 89.5243
0.999135 0.00977649 0.040409 -0.335393 -0.00985231 0.99995 0.00167768 -1.4969 -0.0403906 -0.00207436 0.999182 90.6309
0.99898 0.00789918 0.0444497 -0.300617 -0.00810321 0.999958 0.00441169 -1.5265 -0.0444129 -0.00476738 0.999002 91.7908
0.998915 0.00690701 0.0460577 -0.262682 -0.00712681 0.999964 0.0046099 -1.54117 -0.0460242 -0.00493314 0.998928 92.9461
0.998791 0.00644718 0.0487443 -0.201839 -0.0068193 0.999949 0.00747161 -1.56565 -0.0486937 -0.00779497 0.998783 94.1072
0.998595 0.00459641 0.0527913 -0.150509 -0.00496751 0.999964 0.00690054 -1.57968 -0.0527577 -0.00715308 0.998582 95.2766
0.998528 0.00311819 0.0541423 -0.101027 -0.00339778 0.999981 0.00507262 -1.60009 -0.0541255 -0.00524912 0.99852 96.4187
0.998434 0.00228939 0.055898 -0.0363314 -0.00239491 0.999996 0.00182089 -1.62243 -0.0558935 -0.00195191 0.998435 97.5775
0.998257 0.00254154 0.058963 0.0173985 -0.00247435 0.999996 -0.00121239 -1.64415 -0.0589658 0.00106438 0.998259 98.7196
0.998163 0.00294335 0.0605226 0.0797937 -0.00280512 0.999993 -0.00236886 -1.66828 -0.0605291 0.00219473 0.998164 99.8893
0.998226 0.00299537 0.059459 0.150577 -0.00291978 0.999995 -0.00135811 -1.69471 -0.0594628 0.0011821 0.99823 101.087
0.998297 0.00279654 0.0582704 0.225224 -0.00284518 0.999996 0.000751809 -1.72263 -0.058268 -0.000916319 0.998301 102.279
0.998318 0.00195942 0.0579453 0.282211 -0.00206928 0.999996 0.00183611 -1.74631 -0.0579415 -0.00195292 0.998318 103.456
0.998447 0.00224953 0.0556625 0.336808 -0.00241126 0.999993 0.00283845 -1.76642 -0.0556557 -0.00296826 0.998446 104.645
0.998625 0.00233971 0.0523658 0.387974 -0.00252733 0.999991 0.00351698 -1.7914 -0.0523571 -0.00364449 0.998622 105.833
0.99874 0.0030334 0.0500928 0.434409 -0.00320151 0.99999 0.00327612 -1.80953 -0.0500823 -0.00343236 0.998739 107.025
0.998969 0.0043988 0.0451804 0.494675 -0.00452294 0.999986 0.00264597 -1.83116 -0.0451681 -0.00284759 0.998975 108.249
0.999071 0.00462393 0.0428475 0.532615 -0.00476941 0.999983 0.00329367 -1.85289 -0.0428315 -0.00349497 0.999076 109.471
0.999185 0.00509856 0.0400466 0.568843 -0.00528418 0.999976 0.00453068 -1.87162 -0.0400225 -0.0047386 0.999188 110.677
0.999455 0.00502684 0.0326122 0.60474 -0.00519504 0.999974 0.00507481 -1.89467 -0.0325858 -0.00524147 0.999455 111.898
0.999606 0.00481589 0.0276436 0.630055 -0.00499295 0.999967 0.0063398 -1.91532 -0.0276121 -0.00647532 0.999598 113.11
0.99978 0.00545195 0.0202667 0.665278 -0.00558311 0.999964 0.00642075 -1.93469 -0.020231 -0.00653249 0.999774 114.339
0.999843 0.0062805 0.0165424 0.676612 -0.00638899 0.999958 0.00651358 -1.95278 -0.0165008 -0.00661825 0.999842 115.568
0.999876 0.0067463 0.0142122 0.677687 -0.00683374 0.999958 0.00611285 -1.97113 -0.0141703 -0.00620922 0.99988 116.788
0.999937 0.00757302 0.00834445 0.694851 -0.00762088 0.999955 0.00571964 -1.99257 -0.00830075 -0.00578286 0.999949 118.029
0.99995 0.00931874 0.0036121 0.685378 -0.00933878 0.999941 0.0055743 -2.01264 -0.00355994 -0.00560775 0.999978 119.247
0.999931 0.0115451 0.00199499 0.681804 -0.0115561 0.999918 0.00560339 -2.02921 -0.00193013 -0.00562606 0.999982 120.482
0.999921 0.0125797 -0.000607547 0.678362 -0.012576 0.999904 0.00579803 -2.0538 0.000680426 -0.00578993 0.999983 121.727
0.999896 0.0143872 -0.00082935 0.655949 -0.014382 0.999879 0.00598656 -2.07302 0.000915379 -0.00597402 0.999982 122.952
0.999871 0.0160472 0.000492774 0.633374 -0.0160503 0.999846 0.00704986 -2.08972 -0.000379568 -0.00705687 0.999975 124.205
0.999865 0.016282 0.00220002 0.635583 -0.0162982 0.999839 0.00755679 -2.11178 -0.00207663 -0.00759163 0.999969 125.448
0.999816 0.0191282 0.00153079 0.621685 -0.0191414 0.999775 0.00913197 -2.12795 -0.00135576 -0.00915959 0.999957 126.707
0.999785 0.0206763 0.00168002 0.629674 -0.0206952 0.999712 0.0121169 -2.13532 -0.00142901 -0.012149 0.999925 127.979
0.99982 0.0185757 0.00389707 0.604453 -0.0186229 0.999749 0.0124416 -2.15107 -0.00366499 -0.0125119 0.999915 129.215
0.999791 0.0194012 0.00641684 0.605241 -0.0194699 0.999752 0.010821 -2.16562 -0.00620531 -0.0109437 0.999921 130.485
0.999832 0.0167524 0.00741953 0.607687 -0.0168387 0.99979 0.0117224 -2.17439 -0.00722159 -0.0118453 0.999904 131.746
0.999891 0.0134575 0.0060492 0.61355 -0.0135381 0.999817 0.0134886 -2.18952 -0.00586658 -0.013569 0.999891 132.992
0.999926 0.0106423 0.00582142 0.626568 -0.0107296 0.999827 0.015185 -2.19771 -0.00565881 -0.0152463 0.999868 134.265
0.999939 0.0082831 0.00736639 0.623189 -0.0084011 0.999835 0.0161343 -2.20648 -0.00723153 -0.0161952 0.999843 135.538
0.99997 0.00443902 0.00631205 0.634885 -0.00452977 0.999886 0.0144364 -2.2196 -0.00624724 -0.0144645 0.999876 136.817
0.999967 0.00235461 0.00773983 0.644815 -0.00245882 0.999906 0.0134821 -2.22586 -0.00770736 -0.0135007 0.999879 138.086
0.99996 0.00049996 0.00891826 0.646527 -0.000622813 0.999905 0.0137781 -2.24069 -0.00891053 -0.0137831 0.999865 139.388
0.999956 0.000606381 0.00941765 0.653427 -0.0007395 0.9999 0.0141379 -2.24846 -0.00940813 -0.0141442 0.999856 140.659
0.999959 0.000893087 0.00902796 0.665659 -0.00103728 0.999872 0.0159796 -2.25937 -0.00901253 -0.0159883 0.999832 141.928
0.999946 0.00292708 0.00993274 0.665683 -0.0031005 0.999842 0.0174892 -2.26329 -0.00987998 -0.0175191 0.999798 143.21
0.999951 0.00317561 0.00937476 0.698179 -0.00332924 0.99986 0.0164186 -2.27783 -0.0093213 -0.016449 0.999821 144.491
0.999915 0.00421498 0.0123265 0.701946 -0.00439019 0.999889 0.0142218 -2.28538 -0.0122652 -0.0142747 0.999823 145.776
0.999925 0.00362596 0.0117225 0.704059 -0.00376525 0.999922 0.0118817 -2.29684 -0.0116785 -0.011925 0.999861 147.056
0.999955 0.0031552 0.00899002 0.720666 -0.00323098 0.999959 0.00842694 -2.31942 -0.00896307 -0.00845561 0.999924 148.332
0.999944 0.00349463 0.00998484 0.732779 -0.00354207 0.999983 0.00473708 -2.33813 -0.00996811 -0.00477218 0.999939 149.598
0.999901 0.00315118 0.0137341 0.745651 -0.00320203 0.999988 0.003682 -2.36246 -0.0137224 -0.00372561 0.999899 150.855
0.999935 0.00279812 0.0110665 0.757054 -0.002845 0.999987 0.00422281 -2.38706 -0.0110545 -0.00425402 0.99993 152.156
0.999949 0.0036273 0.0093905 0.764606 -0.00366977 0.999983 0.00451031 -2.41116 -0.00937398 -0.00454454 0.999946 153.403
0.999911 0.00394937 0.0127697 0.762692 -0.00401838 0.999978 0.00538305 -2.43487 -0.0127481 -0.00543388 0.999904 154.652
0.999885 0.00473326 0.0144161 0.773327 -0.0048144 0.999973 0.00559839 -2.46 -0.0143892 -0.00566715 0.99988 155.908
0.999902 0.0052335 0.0129934 0.799525 -0.00530439 0.999971 0.00542749 -2.48267 -0.0129646 -0.00549588 0.999901 157.155
0.999919 0.00552615 0.0114641 0.806158 -0.00559905 0.999964 0.00633691 -2.50589 -0.0114287 -0.00640059 0.999914 158.441
0.99994 0.00503533 0.00968249 0.827312 -0.00510452 0.999962 0.00713443 -2.52731 -0.00964619 -0.00718343 0.999928 159.699
0.999948 0.0057747 0.00835973 0.831069 -0.00583484 0.999957 0.00718731 -2.54638 -0.00831787 -0.00723572 0.999939 160.975
0.999957 0.00607443 0.00706395 0.82458 -0.0061223 0.999958 0.0067754 -2.5681 -0.0070225 -0.00681835 0.999952 162.243
0.999945 0.0071616 0.00767982 0.82867 -0.00720364 0.999959 0.00546114 -2.58817 -0.0076404 -0.00551616 0.999956 163.486
0.999925 0.00736668 0.00980235 0.836915 -0.0074196 0.999958 0.00537377 -2.60962 -0.00976235 -0.0054461 0.999938 164.746
0.999955 0.00748652 0.00583211 0.856617 -0.00750889 0.999965 0.00382351 -2.63314 -0.00580328 -0.00386713 0.999976 166.033
0.999967 0.00779072 0.0021894 0.849244 -0.0077982 0.999964 0.00342817 -2.65873 -0.00216261 -0.00344513 0.999992 167.29
0.999967 0.00805412 -0.00100598 0.837216 -0.00805022 0.99996 0.00381801 -2.6815 0.00103669 -0.00380979 0.999992 168.559
0.999966 0.00801743 -0.00201952 0.829497 -0.00800742 0.999956 0.00491847 -2.70685 0.00205887 -0.00490213 0.999986 169.848
0.999964 0.00846841 -0.000126942 0.815571 -0.00846759 0.999949 0.00546358 -2.72733 0.000173204 -0.00546231 0.999985 171.109
0.999963 0.0084619 0.0015353 0.80418 -0.00847145 0.999944 0.00632473 -2.75072 -0.0014817 -0.0063375 0.999979 172.386
0.99996 0.00896812 0.000741997 0.78885 -0.00897248 0.999941 0.0061083 -2.7709 -0.000687173 -0.00611471 0.999981 173.645
0.999955 0.00945571 -0.000116238 0.782287 -0.00945492 0.99994 0.00550147 -2.79125 0.000168251 -0.00550012 0.999985 174.918
0.999944 0.0105339 0.000554265 0.778824 -0.0105365 0.999932 0.00499479 -2.81339 -0.000501613 -0.00500035 0.999987 176.197
0.999943 0.0106907 -0.000745088 0.776933 -0.0106869 0.999931 0.00493489 -2.83715 0.000797795 -0.00492664 0.999988 177.445
0.99995 0.0100227 -0.000769894 0.768598 -0.0100194 0.999941 0.00423756 -2.85913 0.00081232 -0.00422963 0.999991 178.709
0.999949 0.00988102 -0.00196291 0.762311 -0.00987585 0.999948 0.00262776 -2.88229 0.00198877 -0.00260824 0.999995 179.969
0.999972 0.00660988 -0.00345728 0.751251 -0.00659849 0.999973 0.00329478 -2.91239 0.00347896 -0.00327187 0.999989 181.241
0.999975 0.0065941 -0.00246219 0.739229 -0.00657887 0.999959 0.00614432 -2.93203 0.00250261 -0.00612797 0.999978 182.511
0.999989 0.00458685 0.00119235 0.729945 -0.00459897 0.999936 0.0103697 -2.95067 -0.00114471 -0.010375 0.999946 183.777
0.999981 0.00585577 0.00167812 0.739657 -0.00587075 0.999942 0.00906232 -2.97195 -0.00162496 -0.00907201 0.999958 185.032
0.999967 0.00785194 0.00211211 0.731455 -0.00786585 0.999947 0.00666048 -2.98896 -0.0020597 -0.00667687 0.999976 186.304
0.99996 0.00897398 0.000524507 0.730978 -0.00897682 0.999944 0.00569546 -3.01158 -0.000473367 -0.00569993 0.999984 187.533
0.999961 0.00858034 -0.00185551 0.722954 -0.00856848 0.999943 0.00631039 -3.03184 0.00190955 -0.00629425 0.999978 188.779
0.99995 0.00881098 0.00481385 0.715114 -0.00884378 0.999938 0.00683526 -3.05444 -0.00475333 -0.00687749 0.999965 190.032
0.999947 0.0102374 0.000944698 0.72024 -0.0102456 0.999906 0.00907856 -3.0778 -0.000851669 -0.00908776 0.999958 191.3
0.999929 0.00951517 0.00719945 0.702686 -0.00958863 0.999902 0.0102384 -3.09809 -0.00710132 -0.0103067 0.999922 192.526
0.999935 0.00928263 0.0066506 0.716951 -0.00934851 0.999907 0.00994552 -3.11329 -0.00655766 -0.010007 0.999928 193.752
0.999941 0.00767476 0.00771931 0.725215 -0.00773829 0.999936 0.00823481 -3.13766 -0.00765561 -0.00829406 0.999936 194.986
0.999933 0.00934273 0.00690988 0.736028 -0.00938415 0.999938 0.00598505 -3.15282 -0.00685353 -0.00604948 0.999958 196.225
0.999926 0.00778799 0.00936265 0.730228 -0.00784678 0.99995 0.00625879 -3.18038 -0.00931343 -0.0063318 0.999937 197.451
0.99991 0.00774828 0.0110021 0.731262 -0.00782378 0.999946 0.00683539 -3.20086 -0.0109485 -0.00692085 0.999916 198.671
0.999904 0.00688151 0.0120002 0.737057 -0.00698718 0.999937 0.00878656 -3.22368 -0.011939 -0.00886957 0.999889 199.885
0.999912 0.0079897 0.0105504 0.754967 -0.00808818 0.999924 0.00932491 -3.24603 -0.0104751 -0.00940943 0.999901 201.081
0.999919 0.00807798 0.0098104 0.751289 -0.00816917 0.999924 0.00929104 -3.2655 -0.00973459 -0.00937044 0.999909 202.317
0.999925 0.00851323 0.00884362 0.752114 -0.0086028 0.999912 0.0101397 -3.28277 -0.00875651 -0.010215 0.99991 203.472
0.999888 0.00826138 0.0124579 0.755293 -0.0083801 0.99992 0.00950786 -3.30192 -0.0123783 -0.00961119 0.999877 204.684
0.999847 0.00843406 0.0153099 0.755953 -0.00858397 0.999916 0.00975295 -3.32134 -0.0152263 -0.00988288 0.999835 205.832
0.999878 0.00855715 0.0130528 0.768754 -0.00868171 0.999917 0.00951574 -3.33739 -0.0129703 -0.0096279 0.99987 207.012
0.999892 0.00757112 0.012598 0.778587 -0.00770101 0.999917 0.0102941 -3.36096 -0.012519 -0.01039 0.999868 208.175
0.99982 0.00705864 0.0176254 0.785317 -0.00724271 0.99992 0.0104015 -3.37624 -0.0175505 -0.0105273 0.999791 209.302
0.99981 0.00611406 0.0185291 0.791836 -0.00634926 0.9999 0.0126614 -3.39793 -0.0184498 -0.0127767 0.999748 210.429
0.999838 0.00694967 0.0166061 0.80952 -0.00713397 0.999913 0.0110655 -3.41432 -0.0165277 -0.0111822 0.999801 211.556
0.999836 0.00715989 0.0166416 0.820121 -0.00733789 0.999916 0.0106595 -3.43324 -0.0165639 -0.0107798 0.999805 212.649
0.999845 0.00757634 0.0159084 0.835175 -0.00773729 0.999919 0.0100799 -3.44971 -0.0158307 -0.0102014 0.999823 213.728
0.999862 0.00717286 0.0149575 0.842201 -0.00733161 0.999917 0.0105854 -3.47009 -0.0148803 -0.0106936 0.999832 214.802
0.999876 0.00654921 0.0143444 0.849212 -0.00668795 0.999931 0.00964584 -3.48897 -0.0142803 -0.00974058 0.999851 215.87
0.999913 0.00629562 0.0116282 0.853521 -0.00641594 0.999926 0.0103395 -3.50459 -0.0115623 -0.0104132 0.999879 216.895
0.999955 0.0044727 0.00832468 0.870305 -0.00457363 0.999916 0.0121454 -3.52296 -0.00826965 -0.0121829 0.999892 217.933
0.999972 0.00510828 0.0054516 0.863273 -0.0051852 0.999886 0.0141911 -3.53703 -0.00537849 -0.014219 0.999884 218.946
0.999981 0.00516159 0.00335903 0.858063 -0.00520868 0.999886 0.0141659 -3.55412 -0.00328553 -0.0141831 0.999894 219.947
0.999983 0.00567588 0.00148234 0.846233 -0.00569558 0.999891 0.0136403 -3.56573 -0.00140476 -0.0136485 0.999906 220.937
0.999984 0.0057026 0.000459693 0.832831 -0.00570841 0.999888 0.013811 -3.57822 -0.000380883 -0.0138134 0.999905 221.927
0.99997 0.00629143 -0.00459995 0.842948 -0.00622528 0.999879 0.0142553 -3.59645 0.00468908 -0.0142262 0.999888 222.863
0.999959 0.00660378 -0.00617817 0.809051 -0.00651821 0.999884 0.0137707 -3.60695 0.00626839 -0.0137299 0.999886 223.792
0.999931 0.00644169 -0.00985424 0.804544 -0.00630924 0.99989 0.0134132 -3.62461 0.00993956 -0.0133501 0.999862 224.703
0.999902 0.00650793 -0.0124002 0.790721 -0.0063491 0.999898 0.0128058 -3.64065 0.0124823 -0.0127259 0.999841 225.579
0.999837 0.00768847 -0.0163596 0.77083 -0.00747602 0.999887 0.0130082 -3.65313 0.0164577 -0.0128838 0.999782 226.447
0.99977 0.00792369 -0.0199092 0.748178 -0.00768221 0.999896 0.0121765 -3.66958 0.0200036 -0.0120207 0.999728 227.277
0.999717 0.00956871 -0.0217687 0.719411 -0.00929871 0.999879 0.0124706 -3.67921 0.0218854 -0.0122647 0.999685 228.063
0.999642 0.0107679 -0.0244829 0.694069 -0.0104494 0.99986 0.0131019 -3.69375 0.0246205 -0.0128414 0.999614 228.883
0.999651 0.0105694 -0.0242193 0.66034 -0.0102338 0.999851 0.0139358 -3.70434 0.0243629 -0.0136831 0.99961 229.656
0.999644 0.0104342 -0.0245586 0.634065 -0.0100663 0.999836 0.0150577 -3.71678 0.0247117 -0.0148051 0.999585 230.434
0.999688 0.0102688 -0.0227512 0.615412 -0.00994311 0.999847 0.0143833 -3.72892 0.0228954 -0.0141526 0.999638 231.184
0.999706 0.0107044 -0.0217742 0.593176 -0.0104387 0.99987 0.0122759 -3.73902 0.0219028 -0.012045 0.999688 231.9
0.999724 0.0110429 -0.0207455 0.578844 -0.0108347 0.99989 0.0101226 -3.75017 0.020855 -0.00989501 0.999734 232.619
0.999749 0.0109164 -0.0195713 0.56055 -0.010742 0.999902 0.00899415 -3.76231 0.0196675 -0.00878165 0.999768 233.365
0.999788 0.0113645 -0.0171676 0.538233 -0.0112224 0.999902 0.00835225 -3.77255 0.0172609 -0.00815782 0.999818 234.076
0.999822 0.0109683 -0.0153236 0.52844 -0.0108446 0.999908 0.00813268 -3.7853 0.0154114 -0.00796506 0.99985 234.799
0.999839 0.0106662 -0.0144327 0.518681 -0.0105474 0.99991 0.00828521 -3.79657 0.0145198 -0.00813165 0.999862 235.528
0.999858 0.0106432 -0.0130574 0.503076 -0.0105369 0.999911 0.00818554 -3.80802 0.0131433 -0.0080468 0.999881 236.251
0.999869 0.0105848 -0.0122532 0.491843 -0.0104878 0.999913 0.00794842 -3.82086 0.0123362 -0.00781887 0.999893 236.93
0.999906 0.0107204 -0.00853514 0.480851 -0.0106488 0.999908 0.00838791 -3.83133 0.00862428 -0.00829624 0.999928 237.637
0.999939 0.00968058 -0.00524072 0.469993 -0.00963114 0.99991 0.00937682 -3.84049 0.00533102 -0.00932578 0.999942 238.343
0.999966 0.00823375 0.000428322 0.475374 -0.00823745 0.999921 0.00950955 -3.8508 -0.000349989 -0.00951276 0.999955 239.038
0.999967 0.00774207 0.00236776 0.477011 -0.00776423 0.999925 0.00949722 -3.86343 -0.00229405 -0.00951529 0.999952 239.737
0.999955 0.00762647 0.00567565 0.473862 -0.00767792 0.999929 0.00910082 -3.87604 -0.00560584 -0.00914399 0.999942 240.407
0.999937 0.00745194 0.00842569 0.486666 -0.00752502 0.999934 0.00867601 -3.88238 -0.00836048 -0.00873886 0.999927 241.109
0.999904 0.00814428 0.0112083 0.501317 -0.0082348 0.999934 0.00805327 -3.88914 -0.011142 -0.0081448 0.999905 241.813
0.999869 0.00808823 0.0140285 0.499989 -0.00819536 0.999938 0.00759635 -3.89698 -0.0139662 -0.00771032 0.999873 242.515
0.999828 0.00778159 0.0168417 0.512271 -0.00792631 0.999932 0.00854344 -3.90701 -0.0167741 -0.00867546 0.999822 243.248
0.999776 0.00808745 0.019572 0.525358 -0.00826601 0.999925 0.00905945 -3.91245 -0.0194973 -0.0092192 0.999767 243.968
0.999732 0.00737177 0.0219254 0.541294 -0.00757219 0.99993 0.00907191 -3.9199 -0.021857 -0.00923551 0.999718 244.646
0.999675 0.00740472 0.0243885 0.556849 -0.00759209 0.999942 0.00759903 -3.93226 -0.0243309 -0.00778172 0.999674 245.374
0.999607 0.00803969 0.0268475 0.567097 -0.00817909 0.999954 0.00508669 -3.94319 -0.0268053 -0.00530428 0.999627 246.065
0.999541 0.00761115 0.0293328 0.578836 -0.00771964 0.999964 0.00358724 -3.95727 -0.0293044 -0.00381203 0.999563 246.789
0.999583 0.00735644 0.0279274 0.598252 -0.00744431 0.999968 0.00304371 -3.96666 -0.0279041 -0.00325034 0.999605 247.5
0.999577 0.0068682 0.0282708 0.621622 -0.0069615 0.999971 0.00320313 -3.98065 -0.0282479 -0.00339858 0.999595 248.244
0.999535 0.0078003 0.0294851 0.649076 -0.00787239 0.999966 0.00232964 -3.99687 -0.029466 -0.00256067 0.999563 248.993
0.999578 0.00875165 0.0277024 0.67476 -0.00880561 0.99996 0.00182635 -4.01064 -0.0276853 -0.00206952 0.999615 249.735
0.999582 0.0082742 0.0276963 0.68617 -0.00827819 0.999966 2.92665e-05 -4.02246 -0.0276952 -0.000258529 0.999616 250.471
0.999654 0.00428129 0.025959 0.722201 -0.00423679 0.99999 -0.00176891 -4.04274 -0.0259663 0.00165832 0.999662 251.217
0.999665 0.00207038 0.0257835 0.731121 -0.00199816 0.999994 -0.00282615 -4.05803 -0.0257892 0.00277368 0.999664 251.96
0.999645 0.00251237 0.0265138 0.750111 -0.00252337 0.999997 0.000381455 -4.06873 -0.0265127 -0.000448222 0.999648 252.767
0.999613 0.0077411 0.0267111 0.765177 -0.00792429 0.999946 0.00675888 -4.07728 -0.0266573 -0.00696793 0.99962 253.544
0.999584 0.00628213 0.0281356 0.778438 -0.0065922 0.999918 0.0109411 -4.09225 -0.0280646 -0.0111221 0.999544 254.354
0.999532 0.00352803 0.0304011 0.801182 -0.0037759 0.99996 0.0080999 -4.09639 -0.0303713 -0.0082109 0.999505 255.182
0.99935 0.0065667 0.0354566 0.826662 -0.00666242 0.999974 0.00258203 -4.1122 -0.0354387 -0.00281658 0.999368 255.962
0.999181 0.00834116 0.0395906 0.845737 -0.00826222 0.999964 -0.00215699 -4.11563 -0.0396071 0.00182812 0.999214 256.769
0.99907 0.0100372 0.0419361 0.874119 -0.00999552 0.999949 -0.00120289 -4.13337 -0.0419461 0.0007826 0.99912 257.591
0.99893 0.00879208 0.0454094 0.899424 -0.00885445 0.99996 0.0011725 -4.14904 -0.0453973 -0.00157332 0.998968 258.445
0.998768 0.00465357 0.0494029 0.944246 -0.00488291 0.999978 0.0045225 -4.16466 -0.0493807 -0.00475816 0.998769 259.316
0.998638 0.0026054 0.0521112 0.986234 -0.00294217 0.999975 0.00638697 -4.17922 -0.0520932 -0.00653159 0.998621 260.146
0.998392 0.00207397 0.0566473 1.03171 -0.00245379 0.999975 0.00663635 -4.19392 -0.0566321 -0.00676468 0.998372 260.971
0.998326 0.00438683 0.05767 1.08433 -0.00466385 0.999978 0.00466973 -4.20369 -0.0576483 -0.00493088 0.998325 261.788
0.998227 0.00537595 0.059286 1.11729 -0.00548833 0.999983 0.00173281 -4.21922 -0.0592757 -0.00205512 0.99824 262.622
0.998067 0.00594085 0.0618543 1.16588 -0.00607863 0.999979 0.00203956 -4.23434 -0.0618409 -0.00241161 0.998083 263.482
0.997902 0.00670453 0.0643966 1.21332 -0.00696411 0.999969 0.00380725 -4.25181 -0.0643691 -0.00424772 0.997917 264.309
0.99767 0.00731534 0.0678239 1.25878 -0.0077479 0.999951 0.00611687 -4.26814 -0.0677759 -0.00662812 0.997679 265.187
0.997467 0.00846362 0.0706186 1.31453 -0.00890236 0.999943 0.00590036 -4.28423 -0.0705647 -0.00651409 0.997486 265.986
0.997326 0.00807032 0.0726298 1.36733 -0.00847598 0.99995 0.00527874 -4.29713 -0.0725836 -0.00588024 0.997345 266.822
0.99721 0.00689027 0.0743262 1.42737 -0.00725292 0.999963 0.00461032 -4.31168 -0.0742917 -0.00513654 0.997223 267.659
0.99714 0.00387908 0.0754803 1.48405 -0.00427092 0.999978 0.00503061 -4.3226 -0.0754592 -0.00533859 0.997135 268.463
0.997125 0.00228535 0.0757445 1.54494 -0.00272108 0.99998 0.00564993 -4.34187 -0.0757301 -0.00583979 0.997111 269.35
0.997088 0.00132569 0.0762518 1.60775 -0.00172949 0.999985 0.00522985 -4.35609 -0.0762437 -0.0053465 0.997075 270.186
0.997003 0.00108974 0.0773573 1.66669 -0.00153895 0.999982 0.00574762 -4.36683 -0.0773497 -0.00584945 0.996987 271.063
0.997022 0.00127203 0.077113 1.72567 -0.00174553 0.99998 0.00607321 -4.3798 -0.0771037 -0.00618972 0.997004 271.904
0.997044 0.00177035 0.0768132 1.78373 -0.00228194 0.999976 0.00657296 -4.39507 -0.0767997 -0.00672881 0.997024 272.767
0.997141 0.00145517 0.0755526 1.84479 -0.00187795 0.999983 0.00552517 -4.411 -0.0755432 -0.00565125 0.997127 273.662
0.997313 0.00169344 0.0732453 1.90083 -0.00204849 0.999987 0.0047726 -4.42578 -0.0732363 -0.00490981 0.997303 274.481
0.997334 0.00239112 0.0729332 1.95132 -0.00267632 0.999989 0.00381295 -4.43942 -0.0729233 -0.00399797 0.99733 275.355
0.997386 0.00321738 0.0721898 2.00523 -0.00350121 0.999987 0.00380557 -4.45664 -0.0721766 -0.00404837 0.997384 276.214
0.997479 0.00450935 0.0708182 2.05586 -0.00476411 0.999983 0.0034289 -4.47348 -0.0708016 -0.00375764 0.997483 277.042
0.997656 0.00488893 0.06826 2.10407 -0.00519281 0.999977 0.00427512 -4.49031 -0.0682376 -0.00461956 0.997658 277.889
0.997828 0.00448536 0.0657161 2.14777 -0.004894 0.99997 0.00605857 -4.50595 -0.065687 -0.00636702 0.99782 278.753
0.998057 0.00307815 0.0622335 2.18898 -0.00360977 0.999958 0.00843167 -4.52066 -0.0622049 -0.00863994 0.998026 279.613
0.998379 0.00162955 0.0568955 2.23709 -0.00221683 0.999945 0.0102605 -4.53699 -0.0568757 -0.01037 0.998327 280.461
0.998681 0.00149605 0.0513165 2.27397 -0.0020932 0.999931 0.011585 -4.54937 -0.0512956 -0.0116771 0.998615 281.248
0.998982 0.00102613 0.0451025 2.30654 -0.00157508 0.999925 0.0121374 -4.56071 -0.0450866 -0.0121961 0.998909 282.072
0.999173 0.000817609 0.0406653 2.33698 -0.0013265 0.999921 0.0124887 -4.57344 -0.0406519 -0.0125323 0.999095 282.884
0.999319 -0.000600504 0.0368959 2.35565 0.000128931 0.999918 0.0127823 -4.58421 -0.0369005 -0.0127688 0.999237 283.684
0.999482 -0.00104932 0.0321572 2.37296 0.000638224 0.999918 0.0127916 -4.59441 -0.032168 -0.0127644 0.999401 284.454
0.999551 -0.000195544 0.0299478 2.3867 -0.000179414 0.999922 0.0125171 -4.60721 -0.0299479 -0.0125169 0.999473 285.248
0.999633 5.09574e-05 0.0270782 2.40011 -0.000397921 0.999918 0.0128082 -4.61881 -0.0270753 -0.0128142 0.999551 286.003
0.999746 -0.000793635 0.0225187 2.40589 0.000508202 0.99992 0.0126782 -4.62834 -0.0225269 -0.0126636 0.999666 286.749
0.999834 -0.0018129 0.0181198 2.41274 0.00159834 0.999929 0.0118485 -4.64116 -0.01814 -0.0118176 0.999766 287.455
0.999896 -0.000116043 0.0143874 2.41718 -3.34529e-05 0.999946 0.0103901 -4.65446 -0.0143879 -0.0103895 0.999843 288.154
0.999967 0.00158702 0.00790375 2.40886 -0.00165327 0.999964 0.00838326 -4.66659 -0.00789016 -0.00839605 0.999934 288.814
0.999997 0.00226959 -0.00110519 2.39262 -0.00226225 0.999976 0.00659976 -4.68009 0.00112015 -0.00659724 0.999978 289.473
0.99993 0.00212392 -0.0116488 2.38123 -0.00205545 0.999981 0.00588634 -4.69428 0.0116611 -0.00586199 0.999915 290.094
0.999678 0.00230259 -0.0252609 2.3551 -0.00216646 0.999983 0.00541532 -4.70765 0.0252729 -0.00535885 0.999666 290.735
0.999115 0.00339488 -0.0419363 2.31531 -0.00313225 0.999975 0.00632665 -4.72318 0.0419567 -0.00618969 0.9991 291.337
0.998076 0.00552267 -0.0617582 2.26087 -0.00510049 0.999963 0.00699157 -4.73325 0.0617945 -0.00666312 0.998067 291.912
0.996439 0.00789535 -0.083945 2.1857 -0.007345 0.999949 0.00686297 -4.74735 0.0839949 -0.00622196 0.996447 292.51
0.993979 0.00928106 -0.10918 2.10051 -0.00857818 0.999939 0.0069058 -4.75927 0.109237 -0.00592766 0.993998 293.081
0.990524 0.0108142 -0.136912 2.00666 -0.00991258 0.999925 0.00726549 -4.7683 0.13698 -0.0058395 0.990557 293.636
0.98578 0.0121044 -0.167606 1.88481 -0.0108334 0.999905 0.00849579 -4.77655 0.167693 -0.00655923 0.985817 294.182
0.979533 0.0121814 -0.200914 1.75458 -0.0102502 0.999891 0.0106499 -4.78634 0.201022 -0.00837252 0.979551 294.697
0.971655 0.0125292 -0.236071 1.59952 -0.00985173 0.999873 0.0125179 -4.79527 0.236198 -0.00983733 0.971655 295.2
0.961983 0.0137719 -0.272762 1.42359 -0.010031 0.999836 0.0151048 -4.80022 0.272925 -0.0117945 0.961963 295.691
0.949892 0.0156678 -0.312185 1.23772 -0.0106832 0.999787 0.0176709 -4.80532 0.312396 -0.0134503 0.949857 296.185
0.935115 0.0168463 -0.353943 1.03719 -0.010459 0.999746 0.0199514 -4.80907 0.354189 -0.014955 0.935054 296.634
0.918933 0.0170698 -0.394044 0.80792 -0.00918867 0.999718 0.0218787 -4.81212 0.394306 -0.0164843 0.918831 297.086
0.900001 0.0171727 -0.435549 0.562616 -0.00785799 0.9997 0.0231785 -4.81114 0.435816 -0.0174381 0.899867 297.515
0.878108 0.016479 -0.478178 0.30889 -0.005615 0.999693 0.0241402 -4.81281 0.478429 -0.0185127 0.877931 297.905
0.853401 0.0163658 -0.520999 0.0206899 -0.00358237 0.999668 0.0255339 -4.81318 0.521243 -0.0199243 0.853176 298.306
0.82567 0.0169572 -0.563899 -0.281918 -0.00188207 0.999625 0.0273043 -4.81233 0.564151 -0.0214831 0.825392 298.681
0.794648 0.0184955 -0.606789 -0.58614 -0.00202586 0.999611 0.027816 -4.80744 0.607068 -0.0208746 0.794376 298.996
0.760722 0.0178149 -0.648834 -0.926565 0.000436544 0.999609 0.0279579 -4.80707 0.649078 -0.0215514 0.760416 299.356
0.722674 0.0169653 -0.69098 -1.26034 0.00481437 0.999551 0.0295766 -4.80328 0.691172 -0.0247009 0.722268 299.634
0.680303 0.0167107 -0.732741 -1.6263 0.0111455 0.999389 0.0331397 -4.80144 0.732847 -0.0307118 0.6797 299.948
0.633793 0.0176193 -0.773302 -1.998 0.0157422 0.99924 0.0356694 -4.7978 0.773343 -0.0347805 0.633033 300.181
0.583416 0.0216433 -0.811885 -2.37345 0.0156971 0.999158 0.0379155 -4.7959 0.812022 -0.0348648 0.582585 300.364
0.531312 0.0280445 -0.846712 -2.78289 0.011321 0.999128 0.0401967 -4.78788 0.847101 -0.0309426 0.530531 300.583
0.476721 0.0325444 -0.878452 -3.18364 0.00862346 0.999093 0.0416937 -4.77907 0.879013 -0.0274515 0.476008 300.734
0.420331 0.0352788 -0.906685 -3.56798 0.00838977 0.99905 0.0427621 -4.77402 0.907332 -0.0255811 0.419636 300.837
0.362977 0.0374579 -0.931045 -3.98032 0.0101346 0.998974 0.0441419 -4.76289 0.931743 -0.0254582 0.362225 300.952
0.304662 0.0411026 -0.951573 -4.36903 0.012918 0.998798 0.0472783 -4.75751 0.952373 -0.0266963 0.303765 301.036
0.245969 0.0447289 -0.968245 -4.80236 0.0148856 0.998643 0.0499146 -4.74287 0.969164 -0.0266903 0.244969 301.081
0.184401 0.0482408 -0.981667 -5.2094 0.0181307 0.998458 0.0524717 -4.74123 0.982684 -0.0274742 0.183242 301.104
0.1203 0.0522308 -0.991363 -5.61199 0.0184586 0.998325 0.0548375 -4.72187 0.992566 -0.0248961 0.119135 301.127
0.0559193 0.0579122 -0.996754 -6.06911 0.021169 0.998023 0.0591735 -4.70759 0.998211 -0.0244093 0.0545829 301.079
-0.0104234 0.0647426 -0.997848 -6.5113 0.0234619 0.997643 0.0644842 -4.68744 0.99967 -0.0227393 -0.0119179 301.024
-0.077243 0.071412 -0.994452 -6.9424 0.0261231 0.997234 0.0695827 -4.66799 0.99667 -0.0206034 -0.0788948 300.957
-0.143754 0.077654 -0.986562 -7.42081 0.0285212 0.996828 0.0743062 -4.6429 0.989202 -0.0174561 -0.145512 300.806
-0.209903 0.0837154 -0.974132 -7.85055 0.0331713 0.996364 0.0784783 -4.62091 0.977159 -0.0158403 -0.211917 300.682
-0.273899 0.087858 -0.957737 -8.32814 0.0376073 0.996036 0.0806162 -4.59648 0.961023 -0.0139372 -0.276117 300.485
-0.335627 0.0906363 -0.937625 -8.77699 0.0420499 0.99581 0.0812089 -4.56835 0.941056 -0.0121712 -0.338032 300.261
-0.395582 0.0916902 -0.913842 -9.22141 0.0461107 0.995732 0.0799463 -4.53968 0.917272 -0.0105126 -0.398122 300.041
-0.451108 0.0917779 -0.887738 -9.68559 0.048961 0.995745 0.0780644 -4.50556 0.891126 -0.00824906 -0.453682 299.742
-0.503424 0.0918997 -0.859138 -10.1261 0.0514931 0.995751 0.0763397 -4.47359 0.862504 -0.00580845 -0.506017 299.446
-0.549816 0.0921129 -0.830191 -10.5859 0.0535571 0.995743 0.075012 -4.43897 0.833567 -0.0032198 -0.552409 299.068
-0.59114 0.093033 -0.801185 -11.0389 0.055406 0.995663 0.0747353 -4.40107 0.804663 -0.000211398 -0.593731 298.692
-0.628997 0.0967814 -0.77136 -11.4878 0.0605118 0.995305 0.0755357 -4.365 0.775049 0.000835397 -0.631901 298.282
-0.66569 0.103746 -0.738982 -11.9574 0.0690231 0.994604 0.0774552 -4.33043 0.74303 0.000554326 -0.669258 297.828
-0.701871 0.109387 -0.703855 -12.4077 0.075858 0.993997 0.0788345 -4.29206 0.708254 0.00193852 -0.705955 297.351
-0.735 0.111548 -0.668829 -12.8638 0.0796314 0.99375 0.078229 -4.25197 0.673375 0.00423852 -0.739289 296.823
-0.765859 0.108062 -0.633863 -13.2884 0.0796084 0.994128 0.0732947 -4.20765 0.638061 0.00567263 -0.769965 296.249
-0.793404 0.105016 -0.599567 -13.7189 0.0807223 0.994458 0.0673627 -4.17405 0.603319 0.00504745 -0.797484 295.643
-0.819282 0.099988 -0.564606 -14.1198 0.0797392 0.994978 0.0604972 -4.12481 0.56782 0.00454301 -0.82314 294.991
-0.842864 0.0970303 -0.529307 -14.5242 0.0799927 0.995273 0.0550696 -4.09667 0.532149 0.00407545 -0.846641 294.331
-0.864107 0.0952642 -0.49421 -14.9 0.0795686 0.995432 0.0527575 -4.05723 0.496978 0.00626462 -0.86774 293.589
-0.88411 0.092586 -0.458014 -15.256 0.0779974 0.995663 0.0507106 -4.02893 0.460723 0.00910989 -0.887497 292.853
-0.902354 0.0911426 -0.421248 -15.6061 0.0781698 0.995784 0.0480037 -3.99612 0.423847 0.0103875 -0.905674 292.049
-0.919077 0.0935866 -0.382804 -15.9351 0.0819531 0.995545 0.0466256 -3.96439 0.385462 0.0114806 -0.922652 291.227
-0.933844 0.0972861 -0.344195 -16.2275 0.0867879 0.995173 0.0458174 -3.94605 0.34699 0.0129144 -0.93778 290.376
-0.946832 0.0974392 -0.306618 -16.5071 0.0875919 0.995105 0.045749 -3.90465 0.309575 0.0164594 -0.950733 289.475
-0.957587 0.101136 -0.269811 -16.7469 0.0921041 0.994688 0.0459617 -3.88138 0.273026 0.0191617 -0.961816 288.555
-0.966878 0.100426 -0.234651 -16.9772 0.0925832 0.994722 0.0442319 -3.85178 0.237854 0.0210422 -0.971073 287.602
-0.97481 0.0978027 -0.200451 -17.166 0.0917773 0.995009 0.0391575 -3.82088 0.20328 0.0197743 -0.978921 286.612
-0.981151 0.0965782 -0.16738 -17.3244 0.0920226 0.995149 0.0347811 -3.79752 0.169928 0.0187227 -0.985279 285.605
-0.986154 0.0958801 -0.135305 -17.4607 0.0921781 0.995183 0.0333798 -3.77492 0.137853 0.0204455 -0.990242 284.569
-0.99001 0.0939337 -0.105148 -17.5604 0.0910014 0.995325 0.0323564 -3.75117 0.107696 0.0224646 -0.99393 283.498
-0.99268 0.0932503 -0.0767478 -17.6506 0.091219 0.995392 0.0295678 -3.73199 0.0791514 0.0223505 -0.996612 282.401
-0.994461 0.0921421 -0.0505732 -17.7036 0.090798 0.995468 0.0282653 -3.7154 0.0529485 0.0235168 -0.99832 281.299
-0.99567 0.0897247 -0.0242875 -17.7022 0.0890225 0.995619 0.0285961 -3.69392 0.0267468 0.0263102 -0.999296 280.107
