1 -4.1311e-11 -1.35993e-10 -4.65661e-10 -4.12612e-11 1 -1.70424e-11 0 -2.56277e-11 -1.70424e-11 1 -2.98023e-08
0.999996 0.0026731 0.00085333 -0.0119302 -0.00267431 0.999995 0.00141101 -0.0286219 -0.000849555 -0.00141329 0.999999 0.759096
0.999985 0.00529617 0.00141696 -0.0174419 -0.00529895 0.999984 0.00196847 -0.0517091 -0.00140651 -0.00197595 0.999997 1.53732
0.999979 0.00611561 0.00215266 -0.0268483 -0.00611843 0.999981 0.00130491 -0.0736371 -0.00214463 -0.00131805 0.999997 2.29311
0.999963 0.00852409 0.001418 -0.0317217 -0.00852573 0.999963 0.00116188 -0.0925811 -0.00140804 -0.00117392 0.999998 3.01417
0.999962 0.00848209 0.00195108 -0.0363844 -0.00848401 0.999964 0.000975667 -0.112698 -0.00194273 -0.000992183 0.999998 3.73297
0.99996 0.00828902 0.00338099 -0.0390447 -0.00829546 0.999964 0.00189445 -0.133141 -0.00336517 -0.00192242 0.999993 4.43743
0.999952 0.00930168 0.00299888 -0.047925 -0.00931559 0.999946 0.00465853 -0.149894 -0.00295539 -0.00468624 0.999985 5.11457
0.999956 0.00821995 0.00458169 -0.0447163 -0.00825842 0.99993 0.00844251 -0.162527 -0.00451198 -0.00847997 0.999954 5.77257
0.999956 0.00772403 0.00536149 -0.0436581 -0.00778829 0.999897 0.0120705 -0.177968 -0.0052677 -0.0121118 0.999913 6.4069
0.999956 0.00676402 0.00656315 -0.0405952 -0.00685684 0.999875 0.0142244 -0.193127 -0.00646611 -0.0142688 0.999877 7.02074
0.999947 0.00656886 0.00787825 -0.0470143 -0.00667929 0.999879 0.0140738 -0.206351 -0.00778485 -0.0141256 0.99987 7.59777
0.999925 0.00789837 0.00934538 -0.0419948 -0.008009 0.999898 0.0118602 -0.219506 -0.00925075 -0.0119341 0.999886 8.14598
0.99993 0.00743604 0.00916882 -0.0386768 -0.00751804 0.999932 0.00894097 -0.229986 -0.00910171 -0.00900928 0.999918 8.66253
0.99992 0.00607536 0.0111384 -0.0350368 -0.00615565 0.999955 0.00718764 -0.236186 -0.0110942 -0.00725562 0.999912 9.16432
0.99992 0.00222005 0.0124216 -0.0229559 -0.00228052 0.999986 0.0048559 -0.24957 -0.0124106 -0.00488384 0.999911 9.62779
0.999901 -9.17669e-05 0.0141051 -0.00906217 3.98231e-05 0.999993 0.00368286 -0.266833 -0.0141053 -0.00368194 0.999894 10.0707
0.999858 0.00438367 0.0162923 -0.0116632 -0.00441526 0.999988 0.00190301 -0.276339 -0.0162838 -0.00197467 0.999865 10.4793
0.999789 0.00805182 0.0189234 0.0025548 -0.00806994 0.999967 0.000880997 -0.288169 -0.0189157 -0.00103352 0.999821 10.8572
0.999712 0.00908258 0.0222338 -0.00829825 -0.00911823 0.999957 0.00150243 -0.292647 -0.0222192 -0.00170472 0.999752 11.2059
0.999684 0.00518531 0.0246042 0.0180604 -0.0052412 0.999984 0.00220766 -0.305309 -0.0245923 -0.00233592 0.999695 11.5375
0.999612 -0.000198247 0.0278475 0.0290503 0.000135379 0.999997 0.00225944 -0.313066 -0.0278479 -0.00225479 0.99961 11.8115
0.999547 -0.00346829 0.029891 0.0331082 0.00336364 0.999988 0.00355052 -0.321502 -0.029903 -0.00344837 0.999547 12.0629
0.999475 -0.00496599 0.0320154 0.0598538 0.00482568 0.999978 0.0044586 -0.329568 -0.0320369 -0.00430176 0.999478 12.3029
0.999404 -0.00353317 0.034327 0.0670106 0.00341584 0.999988 0.00347625 -0.335666 -0.0343389 -0.00335692 0.999405 12.5012
0.999353 -0.00244603 0.0358937 0.0681799 0.00237808 0.999995 0.00193588 -0.342538 -0.0358983 -0.00184927 0.999354 12.6931
0.99927 -0.000572462 0.0381899 0.0734247 0.000529798 0.999999 0.00112726 -0.349259 -0.0381905 -0.00110621 0.99927 12.865
0.999203 0.00226664 0.039859 0.0751963 -0.002283 0.999997 0.000364729 -0.357175 -0.0398581 -0.000455437 0.999205 13.031
0.999164 0.00300643 0.040775 0.0769857 -0.00297463 0.999995 -0.000840559 -0.364331 -0.0407773 0.000718566 0.999168 13.1743
0.999094 0.00284115 0.042472 0.0790277 -0.00272968 0.999993 -0.00268239 -0.371041 -0.0424793 0.00256402 0.999094 13.3304
0.99904 0.00167834 0.0437687 0.0901603 -0.00150124 0.999991 -0.00407875 -0.377178 -0.0437751 0.00400913 0.999033 13.4753
0.998982 0.000543259 0.0450989 0.102813 -0.000309792 0.999987 -0.00518361 -0.381896 -0.0451011 0.00516436 0.998969 13.6248
0.998929 0.00124216 0.0462579 0.108747 -0.000932688 0.999977 -0.00671106 -0.385416 -0.0462652 0.00666072 0.998907 13.738
0.998877 0.00200809 0.0473416 0.109175 -0.00159252 0.99996 -0.00881425 -0.389806 -0.0473574 0.00872895 0.99884 13.8719
0.998857 0.00229326 0.0477359 0.118865 -0.00176844 0.999938 -0.0110335 -0.394466 -0.0477582 0.0109365 0.998799 13.9997
0.99883 0.00164069 0.048336 0.12712 -0.000997284 0.999911 -0.0133323 -0.398787 -0.0483536 0.0132685 0.998742 14.1138
0.998848 0.000274496 0.0479913 0.12318 0.000463006 0.999882 -0.0153556 -0.403374 -0.0479898 0.0153602 0.99873 14.2391
0.998961 0.000197421 0.0455715 0.13873 0.000551684 0.999865 -0.0164249 -0.408942 -0.0455686 0.0164329 0.998826 14.3619
0.999103 -0.000205049 0.0423448 0.141729 0.000945622 0.999847 -0.0174698 -0.411874 -0.0423347 0.0174942 0.99895 14.4812
0.999252 0.000792589 0.0386586 0.140604 -7.06738e-05 0.999826 -0.0186719 -0.417302 -0.0386667 0.0186552 0.999078 14.6158
0.999464 0.00123409 0.0327242 0.137987 -0.000592015 0.999807 -0.0196231 -0.421569 -0.0327422 0.0195932 0.999272 14.7404
0.999651 0.000705489 0.0264012 0.137538 -0.000161773 0.999788 -0.0205909 -0.425653 -0.0264101 0.0205794 0.999439 14.8554
0.999828 0.000993441 0.0185075 0.13917 -0.000600094 0.999774 -0.0212468 -0.429606 -0.0185244 0.0212321 0.999603 14.9885
0.999945 0.000721243 0.0104234 0.128763 -0.000487947 0.99975 -0.022367 -0.431469 -0.010437 0.0223607 0.999696 15.1237
1 0.000160473 0.00030652 0.118498 -0.000153193 0.999721 -0.0236073 -0.434967 -0.000310223 0.0236073 0.999721 15.2542
0.999915 -0.00165338 -0.0129228 0.10136 0.00132399 0.999675 -0.0254561 -0.439561 0.0129607 0.0254369 0.999592 15.4086
0.999583 -0.00248734 -0.0287639 0.0884297 0.00169902 0.999623 -0.0273985 -0.446102 0.0288213 0.0273382 0.999211 15.5561
0.998821 -0.00169058 -0.0485248 0.0622039 0.000315348 0.999599 -0.0283344 -0.451562 0.0485532 0.0282857 0.99842 15.7343
0.997546 -0.000810465 -0.0700083 0.0268111 -0.00114954 0.999609 -0.0279519 -0.457445 0.0700036 0.0279638 0.997155 15.9169
0.995601 -0.000673909 -0.093694 -0.0226518 -0.00184253 0.99964 -0.0267689 -0.463944 0.0936783 0.0268238 0.995241 16.1167
0.992688 0.000837883 -0.120705 -0.0687486 -0.00392502 0.999671 -0.0253405 -0.47321 0.120644 0.0256289 0.992365 16.3495
0.988583 0.00158301 -0.150671 -0.141728 -0.00513142 0.999719 -0.0231649 -0.479716 0.150592 0.0236735 0.988313 16.5725
0.982922 0.00232658 -0.184008 -0.216033 -0.00603409 0.99979 -0.0195913 -0.489942 0.183923 0.020367 0.98273 16.8331
0.975311 0.0033857 -0.22081 -0.312392 -0.00704828 0.99985 -0.0158012 -0.495871 0.220723 0.0169675 0.975189 17.0988
0.965501 0.00469713 -0.260356 -0.418637 -0.00766609 0.999917 -0.0103892 -0.50658 0.260285 0.0120267 0.965457 17.3467
0.953356 0.00921901 -0.301707 -0.563607 -0.0113785 0.999921 -0.00540086 -0.506853 0.301633 0.00858191 0.953386 17.6266
0.938927 0.0133009 -0.34386 -0.704801 -0.014422 0.999896 -0.000702842 -0.513351 0.343815 0.00561908 0.939021 17.9076
0.922203 0.0157642 -0.386385 -0.870443 -0.0151456 0.999875 0.00464537 -0.515182 0.38641 0.00156807 0.922326 18.1906
0.902614 0.0197264 -0.429998 -1.06069 -0.0158766 0.999795 0.0125393 -0.522764 0.430157 -0.00449125 0.902743 18.4934
0.880448 0.0241082 -0.473529 -1.26317 -0.0169642 0.999669 0.0193527 -0.525138 0.473838 -0.00900602 0.880566 18.7795
0.855682 0.0292141 -0.516676 -1.49199 -0.0193269 0.999513 0.0245069 -0.525181 0.517141 -0.0109844 0.85583 19.0553
0.827346 0.0331508 -0.560714 -1.73755 -0.0211909 0.999388 0.0278187 -0.525882 0.561293 -0.0111336 0.827542 19.3448
0.796806 0.0366803 -0.603121 -2.00802 -0.0238518 0.999287 0.0292627 -0.514274 0.603764 -0.0089312 0.797113 19.6008
0.762944 0.0401626 -0.645216 -2.31232 -0.0250726 0.999156 0.0325468 -0.510272 0.645978 -0.00865417 0.763307 19.8763
0.725742 0.0440374 -0.686556 -2.62382 -0.0264418 0.998997 0.0361273 -0.493533 0.687459 -0.0080653 0.726179 20.15
0.687055 0.0454815 -0.72518 -2.95533 -0.0242721 0.998919 0.0396536 -0.481316 0.7262 -0.00964259 0.687416 20.3984
0.645919 0.0457974 -0.762031 -3.33426 -0.0222229 0.998904 0.0411965 -0.47077 0.763082 -0.00967507 0.646229 20.6608
0.602983 0.0454356 -0.796459 -3.7139 -0.0175107 0.99889 0.0437266 -0.458015 0.797562 -0.0124198 0.603109 20.9088
0.558817 0.045758 -0.828028 -4.12389 -0.0126726 0.998831 0.0466444 -0.450062 0.829194 -0.0155724 0.558743 21.1381
0.511705 0.0471462 -0.857867 -4.5761 -0.0110805 0.998772 0.0482806 -0.425625 0.85909 -0.0151999 0.511599 21.3518
0.462482 0.0468216 -0.885392 -5.03225 -0.00968071 0.998812 0.0477629 -0.399913 0.886576 -0.0135182 0.462385 21.5273
0.410083 0.0465575 -0.910859 -5.52708 -0.00541438 0.998803 0.048615 -0.383062 0.912032 -0.0150045 0.409844 21.7206
0.357234 0.0454783 -0.932907 -6.04431 0.000538221 0.998804 0.0488968 -0.362512 0.934015 -0.0179697 0.356782 21.8682
0.302874 0.0455549 -0.951941 -6.5661 0.0028496 0.998809 0.0487044 -0.350672 0.953026 -0.017464 0.302384 22.0012
0.249737 0.0505644 -0.966993 -7.14008 0.00282319 0.998593 0.0529459 -0.306985 0.96831 -0.0159525 0.249243 22.0915
0.195579 0.0560954 -0.979082 -7.72524 0.00589066 0.998278 0.0583719 -0.279005 0.98067 -0.0171838 0.194912 22.1773
0.149256 0.0583223 -0.987077 -8.3038 0.0115569 0.998088 0.0607204 -0.261599 0.988731 -0.0204705 0.148296 22.2449
0.104767 0.0593185 -0.992726 -8.95951 0.0136859 0.998039 0.0610803 -0.23906 0.994403 -0.0199855 0.10375 22.2971
0.0626471 0.0585311 -0.996318 -9.569 0.0142272 0.998125 0.0595319 -0.210905 0.997934 -0.0179043 0.0616969 22.2906
0.0274127 0.054675 -0.998128 -10.2541 0.0104288 0.998433 0.0549781 -0.176862 0.99957 -0.0119163 0.0267996 22.2856
-0.00188196 0.0542057 -0.998528 -10.9133 0.00823798 0.998497 0.0541884 -0.13605 0.999964 -0.00812388 -0.00232567 22.255
-0.0247235 0.0582766 -0.997994 -11.6219 0.0068325 0.998286 0.0581244 -0.103861 0.999671 -0.00538176 -0.0250793 22.224
-0.0378779 0.0640438 -0.997228 -12.3636 0.00771383 0.997933 0.0637961 -0.0625681 0.999253 -0.00527599 -0.0382936 22.1719
-0.0468441 0.067069 -0.996648 -13.117 0.00880516 0.997732 0.0667281 -0.0281453 0.998863 -0.00564982 -0.0473284 22.1378
-0.0507333 0.0646198 -0.99662 -13.8883 0.00828641 0.997897 0.0642808 0.00558732 0.998678 -0.00499722 -0.0511621 22.1086
-0.0471108 0.0600743 -0.997082 -14.6642 0.0145484 0.998125 0.0594498 0.0545434 0.998784 -0.0117052 -0.0478965 22.0823
-0.0445499 0.0598149 -0.997215 -15.4758 0.0259437 0.997939 0.0586993 0.0775448 0.99867 -0.0232564 -0.0460099 22.0773
-0.0423051 0.0593278 -0.997342 -16.2926 0.0277289 0.997921 0.058186 0.122078 0.99872 -0.0251936 -0.0438622 22.0498
-0.0361201 0.0567643 -0.997734 -17.1435 0.0254369 0.998114 0.055865 0.170867 0.999024 -0.0233614 -0.0374959 22.0014
-0.0222891 0.0515029 -0.998424 -18.0186 0.0294962 0.998271 0.0508365 0.192888 0.999316 -0.0283166 -0.0237697 21.9928
-0.0188444 0.0407669 -0.998991 -18.8725 0.0257996 0.998856 0.0402747 0.21453 0.999489 -0.0250146 -0.0198746 21.9816
-0.0172538 0.0322088 -0.999332 -19.7693 0.0184209 0.999322 0.0318904 0.248585 0.999681 -0.0178583 -0.0178355 21.9491
-0.0176212 0.0300153 -0.999394 -20.6825 0.0120202 0.999483 0.0298061 0.267409 0.999772 -0.0114877 -0.0179729 21.9308
-0.022455 0.0348897 -0.999139 -21.6411 0.00301354 0.999389 0.0348307 0.291175 0.999743 -0.00222882 -0.0225465 21.8784
-0.0236379 0.0428126 -0.998803 -22.6016 -0.00180621 0.999079 0.0428671 0.327542 0.999719 0.00281734 -0.0235388 21.8278
-0.02797 0.0526126 -0.998223 -23.6087 -0.00409864 0.998599 0.0527473 0.354743 0.9996 0.00556669 -0.0277152 21.8016
-0.0274762 0.0621107 -0.997691 -24.6355 -0.00568456 0.998042 0.0622891 0.407183 0.999606 0.00738291 -0.0270693 21.7636
-0.0287956 0.0700527 -0.997128 -25.6197 -0.0028225 0.997532 0.0701626 0.451759 0.999581 0.00483477 -0.0285268 21.7353
-0.0309228 0.0723395 -0.996901 -26.6785 -0.00187003 0.997372 0.0724316 0.498264 0.99952 0.00410402 -0.0307063 21.7029
-0.0340011 0.0687375 -0.997055 -27.6754 -0.00317384 0.99762 0.0688847 0.55626 0.999417 0.00550664 -0.033702 21.6696
-0.0350105 0.0640338 -0.997333 -28.7088 -0.0110732 0.997859 0.0644563 0.603527 0.999326 0.0133003 -0.0342265 21.5809
-0.0407956 0.0583008 -0.997465 -29.7248 -0.0136742 0.99817 0.0589013 0.640583 0.999074 0.0160424 -0.0399238 21.5255
-0.0464677 0.0541294 -0.997452 -30.7596 -0.0114544 0.998436 0.0547164 0.681783 0.998854 0.0139678 -0.0457751 21.4901
-0.0524008 0.0514103 -0.997302 -31.8147 -0.0155506 0.998511 0.0522897 0.722706 0.998505 0.0182487 -0.0515233 21.421
-0.0577699 0.0545729 -0.996837 -32.8621 -0.0129183 0.99838 0.055406 0.761521 0.998246 0.0160782 -0.0569713 21.3552
-0.0632515 0.0588167 -0.996263 -33.9268 -0.0156936 0.99808 0.0599203 0.800154 0.997874 0.019425 -0.062207 21.2649
-0.0681154 0.0621844 -0.995738 -35.0056 -0.0168422 0.997842 0.063468 0.848983 0.997535 0.0210936 -0.0669211 21.1819
-0.0715783 0.064212 -0.995366 -36.0428 -0.021625 0.997591 0.0659106 0.894357 0.997201 0.0262425 -0.0700173 21.1066
-0.0781572 0.0660833 -0.994748 -37.1376 -0.0248853 0.99736 0.0682121 0.943513 0.99663 0.0300859 -0.0763064 21.0083
-0.0801007 0.066897 -0.994539 -38.2079 -0.0293342 0.997155 0.0694355 0.999273 0.996355 0.0347358 -0.0779105 20.9033
-0.0858325 0.0670192 -0.994053 -39.3088 -0.0297777 0.997117 0.0697969 1.04949 0.995865 0.0355914 -0.0835894 20.8094
-0.0864676 0.0661472 -0.994056 -40.3795 -0.0309881 0.997132 0.0690473 1.10174 0.995773 0.0367742 -0.0841699 20.7047
-0.0845625 0.0657047 -0.99425 -41.4311 -0.0330088 0.997091 0.0686999 1.15144 0.995871 0.0386284 -0.0821477 20.606
-0.0840057 0.0653891 -0.994318 -42.5408 -0.0339743 0.997077 0.0684409 1.20536 0.995886 0.0395306 -0.0815386 20.5031
-0.0835108 0.0630002 -0.994513 -43.6353 -0.0388698 0.997034 0.0664238 1.2558 0.995749 0.0442036 -0.0808144 20.3939
-0.0845025 0.0581892 -0.994723 -44.6873 -0.04459 0.997073 0.0621146 1.30367 0.995425 0.0496035 -0.0816605 20.2795
-0.0839332 0.0572002 -0.994828 -45.7909 -0.048437 0.996937 0.061408 1.35467 0.995293 0.0533407 -0.0809055 20.1822
-0.0840751 0.0611277 -0.994583 -46.8858 -0.0474162 0.996741 0.0652686 1.40509 0.995331 0.0526468 -0.0809027 20.0766
-0.0826422 0.0648047 -0.99447 -48.0295 -0.0459198 0.996576 0.068758 1.46211 0.995521 0.0513482 -0.0793834 19.9702
-0.0796604 0.0646453 -0.994724 -49.0942 -0.0453894 0.996625 0.0684038 1.50803 0.995788 0.050599 -0.0764573 19.8686
-0.077215 0.0640887 -0.994953 -50.2176 -0.0459584 0.996642 0.0677642 1.5629 0.995955 0.0509589 -0.0740103 19.7867
-0.0723278 0.0649296 -0.995265 -51.3401 -0.0488605 0.99645 0.0685576 1.61744 0.996184 0.0535877 -0.0688986 19.6928
-0.0703813 0.065119 -0.995392 -52.4381 -0.0543525 0.996134 0.0690106 1.6737 0.996038 0.0589592 -0.0665699 19.5973
-0.0681003 0.0651013 -0.995552 -53.5786 -0.057508 0.995954 0.0690614 1.72839 0.99602 0.0619554 -0.0640809 19.5143
-0.0640963 0.0638806 -0.995897 -54.6563 -0.0599006 0.995903 0.0677362 1.78161 0.996144 0.0639965 -0.0600072 19.4288
-0.0588705 0.0633411 -0.996254 -55.8257 -0.0595497 0.995985 0.0668429 1.83397 0.996488 0.0632617 -0.0548622 19.3412
-0.0504583 0.0638466 -0.996683 -56.9492 -0.0573928 0.99612 0.066716 1.8871 0.997076 0.0605688 -0.0465982 19.2701
-0.0472256 0.0642785 -0.996814 -58.074 -0.0576265 0.99609 0.0669619 1.93997 0.997221 0.0606053 -0.0433368 19.2082
-0.0412965 0.0661322 -0.996956 -59.2297 -0.0553126 0.996126 0.0683683 1.98815 0.997615 0.0579676 -0.0374786 19.1519
-0.036588 0.0667831 -0.997097 -60.3589 -0.056607 0.996024 0.0687884 2.04946 0.997726 0.0589595 -0.0326622 19.11
-0.0333438 0.0665709 -0.997224 -61.4832 -0.0556462 0.996108 0.068357 2.10111 0.997894 0.057771 -0.0295096 19.0478
-0.024011 0.0624952 -0.997756 -62.6049 -0.0560728 0.996389 0.063759 2.15324 0.998138 0.0574779 -0.02042 19.0032
-0.0201484 0.05759 -0.998137 -63.7599 -0.0558066 0.996718 0.0586346 2.19791 0.998238 0.0568841 -0.0168684 18.9772
-0.0167947 0.0565688 -0.998258 -64.9136 -0.057532 0.996689 0.0574478 2.24461 0.998202 0.0583966 -0.0134846 18.9447
-0.0125958 0.0587718 -0.998192 -66.0717 -0.0545087 0.996746 0.0593745 2.29552 0.998434 0.055158 -0.00935125 18.9289
-0.00718334 0.0584537 -0.998264 -67.246 -0.0552308 0.996743 0.058762 2.34019 0.998448 0.055557 -0.0039315 18.9291
-0.00593002 0.0588469 -0.998249 -68.4118 -0.0567986 0.996636 0.0590892 2.3888 0.998368 0.0570495 -0.00256764 18.9063
-0.00461485 0.059781 -0.998201 -69.6002 -0.058135 0.996507 0.0599483 2.43334 0.998298 0.058307 -0.00112336 18.89
-0.00311805 0.0594937 -0.998224 -70.763 -0.058297 0.99652 0.0595743 2.47661 0.998294 0.0583792 0.000361105 18.8708
-0.000272303 0.0577184 -0.998333 -71.9514 -0.0593227 0.996574 0.0576329 2.52449 0.998239 0.0592395 0.00315264 18.8704
0.000547742 0.0566421 -0.998394 -73.1112 -0.0579214 0.99672 0.0565154 2.56627 0.998321 0.0577974 0.00382674 18.8592
-0.00253853 0.0563916 -0.998406 -74.3114 -0.0541546 0.996936 0.0564462 2.60938 0.998529 0.0542115 0.000523114 18.8495
-0.00256328 0.0572114 -0.998359 -75.4931 -0.0519572 0.997006 0.0572672 2.6519 0.998646 0.0520187 0.000416936 18.8423
-0.00181353 0.0596691 -0.998217 -76.6903 -0.052345 0.996844 0.0596822 2.69511 0.998627 0.0523599 0.00131557 18.8356
-0.00478013 0.0630478 -0.997999 -77.9071 -0.0536961 0.996554 0.0632137 2.74427 0.998546 0.0538908 -0.00137824 18.8144
-0.000610898 0.0633963 -0.997988 -79.0835 -0.0562559 0.996406 0.0633303 2.79173 0.998416 0.0561814 0.00295772 18.8038
0.000928437 0.062082 -0.998071 -80.2537 -0.0579208 0.996399 0.0619241 2.83861 0.998321 0.0577516 0.00452093 18.7946
0.000835444 0.059425 -0.998232 -81.4389 -0.0576861 0.996573 0.0592779 2.88502 0.998334 0.0575346 0.00426058 18.7968
0.000462209 0.0590104 -0.998257 -82.5984 -0.0559976 0.996693 0.058892 2.92488 0.998431 0.0558728 0.00376512 18.7824
-0.00164281 0.0602246 -0.998184 -83.787 -0.0544411 0.996699 0.0602246 2.96751 0.998516 0.0544411 0.00164131 18.7721
-0.00158848 0.062924 -0.998017 -84.9652 -0.0539629 0.996559 0.0629179 3.01534 0.998542 0.0539558 0.00181255 18.7603
-0.0057287 0.0653223 -0.997848 -86.1433 -0.053988 0.996389 0.0655367 3.06109 0.998525 0.0542472 -0.00218139 18.772
-0.00363307 0.0661409 -0.997804 -87.3094 -0.0551334 0.996279 0.0662406 3.1149 0.998472 0.0552529 2.70173e-05 18.7417
-0.00254284 0.0641331 -0.997938 -88.4595 -0.0548334 0.996431 0.064176 3.16235 0.998492 0.0548836 0.000982878 18.7241
-0.00170998 0.0629264 -0.998017 -89.5997 -0.0543018 0.99654 0.0629263 3.20839 0.998523 0.0543017 0.00171295 18.7073
-0.00114312 0.0633577 -0.99799 -90.7765 -0.0521528 0.996629 0.0633311 3.2561 0.998639 0.0521203 0.00216501 18.7012
-0.000276785 0.0666161 -0.997779 -91.8967 -0.0497138 0.996544 0.0665475 3.30538 0.998764 0.0496218 0.00303592 18.6931
0.00163709 0.0688275 -0.997627 -93.0525 -0.0479271 0.996488 0.0686702 3.35447 0.99885 0.047701 0.00493004 18.6959
0.00249332 0.0704882 -0.99751 -94.2466 -0.0480352 0.99637 0.0702876 3.41067 0.998843 0.0477403 0.00587018 18.6829
0.00381507 0.0727939 -0.99734 -95.4649 -0.0512367 0.996051 0.0725039 3.47081 0.998679 0.0508238 0.00752973 18.6784
0.00488388 0.0721726 -0.99738 -96.5612 -0.052607 0.99603 0.0718173 3.52592 0.998603 0.0521185 0.00866128 18.6743
0.00453167 0.0686593 -0.99763 -97.7385 -0.0561052 0.996086 0.0682982 3.57858 0.998415 0.0556628 0.00836608 18.6569
0.00625411 0.066955 -0.997736 -98.8782 -0.0577465 0.996115 0.0664843 3.63346 0.998312 0.0572 0.0100962 18.6549
0.0026878 0.0653534 -0.997859 -100.008 -0.0584459 0.996167 0.0650852 3.68175 0.998287 0.0581458 0.00649714 18.6549
0.00300358 0.0652732 -0.997863 -101.168 -0.0569397 0.99626 0.064997 3.73144 0.998373 0.0566228 0.00670898 18.6549
0.00371707 0.0676977 -0.997699 -102.294 -0.0568906 0.996104 0.0673775 3.78488 0.998374 0.0565092 0.00755395 18.6376
0.00169356 0.0698885 -0.997553 -103.459 -0.0547735 0.996064 0.0696911 3.83542 0.998497 0.0545214 0.00551492 18.6309
-0.000860127 0.0688541 -0.997626 -104.638 -0.0594106 0.995861 0.0687835 3.89594 0.998233 0.0593288 0.0032341 18.6281
-0.00207805 0.0699273 -0.99755 -105.796 -0.0635118 0.995529 0.0699179 3.95523 0.997979 0.0635015 0.00237245 18.6115
-0.00555912 0.0693649 -0.997576 -106.966 -0.0659437 0.995394 0.0695807 4.01764 0.997808 0.0661706 -0.000959343 18.5882
-0.00258739 0.0661318 -0.997808 -108.17 -0.0670366 0.995555 0.0661563 4.07114 0.997747 0.0670608 0.00185736 18.5645
-0.00867866 0.0608887 -0.998107 -109.345 -0.0693334 0.995706 0.0613451 4.12481 0.997556 0.0697345 -0.00441977 18.5621
-0.0145574 0.0597066 -0.99811 -110.48 -0.0639574 0.996116 0.0605201 4.17883 0.997847 0.0647175 -0.0106822 18.5451
-0.0159376 0.0593908 -0.998108 -111.692 -0.0587719 0.996453 0.0602308 4.22643 0.998144 0.0596206 -0.0123905 18.5236
-0.0142456 0.0608843 -0.998043 -112.891 -0.0589085 0.99636 0.0616224 4.27873 0.998162 0.059671 -0.0106072 18.4926
-0.0173822 0.0648343 -0.997745 -114.119 -0.0576814 0.996168 0.0657367 4.33412 0.998184 0.0586939 -0.0135759 18.4688
-0.015184 0.0651981 -0.997757 -115.347 -0.0551464 0.996298 0.065942 4.39312 0.998363 0.056024 -0.0115323 18.4317
-0.0174271 0.060707 -0.998004 -116.533 -0.0569885 0.996472 0.061609 4.4431 0.998223 0.0579484 -0.013906 18.419
-0.0202696 0.0573544 -0.998148 -117.776 -0.0569465 0.996666 0.0584257 4.50056 0.998171 0.0580253 -0.0169359 18.3755
-0.0202898 0.055734 -0.99824 -118.999 -0.0558152 0.996825 0.0567895 4.5464 0.998235 0.0568692 -0.0171146 18.3425
-0.0218506 0.0564061 -0.998169 -120.247 -0.0577671 0.996668 0.0575858 4.59496 0.998091 0.0589196 -0.0185194 18.3097
-0.0239916 0.0607343 -0.997866 -121.528 -0.0625541 0.996106 0.0621312 4.65071 0.997753 0.0639112 -0.020099 18.2684
-0.0203898 0.0648382 -0.997688 -122.768 -0.0679879 0.995495 0.0660852 4.70802 0.997478 0.0691781 -0.0158897 18.2056
-0.0195456 0.0646348 -0.997718 -124.041 -0.074746 0.995021 0.0659245 4.76842 0.997011 0.075864 -0.0146171 18.1707
-0.0152546 0.0622013 -0.997947 -125.289 -0.0793378 0.994841 0.0632205 4.82354 0.996731 0.0801393 -0.010241 18.1258
-0.0218003 0.0605881 -0.997925 -126.529 -0.0806959 0.994799 0.0621611 4.87501 0.9965 0.0818836 -0.0167977 18.1007
-0.0256138 0.0599024 -0.997876 -127.796 -0.0806701 0.994824 0.0617898 4.92678 0.996412 0.0820814 -0.0206488 18.0651
-0.0231654 0.0593447 -0.997969 -129.04 -0.078632 0.995036 0.0609955 4.9709 0.996635 0.0798853 -0.018384 18.0032
-0.0236992 0.0595037 -0.997947 -130.297 -0.0796109 0.994945 0.0612153 5.02211 0.996544 0.0808982 -0.0188423 17.9885
-0.0218692 0.0646522 -0.997668 -131.563 -0.0794329 0.99464 0.0661972 5.07725 0.9966 0.0806953 -0.0166164 17.9421
-0.0211969 0.0693175 -0.997369 -132.795 -0.0772501 0.994498 0.0707597 5.13391 0.996786 0.0785468 -0.0157254 17.9201
-0.0177102 0.0681881 -0.997515 -134.068 -0.0787297 0.994479 0.0693783 5.19443 0.996739 0.0797628 -0.012244 17.8911
-0.020885 0.0658732 -0.997609 -135.299 -0.0787465 0.994619 0.0673243 5.25552 0.996676 0.0799643 -0.0155853 17.8608
-0.0196713 0.0658014 -0.997639 -136.533 -0.0770981 0.994761 0.0671318 5.30849 0.996829 0.0782366 -0.014495 17.8327
-0.0129236 0.064761 -0.997817 -137.796 -0.0789339 0.99472 0.0655824 5.36388 0.996796 0.0796092 -0.00774352 17.8012
-0.0122255 0.0666104 -0.997704 -139.012 -0.0785397 0.994632 0.0673677 5.41532 0.996836 0.079183 -0.00692828 17.7838
-0.0121949 0.0706802 -0.997425 -140.282 -0.0791203 0.994303 0.0714264 5.47505 0.996791 0.0797876 -0.00653323 17.7608
-0.00793459 0.071322 -0.997422 -141.522 -0.0806249 0.99416 0.0717301 5.53294 0.996713 0.0809862 -0.00213793 17.74
-0.00965351 0.0688561 -0.99758 -142.743 -0.0830293 0.994126 0.0694211 5.59342 0.9965 0.0834986 -0.00387973 17.7287
-0.0133751 0.0657518 -0.997746 -144.005 -0.0819567 0.994406 0.0666303 5.65362 0.996546 0.0826632 -0.00791143 17.7099
-0.0149759 0.0641815 -0.997826 -145.229 -0.0794544 0.994706 0.0651733 5.70473 0.996726 0.0802577 -0.00979711 17.6766
-0.0113995 0.0641133 -0.997877 -146.456 -0.0776414 0.994873 0.0648072 5.75585 0.996916 0.0782154 -0.00636321 17.6531
-0.0105561 0.0632712 -0.997941 -147.705 -0.07556 0.995092 0.0638899 5.81217 0.997085 0.0760788 -0.00572352 17.6396
-0.00447113 0.0632296 -0.997989 -148.91 -0.073 0.995316 0.0633873 5.85378 0.997322 0.0731366 0.000165575 17.6197
-0.00716199 0.0627442 -0.998004 -150.144 -0.0719452 0.995411 0.0630974 5.90717 0.997383 0.0722535 -0.00261498 17.6206
-0.00803094 0.0649817 -0.997854 -151.373 -0.0701204 0.995393 0.0653858 5.95848 0.997506 0.0704951 -0.00343739 17.6095
-0.0098505 0.0671756 -0.997693 -152.616 -0.0667071 0.995474 0.0676848 6.01365 0.997724 0.0672199 -0.00532483 17.5971
-0.00855626 0.0661207 -0.997775 -153.88 -0.0659564 0.995601 0.0665423 6.06926 0.997786 0.066379 -0.00415753 17.5706
-0.00695368 0.0657605 -0.997811 -155.093 -0.0661523 0.995619 0.066077 6.12367 0.997785 0.066467 -0.00257301 17.5592
-0.00379549 0.0709479 -0.997473 -156.317 -0.0677371 0.995171 0.0710419 6.17647 0.997696 0.0678356 0.00102865 17.5451
-0.00462891 0.0767311 -0.997041 -157.552 -0.0705309 0.994544 0.0768664 6.24433 0.997499 0.070678 0.000808261 17.5423
-0.00343092 0.0774577 -0.99699 -158.766 -0.076348 0.994065 0.0774933 6.31019 0.997075 0.076384 0.00250319 17.5224
-0.00185329 0.0733876 -0.997302 -160.008 -0.0797676 0.994115 0.0733013 6.37738 0.996812 0.0796882 0.00401157 17.5069
-0.00377508 0.0681735 -0.997666 -161.238 -0.083353 0.99418 0.0682507 6.43537 0.996513 0.0834161 0.00192936 17.494
-0.00147647 0.0664419 -0.997789 -162.431 -0.0847511 0.994192 0.0663278 6.49641 0.996401 0.0846616 0.00416313 17.4843
0.00246411 0.0631996 -0.997998 -163.65 -0.0801009 0.994807 0.0627998 6.54374 0.996784 0.0797858 0.00751366 17.4748
0.00365914 0.0583168 -0.998291 -164.853 -0.0772363 0.995333 0.0578609 6.5952 0.997006 0.0768927 0.00814624 17.4842
0.00188736 0.0555408 -0.998455 -166.057 -0.0709113 0.99595 0.0552675 6.63283 0.997481 0.0706974 0.00581819 17.4812
0.00506178 0.0578106 -0.998315 -167.263 -0.0690493 0.995965 0.0573244 6.6779 0.9976 0.0686428 0.00903314 17.4743
0.00686867 0.0642456 -0.99791 -168.502 -0.0675737 0.995683 0.0636371 6.7253 0.997691 0.0669954 0.0111803 17.4709
0.00946105 0.0677664 -0.997656 -169.732 -0.0684101 0.995407 0.0669648 6.78056 0.997612 0.0676162 0.0140535 17.4598
0.0120947 0.0651136 -0.997805 -170.932 -0.071901 0.995351 0.064082 6.82908 0.997339 0.0709681 0.0167202 17.4729
0.013542 0.0646793 -0.997814 -172.121 -0.073742 0.995253 0.0635125 6.88394 0.997185 0.0727208 0.0182473 17.48
0.0146594 0.065231 -0.997763 -173.356 -0.0716724 0.995371 0.0640216 6.93703 0.997321 0.0705735 0.0192668 17.4875
0.0162094 0.0639744 -0.99782 -174.555 -0.071898 0.995442 0.0626539 6.98182 0.99728 0.0707257 0.0207352 17.4913
0.0213537 0.0627553 -0.997801 -175.732 -0.0732481 0.995444 0.0610395 7.02545 0.997085 0.0717836 0.0258531 17.5034
0.0199421 0.0639864 -0.997752 -176.895 -0.0738749 0.995316 0.0623537 7.07008 0.997068 0.0724653 0.0245757 17.5283
0.0201831 0.0659374 -0.99762 -178.01 -0.0740475 0.995181 0.0642781 7.10574 0.99705 0.0725739 0.0249683 17.5388
0.0196577 0.0671491 -0.997549 -179.108 -0.074763 0.995047 0.0655074 7.14281 0.997008 0.073292 0.0245806 17.5516
0.0193829 0.0688617 -0.997438 -180.179 -0.0754981 0.994878 0.0672178 7.18347 0.996958 0.0740017 0.0244825 17.5448
0.0214119 0.0696037 -0.997345 -181.193 -0.074869 0.994884 0.0678247 7.21754 0.996963 0.073218 0.0265135 17.5632
0.023429 0.0691475 -0.997331 -182.209 -0.0751041 0.994908 0.0672151 7.2547 0.9969 0.0733289 0.028503 17.5639
0.0275579 0.0692036 -0.997222 -183.18 -0.0758758 0.994868 0.0669435 7.29066 0.996736 0.0738202 0.0326673 17.569
0.0284471 0.0696353 -0.997167 -184.15 -0.0767147 0.994781 0.0672801 7.32941 0.996647 0.0745835 0.0336407 17.5909
0.0270421 0.068195 -0.997305 -185.097 -0.0755902 0.994953 0.0659846 7.36316 0.996772 0.0736022 0.0320605 17.6085
0.0281268 0.0652548 -0.997472 -186.003 -0.072757 0.995354 0.0630646 7.39172 0.996953 0.0707993 0.0327438 17.6207
0.0241804 0.0619562 -0.997786 -186.973 -0.0730741 0.995517 0.0600445 7.42683 0.997033 0.0714604 0.0285994 17.634
0.0228573 0.0594614 -0.997969 -187.881 -0.0754125 0.995488 0.0575864 7.46093 0.99689 0.0739431 0.0272383 17.6448
0.015373 0.0580956 -0.998193 -188.773 -0.0771065 0.995407 0.0567459 7.49348 0.996904 0.0760948 0.019782 17.6408
0.011295 0.0586137 -0.998217 -189.708 -0.0793632 0.995184 0.0575376 7.52839 0.996782 0.0785718 0.0158924 17.643
0.0116247 0.0604285 -0.998105 -190.603 -0.078539 0.995144 0.0593345 7.56198 0.996843 0.0777004 0.0163142 17.6392
0.00929128 0.0617315 -0.99805 -191.533 -0.0752601 0.995305 0.0608611 7.59191 0.997121 0.0745478 0.0138936 17.6478
0.00782656 0.0625775 -0.998009 -192.455 -0.0738755 0.995349 0.0618313 7.62568 0.997237 0.0732446 0.0124131 17.6599
0.00860423 0.0614612 -0.998072 -193.336 -0.073873 0.995421 0.060661 7.65459 0.997231 0.0732087 0.0131052 17.6659
0.010566 0.0604828 -0.998113 -194.251 -0.0762962 0.995308 0.0595052 7.69156 0.997029 0.0755235 0.015131 17.6597
0.00807373 0.0597036 -0.998183 -195.159 -0.0792205 0.995117 0.0588794 7.72787 0.996824 0.0786012 0.0127641 17.6612
0.00948517 0.0581083 -0.998265 -196.077 -0.0817521 0.995013 0.0571423 7.76146 0.996608 0.0810683 0.0141884 17.6626
0.00974421 0.055738 -0.998398 -196.996 -0.0826534 0.995074 0.0547457 7.79382 0.996531 0.0819875 0.0143031 17.6431
0.0126949 0.0530118 -0.998513 -197.902 -0.0827496 0.995224 0.0517851 7.82573 0.99649 0.0819692 0.017021 17.6692
0.0147485 0.0528671 -0.998493 -198.809 -0.0825241 0.995259 0.051477 7.85815 0.99648 0.0816405 0.0190414 17.6707
0.013224 0.055412 -0.998376 -199.747 -0.0799538 0.995325 0.0541836 7.89093 0.996711 0.0791074 0.0175926 17.6879
0.0243989 0.05717 -0.998066 -200.669 -0.0788823 0.995361 0.0550866 7.92133 0.996585 0.0773857 0.0287954 17.6915
0.0158443 0.0535702 -0.998438 -201.627 -0.0738999 0.995895 0.0522611 7.94871 0.99714 0.0729565 0.0197381 17.7226
0.00882189 0.0496339 -0.998729 -202.563 -0.0734024 0.996105 0.0488551 7.98034 0.997263 0.0728781 0.0124308 17.7323
0.00812146 0.0506884 -0.998681 -203.525 -0.076845 0.995793 0.0499168 8.01808 0.99701 0.0763382 0.0119824 17.7411
0.0002694 0.0534217 -0.998572 -204.51 -0.0759499 0.995689 0.053247 8.05455 0.997112 0.0758271 0.00432562 17.7529
0.00278277 0.053964 -0.998539 -205.456 -0.074253 0.995798 0.0536089 8.08235 0.997236 0.0739953 0.00677806 17.7334
0.00439978 0.0547653 -0.99849 -206.429 -0.0743018 0.995757 0.0542881 8.12132 0.997226 0.0739507 0.00845027 17.7428
0.0058315 0.059191 -0.99823 -207.404 -0.0738725 0.995545 0.0586002 8.16466 0.997251 0.0734 0.0101781 17.7471
0.00773635 0.0637452 -0.997936 -208.419 -0.0710192 0.995481 0.0630378 8.20336 0.997445 0.0703849 0.0122285 17.7438
0.00880861 0.064787 -0.99786 -209.408 -0.0707445 0.995439 0.0640053 8.24254 0.997456 0.0700293 0.0133518 17.7572
0.0112227 0.0655351 -0.997787 -210.403 -0.0734859 0.995206 0.0645391 8.28905 0.997233 0.072599 0.0159848 17.7645
0.0140289 0.067025 -0.997653 -211.432 -0.0756002 0.994966 0.0657814 8.34251 0.99704 0.0744999 0.0190254 17.7624
0.0176243 0.0676687 -0.997552 -212.436 -0.0768367 0.994848 0.0661277 8.38607 0.996888 0.0754831 0.022733 17.7822
0.0205418 0.0653266 -0.997653 -213.484 -0.0799694 0.994773 0.0634914 8.43636 0.996586 0.0784775 0.0256586 17.7899
0.022278 0.0624977 -0.997797 -214.517 -0.0811562 0.994863 0.060502 8.48285 0.996452 0.0796295 0.0272357 17.8161
0.0253064 0.0610671 -0.997813 -215.532 -0.080378 0.995025 0.058858 8.52338 0.996443 0.0787127 0.030089 17.8355
0.0267731 0.0638056 -0.997603 -216.576 -0.0801395 0.994886 0.0614811 8.56894 0.996424 0.0783014 0.0317495 17.848
0.0285998 0.0669227 -0.997348 -217.639 -0.0807367 0.994651 0.0644266 8.61995 0.996325 0.07868 0.0338499 17.8661
0.0296823 0.0670131 -0.997311 -218.702 -0.0805902 0.994662 0.0644366 8.66429 0.996305 0.0784608 0.0349245 17.8978
0.0297595 0.0641258 -0.997498 -219.773 -0.0798805 0.994901 0.0615757 8.71304 0.99636 0.0778481 0.0347302 17.9288
0.0322214 0.0618088 -0.997568 -220.846 -0.0779129 0.995204 0.0591458 8.75803 0.996439 0.0758176 0.0368826 17.9345
0.0310916 0.060476 -0.997685 -221.923 -0.0742797 0.995548 0.0580316 8.79902 0.996753 0.0723035 0.0354453 17.9763
0.0319137 0.0599179 -0.997693 -223.014 -0.074967 0.995533 0.0573902 8.84785 0.996675 0.0729626 0.036263 17.9969
0.0315236 0.0598964 -0.997707 -224.096 -0.0745537 0.995563 0.0574121 8.88507 0.996719 0.0725729 0.0358493 18.0333
0.0314789 0.0609636 -0.997644 -225.198 -0.0770907 0.995313 0.0583888 8.93424 0.996527 0.075071 0.0360311 18.0557
0.0317637 0.0632591 -0.997492 -226.357 -0.0763508 0.995233 0.0606846 8.98099 0.996575 0.0742317 0.0364421 18.0769
0.0301386 0.0652444 -0.997414 -227.438 -0.0773981 0.995024 0.0627493 9.02787 0.996545 0.0753068 0.0350384 18.1077
0.0297 0.0671588 -0.9973 -228.584 -0.0787943 0.994793 0.0646434 9.08016 0.996448 0.0766617 0.0348371 18.1261
0.0296655 0.0684243 -0.997215 -229.723 -0.0798975 0.994624 0.0658697 9.13439 0.996362 0.077721 0.034973 18.1492
0.0279211 0.0670801 -0.997357 -230.85 -0.0829125 0.994463 0.0645644 9.1907 0.996166 0.0808906 0.0333283 18.1704
0.0270536 0.0626007 -0.997672 -232.009 -0.0813257 0.994867 0.0602194 9.23853 0.99632 0.0795072 0.0320057 18.1921
0.0253779 0.0568925 -0.998058 -233.129 -0.0792691 0.99535 0.0547226 9.28514 0.99653 0.0777264 0.0297697 18.2217
0.0243296 0.05237 -0.998331 -234.3 -0.0756886 0.995857 0.0503956 9.32333 0.996835 0.0743361 0.0281926 18.2393
0.0224024 0.052537 -0.998368 -235.484 -0.0696763 0.996272 0.0508633 9.36434 0.997318 0.0684231 0.0259795 18.2632
0.0202247 0.056036 -0.998224 -236.657 -0.0632065 0.996503 0.0546588 9.4045 0.997796 0.0619888 0.0236958 18.2891
0.0176915 0.0584246 -0.998135 -237.843 -0.0607154 0.996512 0.0572534 9.45009 0.997998 0.0595893 0.021177 18.307
0.0164002 0.0583983 -0.998159 -239.035 -0.060429 0.996526 0.0573099 9.49333 0.998038 0.0593778 0.0198721 18.3051
0.0134252 0.0589891 -0.998168 -240.266 -0.0602919 0.99649 0.058079 9.545 0.998091 0.0594018 0.0169347 18.3211
0.0113692 0.0604476 -0.998107 -241.494 -0.0587089 0.99649 0.0596809 9.59336 0.99821 0.0579192 0.0148781 18.3277
0.0101119 0.0602685 -0.998131 -242.701 -0.0573944 0.996571 0.0595929 9.64127 0.9983 0.0566845 0.0135363 18.3246
0.00666928 0.0589643 -0.998238 -243.963 -0.0581271 0.996595 0.0584789 9.69256 0.998287 0.0576347 0.010074 18.3306
0.00471872 0.0590397 -0.998245 -245.175 -0.0586626 0.996553 0.0586623 9.7404 0.998267 0.0582828 0.00816588 18.3302
0.00132085 0.0593966 -0.998234 -246.426 -0.0578706 0.996566 0.0592208 9.79312 0.998323 0.0576902 0.00475363 18.3145
-0.000454862 0.0605179 -0.998167 -247.681 -0.0587389 0.996442 0.06044 9.84359 0.998273 0.0586587 0.00310151 18.3114
-0.00238286 0.0615509 -0.998101 -248.902 -0.0601669 0.996287 0.0615826 9.89529 0.998185 0.0601994 0.00132932 18.2951
-0.00591988 0.0632416 -0.997981 -250.173 -0.0608563 0.996126 0.063485 9.94767 0.998129 0.0611092 -0.00204829 18.276
-0.00721293 0.0639866 -0.997925 -251.435 -0.0642408 0.99586 0.0643185 10.0019 0.997908 0.0645714 -0.00307251 18.2496
-0.00749459 0.0648319 -0.997868 -252.673 -0.0656781 0.99571 0.065185 10.0568 0.997813 0.0660266 -0.0032044 18.2249
-0.00809774 0.0652705 -0.997835 -253.94 -0.0665683 0.995619 0.0656658 10.1108 0.997749 0.0669559 -0.00371731 18.2067
-0.00755598 0.0638514 -0.997931 -255.173 -0.0657614 0.995767 0.0642109 10.1633 0.997807 0.0661105 -0.00332504 18.1802
-0.00705645 0.0628615 -0.997997 -256.442 -0.0642268 0.995933 0.0631856 10.2145 0.99791 0.064544 -0.00299036 18.1699
-0.00799332 0.0629752 -0.997983 -257.68 -0.0621667 0.996053 0.0633513 10.2678 0.998034 0.0625477 -0.00404681 18.1459
-0.00725816 0.0636187 -0.997948 -258.921 -0.0605615 0.996114 0.0639423 10.3174 0.998138 0.0609013 -0.00337711 18.1268
-0.00733715 0.0635724 -0.99795 -260.186 -0.0609761 0.996092 0.0639023 10.3692 0.998112 0.06132 -0.00343208 18.1124
-0.00685302 0.0641416 -0.997917 -261.422 -0.0597437 0.996132 0.0644372 10.4188 0.99819 0.0600608 -0.00299445 18.0785
-0.00699092 0.0652709 -0.997843 -262.666 -0.0574232 0.996195 0.0655654 10.4738 0.998325 0.0577577 -0.00321625 18.0616
-0.0069033 0.06786 -0.997671 -263.93 -0.053652 0.996233 0.0681334 10.5238 0.998536 0.0539973 -0.00323647 18.0516
-0.00674783 0.0711083 -0.997446 -265.144 -0.0500285 0.996195 0.0713576 10.5776 0.998725 0.0503822 -0.00316471 18.0392
-0.00648034 0.0726662 -0.997335 -266.414 -0.0477624 0.996195 0.0728935 10.6422 0.998838 0.0481075 -0.00298497 18.0149
-0.00636763 0.0724589 -0.997351 -267.669 -0.0484516 0.996178 0.072683 10.6992 0.998805 0.0487861 -0.00283254 18.0109
-0.00595692 0.0710058 -0.997458 -268.915 -0.0516553 0.996122 0.0712192 10.7605 0.998647 0.0519483 -0.00226598 17.9814
-0.00759328 0.0734856 -0.997267 -270.171 -0.0567171 0.995659 0.0737989 10.8241 0.998361 0.0571224 -0.00339243 17.9662
-0.00663529 0.0794395 -0.996818 -271.4 -0.0612428 0.994936 0.0796973 10.8992 0.998101 0.0615767 -0.00173659 17.9394
-0.00671181 0.0801713 -0.996758 -272.665 -0.0642321 0.994688 0.0804373 10.9682 0.997912 0.0645638 -0.00152658 17.9113
-0.00732236 0.0731627 -0.997293 -273.874 -0.0654557 0.995146 0.0734858 11.0348 0.997829 0.0658166 -0.00249791 17.9063
-0.00655142 0.067496 -0.997698 -275.086 -0.0648708 0.995589 0.0677793 11.0887 0.997872 0.0651655 -0.002144 17.874
-0.00846283 0.066429 -0.997755 -276.297 -0.0589158 0.996025 0.0668135 11.1458 0.998227 0.0593489 -0.00451547 17.8679
-0.00633379 0.0683846 -0.997639 -277.542 -0.0545435 0.99615 0.0686289 11.1981 0.998491 0.0548494 -0.00257947 17.8611
-0.00493522 0.0698579 -0.997545 -278.738 -0.0540401 0.996081 0.0700227 11.2577 0.998527 0.054253 -0.00114074 17.8425
-0.00351458 0.0726738 -0.99735 -279.998 -0.054407 0.995865 0.0727573 11.3188 0.998513 0.0545185 0.000453912 17.8271
-0.00226313 0.0734218 -0.997298 -281.214 -0.0562078 0.995715 0.0734328 11.3831 0.998417 0.0562221 0.00187345 17.8163
-0.00288528 0.0757992 -0.997119 -282.459 -0.056074 0.995542 0.0758416 11.4438 0.998422 0.0561313 0.00137796 17.8029
-0.00121765 0.0747024 -0.997205 -283.688 -0.0561415 0.995628 0.0746528 11.5046 0.998422 0.0560755 0.00298158 17.8041
-0.000962211 0.0728672 -0.997341 -284.884 -0.0573017 0.995699 0.0728025 11.5692 0.998356 0.0572194 0.00321734 17.7889
-0.000814549 0.0720955 -0.997397 -286.126 -0.0570093 0.995772 0.0720246 11.627 0.998373 0.0569196 0.00329901 17.7761
-0.000660353 0.0709754 -0.997478 -287.347 -0.0574238 0.99583 0.0708961 11.6938 0.99835 0.0573258 0.00341808 17.764
-0.000519382 0.0714791 -0.997442 -288.547 -0.0579644 0.995763 0.0713889 11.7475 0.998318 0.0578532 0.00362606 17.7659
-0.000629503 0.0720381 -0.997402 -289.792 -0.0586075 0.995685 0.071951 11.8092 0.998281 0.0585005 0.00359518 17.7509
0.000231794 0.0720241 -0.997403 -291.018 -0.0579134 0.99573 0.0718898 11.871 0.998322 0.0577463 0.00440196 17.7443
0.000289932 0.0705715 -0.997507 -292.268 -0.0576471 0.995849 0.0704375 11.9274 0.998337 0.057483 0.00435698 17.7388
0.000603954 0.0680026 -0.997685 -293.476 -0.0585121 0.995978 0.0678508 11.9856 0.998287 0.0583357 0.0045805 17.7264
-0.000800438 0.0651187 -0.997877 -294.727 -0.059617 0.9961 0.0650505 12.0436 0.998221 0.0595425 0.00308487 17.7207
-0.000891139 0.0640429 -0.997947 -295.939 -0.0612743 0.996068 0.0639771 12.0939 0.998121 0.0612055 0.00303655 17.7045
-0.00126189 0.0643073 -0.997929 -297.166 -0.0644413 0.995851 0.0642548 12.1496 0.997921 0.064389 0.00288739 17.693
-0.00139339 0.0654721 -0.997853 -298.37 -0.0670751 0.995601 0.065418 12.2004 0.997747 0.0670223 0.00300429 17.6854
-0.00224274 0.0666233 -0.997776 -299.618 -0.0701614 0.995309 0.0666163 12.2557 0.997533 0.0701548 0.00244217 17.6702
-0.00197087 0.0664022 -0.997791 -300.835 -0.0712954 0.995244 0.0663736 12.3123 0.997453 0.0712687 0.00277268 17.6546
-0.00249298 0.0648842 -0.99789 -302.09 -0.0712691 0.995344 0.0648967 12.3664 0.997454 0.0712805 0.00214286 17.6283
-0.00283075 0.0627417 -0.998026 -303.31 -0.0690044 0.995639 0.0627874 12.4177 0.997612 0.0690459 0.00151105 17.6298
-0.00313224 0.0623842 -0.998047 -304.52 -0.0653523 0.995906 0.0624554 12.4667 0.997857 0.0654203 0.000957542 17.6089
-0.00410006 0.0641217 -0.997934 -305.796 -0.0629015 0.995949 0.0642526 12.5211 0.998011 0.0630349 -5.00978e-05 17.6037
-0.00473081 0.066112 -0.997801 -307.016 -0.0612369 0.99592 0.0662777 12.5711 0.998112 0.0614158 -0.000663018 17.59
-0.00489484 0.0650316 -0.997871 -308.256 -0.0619869 0.995944 0.0652101 12.6267 0.998065 0.0621742 -0.00084388 17.5705
