1 -4.1311e-11 9.68377e-11 0 -4.12612e-11 1 -1.70424e-11 0 -2.58458e-10 -1.70424e-11 1 -2.98023e-08
0.999943 -0.00243667 0.0103568 -0.00300522 0.00242544 0.999997 0.00109657 -0.0214636 -0.0103595 -0.00107138 0.999946 0.292984
0.999848 -0.00432878 0.0169151 0.00691642 0.004303 0.99999 0.00156031 -0.0317084 -0.0169217 -0.00148729 0.999856 0.596439
0.999801 -0.00732096 0.0185637 0.0141895 0.00730655 0.999973 0.000843913 -0.0387509 -0.0185694 -0.000708107 0.999827 0.889873
0.99983 -0.00836579 0.0164388 0.0190284 0.0083748 0.999965 -0.000478902 -0.0434616 -0.0164343 0.000616494 0.999865 1.20015
0.999894 -0.0105736 0.0100466 0.0186419 0.0105941 0.999942 -0.00199025 -0.0463787 -0.0100249 0.00209647 0.999948 1.51658
0.999931 -0.0116547 -0.00124933 0.00117018 0.0116506 0.999927 -0.00323271 -0.0564975 0.00128692 0.00321793 0.999994 1.84148
0.999794 -0.0107309 -0.0172308 -0.0204476 0.0106694 0.999936 -0.00366038 -0.0656242 0.0172689 0.00347578 0.999845 2.17384
0.999309 -0.00649665 -0.0365967 -0.0598327 0.00638254 0.999974 -0.00323401 -0.073773 0.0366168 0.0029982 0.999325 2.50703
0.998391 -0.00291924 -0.0566296 -0.107737 0.00266363 0.999986 -0.0045887 -0.0790245 0.0566422 0.00443048 0.998385 2.8661
0.997086 -0.0023819 -0.0762539 -0.16685 0.00197813 0.999984 -0.00537021 -0.0866313 0.0762654 0.00520372 0.997074 3.21948
0.99528 -0.0033808 -0.0969842 -0.213448 0.00300844 0.999988 -0.00398532 -0.0937075 0.0969965 0.00367474 0.995278 3.6012
0.993469 -0.00456998 -0.114016 -0.271606 0.00423528 0.999986 -0.00317759 -0.102206 0.114028 0.00267394 0.993474 3.99763
0.991505 -0.0039622 -0.130012 -0.345405 0.0036035 0.999989 -0.00299409 -0.10841 0.130022 0.00250015 0.991508 4.35777
0.989277 -0.00309676 -0.146022 -0.431146 0.00279704 0.999994 -0.0022578 -0.11617 0.146028 0.00182516 0.989279 4.79062
0.987276 -0.00240164 -0.158998 -0.512246 0.0020311 0.999995 -0.0024929 -0.122517 0.159003 0.00213824 0.987276 5.18646
0.984969 -0.00376782 -0.17269 -0.592212 0.0032394 0.999989 -0.00334166 -0.13111 0.172701 0.00273202 0.984971 5.65281
0.982812 -0.00676263 -0.184486 -0.684723 0.00594753 0.99997 -0.00497124 -0.143314 0.184514 0.00378856 0.982823 6.10057
0.980896 -0.00627973 -0.194434 -0.807 0.00499328 0.999962 -0.00710578 -0.152845 0.194471 0.00599916 0.98089 6.58432
0.979363 -0.0061185 -0.202019 -0.916228 0.00439069 0.99995 -0.00899975 -0.157701 0.202064 0.00792702 0.97934 7.04911
0.977996 -0.00655564 -0.20852 -1.02124 0.0042348 0.999924 -0.0115745 -0.166871 0.20858 0.0104368 0.97795 7.53003
0.975877 -0.0104163 -0.218073 -1.1311 0.00772291 0.999883 -0.0131996 -0.179845 0.218185 0.011197 0.975843 8.02413
0.974099 -0.0161505 -0.225545 -1.25163 0.013291 0.999811 -0.0141909 -0.197801 0.225732 0.0108256 0.974129 8.54678
0.972225 -0.0171174 -0.233421 -1.3876 0.013694 0.999774 -0.0162789 -0.217884 0.233647 0.0126302 0.97224 9.06968
0.9702 -0.0136837 -0.241918 -1.54335 0.00889052 0.999742 -0.0208938 -0.225889 0.242141 0.0181204 0.970072 9.60711
0.968114 -0.0108055 -0.250277 -1.693 0.00496959 0.999701 -0.0239379 -0.24475 0.250461 0.0219309 0.967878 10.1433
0.965895 -0.0134181 -0.258587 -1.85538 0.00693504 0.999639 -0.0259671 -0.265687 0.258842 0.0232882 0.965639 10.7123
0.963391 -0.0151514 -0.267672 -2.02061 0.00808592 0.99959 -0.0274788 -0.292656 0.267978 0.0243084 0.963118 11.2644
0.961521 -0.0150115 -0.274321 -2.19328 0.00700823 0.999521 -0.0301318 -0.316378 0.274642 0.0270498 0.961166 11.843
0.958938 -0.0142525 -0.283257 -2.38336 0.00489944 0.99942 -0.0337007 -0.339481 0.283573 0.0309291 0.958452 12.4249
0.957141 -0.0153241 -0.289216 -2.57427 0.00420406 0.999229 -0.0390311 -0.371026 0.289591 0.0361424 0.956468 13.0452
0.95513 -0.0162455 -0.295742 -2.77263 0.00271746 0.998933 -0.0460965 -0.409226 0.296175 0.0432245 0.954155 13.6501
0.95399 -0.0165725 -0.29938 -2.97598 0.000269142 0.998518 -0.0544164 -0.446578 0.299838 0.0518322 0.952581 14.2777
0.952894 -0.0168648 -0.302833 -3.18576 -0.00240645 0.998001 -0.0631511 -0.491238 0.303293 0.0609051 0.950949 14.9011
0.951295 -0.0160106 -0.307867 -3.40933 -0.00644575 0.997399 -0.0717866 -0.538088 0.308216 0.0702746 0.948717 15.5282
0.950272 -0.0150656 -0.311056 -3.61848 -0.0100112 0.996835 -0.0788646 -0.595627 0.31126 0.0780569 0.947114 16.1549
0.948728 -0.0140705 -0.315779 -3.8739 -0.0136292 0.996259 -0.0853389 -0.659564 0.315798 0.0852673 0.944987 16.8484
0.947072 -0.0128504 -0.320764 -4.11422 -0.017386 0.995679 -0.0912217 -0.729865 0.32055 0.0919703 0.942756 17.5034
0.945324 -0.0108499 -0.325952 -4.36555 -0.0218411 0.995097 -0.0964668 -0.803432 0.325401 0.0983116 0.940452 18.1655
0.943762 -0.00814762 -0.330524 -4.63606 -0.0263029 0.994678 -0.0996236 -0.879584 0.329576 0.102715 0.938525 18.8772
0.942203 -0.0072203 -0.334965 -4.87193 -0.0283276 0.994471 -0.101117 -0.956733 0.333843 0.104762 0.936789 19.559
0.939984 -0.00623523 -0.341162 -5.1607 -0.0297679 0.994523 -0.100194 -1.04727 0.339918 0.104337 0.934649 20.2981
0.938031 -0.00665245 -0.346486 -5.4241 -0.0294276 0.994676 -0.098766 -1.13165 0.345299 0.102842 0.932841 21.0224
0.935578 -0.00658175 -0.353058 -5.69684 -0.0296226 0.994839 -0.0970436 -1.2176 0.351875 0.10125 0.930555 21.7325
0.932765 -0.00637918 -0.360428 -5.97899 -0.0294572 0.995151 -0.0938465 -1.29752 0.359279 0.0981539 0.928054 22.4195
0.928655 -0.00396773 -0.370924 -6.31882 -0.031179 0.995569 -0.08871 -1.38287 0.369632 0.093946 0.924417 23.2385
0.925326 -0.00246819 -0.379165 -6.6355 -0.0312976 0.996069 -0.0828637 -1.46127 0.377879 0.0885428 0.921611 23.9466
0.922026 0.00102901 -0.387126 -6.95233 -0.0343677 0.996266 -0.0792062 -1.53887 0.385598 0.0863349 0.918619 24.701
0.918263 0.00148539 -0.395968 -7.29443 -0.0348121 0.996424 -0.0769925 -1.61468 0.394437 0.0844838 0.915031 25.4409
0.914467 0.00266071 -0.404651 -7.6419 -0.0366633 0.99641 -0.0763033 -1.69409 0.402996 0.0846127 0.911282 26.2408
0.910552 0.00229055 -0.413389 -8.02598 -0.0366594 0.996492 -0.0752264 -1.76607 0.411767 0.0836521 0.907442 27.0137
0.906444 0.00391784 -0.422307 -8.39304 -0.0384876 0.996562 -0.0733648 -1.83878 0.420568 0.0827547 0.903479 27.8005
0.902356 0.00343173 -0.430978 -8.79337 -0.037636 0.996776 -0.0708631 -1.91227 0.429345 0.080164 0.899576 28.5784
0.89962 0.00324863 -0.436661 -9.18969 -0.0361432 0.997095 -0.067045 -1.98504 0.435175 0.0760974 0.897124 29.374
0.894985 0.00420134 -0.446077 -9.55985 -0.035413 0.997469 -0.0616562 -2.04187 0.444688 0.0709782 0.892869 30.1146
0.891268 0.0044315 -0.453456 -10.0001 -0.0340837 0.997779 -0.0572404 -2.11214 0.452195 0.066472 0.889439 30.9308
0.887996 0.00357437 -0.459837 -10.4287 -0.0325565 0.997949 -0.0551131 -2.17886 0.458697 0.0639109 0.886292 31.7687
0.88462 0.00392359 -0.466295 -10.8336 -0.0328241 0.998008 -0.0538739 -2.24025 0.465155 0.0629637 0.882987 32.5819
0.881185 0.00395255 -0.472755 -11.3378 -0.0323916 0.99812 -0.052031 -2.30037 0.471661 0.0611622 0.879656 33.4408
0.87755 0.00218357 -0.479481 -11.7813 -0.0302244 0.998253 -0.050771 -2.35996 0.478532 0.0590461 0.876083 34.2584
0.876338 0.00117639 -0.481696 -12.2305 -0.02922 0.998285 -0.0507212 -2.42024 0.48081 0.058524 0.87487 35.087
0.873981 -8.34897e-05 -0.485959 -12.691 -0.0283316 0.99829 -0.0511249 -2.48053 0.485133 0.0584502 0.872485 35.9042
0.87217 0.000654799 -0.489202 -13.2309 -0.0295758 0.998241 -0.0513928 -2.54348 0.488308 0.0592918 0.870655 36.8451
0.871252 0.000708069 -0.490835 -13.6794 -0.0293781 0.998281 -0.0507072 -2.59854 0.489955 0.0585986 0.869776 37.5932
0.871257 0.000100735 -0.490828 -14.1976 -0.0277427 0.998411 -0.0490404 -2.66202 0.490043 0.0563437 0.869875 38.5414
0.871022 -0.00107446 -0.491242 -14.7283 -0.0260117 0.998494 -0.0483054 -2.72236 0.490554 0.0548532 0.869683 39.3945
0.870183 -0.00363124 -0.492716 -15.2302 -0.0235819 0.99852 -0.0490069 -2.78745 0.492164 0.0542642 0.868809 40.3292
0.869106 -0.00459573 -0.494604 -15.7261 -0.022912 0.998509 -0.0495384 -2.85034 0.494094 0.0543865 0.867706 41.2167
0.866988 -0.00598149 -0.498293 -16.2851 -0.0206102 0.998642 -0.0478477 -2.91584 0.497902 0.0517533 0.865688 42.1681
0.865264 -0.00541525 -0.501287 -16.8437 -0.0194351 0.998828 -0.0443367 -2.98301 0.500939 0.0481055 0.864145 43.1061
0.862379 -0.00541381 -0.506234 -17.3304 -0.0170906 0.999062 -0.0397985 -3.03748 0.505974 0.0429733 0.861478 43.9179
0.859098 -0.00658827 -0.511769 -17.9162 -0.0146075 0.999194 -0.0373845 -3.10292 0.511603 0.0395926 0.858309 44.8752
0.853062 -0.00919116 -0.521729 -18.4542 -0.0133534 0.999133 -0.0394351 -3.16214 0.521639 0.0406074 0.852199 45.7703
0.847057 -0.0113707 -0.53138 -19.0357 -0.0134708 0.998991 -0.0428503 -3.2294 0.531331 0.0434548 0.846049 46.7201
0.839722 -0.0115209 -0.542894 -19.5896 -0.0137419 0.999004 -0.0424555 -3.28974 0.542843 0.0431112 0.838727 47.6149
0.8332 -0.00909778 -0.552897 -20.1729 -0.0141191 0.999189 -0.0377185 -3.34805 0.552792 0.0392335 0.832395 48.5201
0.828043 -0.00672524 -0.560625 -20.7262 -0.0136053 0.999393 -0.0320837 -3.40187 0.5605 0.0341941 0.827448 49.3484
0.823599 -0.00556357 -0.567145 -21.3573 -0.0164065 0.9993 -0.0336282 -3.45988 0.566935 0.037001 0.822931 50.2463
0.821694 -0.00728025 -0.569883 -22.0177 -0.0177795 0.999104 -0.0383991 -3.51588 0.569652 0.0416845 0.820828 51.135
0.817438 -0.00851916 -0.575954 -22.6276 -0.0213018 0.99876 -0.0450062 -3.58623 0.575623 0.0490586 0.816242 52.0272
0.815338 -0.00926528 -0.578911 -23.1312 -0.0219124 0.998662 -0.0468446 -3.63457 0.57857 0.0508795 0.814044 52.7058
0.811945 -0.00842695 -0.583673 -23.7662 -0.020581 0.998861 -0.0430515 -3.69863 0.583371 0.0469681 0.810847 53.5742
0.809291 -0.00704519 -0.587366 -24.4487 -0.0182892 0.999141 -0.0371837 -3.76541 0.587123 0.0408349 0.808467 54.4874
0.80559 -0.00580266 -0.592445 -25.0681 -0.017944 0.999254 -0.0341869 -3.82276 0.592202 0.0381714 0.804885 55.3496
0.801731 -0.00403664 -0.597671 -25.8634 -0.0207689 0.999185 -0.0346085 -3.88907 0.597324 0.0401597 0.800994 56.3689
0.798791 -0.0056641 -0.601582 -26.4878 -0.0203513 0.999129 -0.0364299 -3.94292 0.601265 0.0413428 0.79798 57.1865
0.792672 -0.00794118 -0.609596 -27.1844 -0.0198847 0.999046 -0.0388711 -4.00923 0.609323 0.0429337 0.791759 58.1069
0.789068 -0.00858823 -0.614246 -27.7811 -0.0197802 0.999029 -0.039378 -4.06543 0.613988 0.0432219 0.788131 58.9772
0.785083 -0.00914336 -0.619323 -28.4499 -0.0186465 0.999089 -0.0383873 -4.12062 0.61911 0.0416854 0.784198 59.7034
0.779442 -0.00961236 -0.626401 -29.2047 -0.0180736 0.999121 -0.0378212 -4.18474 0.626214 0.0408007 0.778583 60.6296
0.774265 -0.0105257 -0.632774 -29.866 -0.0177997 0.999104 -0.0383991 -4.24594 0.632612 0.0409942 0.773383 61.4785
0.769023 -0.0118255 -0.639111 -30.5795 -0.0174709 0.999067 -0.0395079 -4.30629 0.638982 0.0415483 0.768099 62.3143
0.764034 -0.0131084 -0.645043 -31.2067 -0.0169846 0.999038 -0.04042 -4.36199 0.644953 0.041838 0.763077 63.0822
0.75802 -0.0145257 -0.65207 -32.0017 -0.0164466 0.999008 -0.0413731 -4.4282 0.652024 0.042086 0.757029 63.9491
0.753007 -0.0160455 -0.657817 -32.6947 -0.0159195 0.998966 -0.0425899 -4.49121 0.65782 0.0425426 0.751973 64.7621
0.746066 -0.0168412 -0.665659 -33.4784 -0.0152793 0.998984 -0.0423992 -4.55757 0.665697 0.0418034 0.745051 65.5826
0.739496 -0.0178007 -0.672926 -34.2184 -0.0133953 0.999063 -0.0411484 -4.6175 0.673028 0.0394432 0.738565 66.3802
0.732949 -0.0184898 -0.680033 -34.8711 -0.0120736 0.99912 -0.0401787 -4.67532 0.680177 0.0376594 0.73208 67.1108
0.726339 -0.0200024 -0.687046 -35.7839 -0.0110273 0.999109 -0.0407457 -4.74821 0.687248 0.0371715 0.725471 68.0334
0.719185 -0.0216281 -0.694482 -36.4585 -0.0108219 0.999046 -0.0423199 -4.80673 0.694734 0.0379515 0.718264 68.7285
0.713165 -0.020542 -0.700695 -37.2628 -0.0129637 0.999013 -0.0424821 -4.87092 0.700877 0.0393803 0.712195 69.555
0.707507 -0.0214708 -0.70638 -38.0641 -0.01121 0.999072 -0.0415951 -4.93233 0.706618 0.0373473 0.706609 70.3209
0.70235 -0.0206287 -0.711533 -38.8395 -0.0127633 0.999054 -0.0415632 -4.99836 0.711717 0.0382734 0.701423 71.1318
0.698617 -0.0213752 -0.715176 -39.6956 -0.0126823 0.999027 -0.0422476 -5.06363 0.715383 0.038585 0.697666 71.8971
0.691664 -0.0228753 -0.721857 -40.5187 -0.01344 0.998918 -0.0445331 -5.13419 0.722095 0.0405037 0.690607 72.7184
0.687341 -0.024426 -0.725924 -41.4051 -0.0144247 0.998778 -0.0472651 -5.20628 0.726192 0.0429585 0.686149 73.5208
0.68317 -0.0249284 -0.729834 -42.2057 -0.0152855 0.99871 -0.0484203 -5.27549 0.7301 0.0442352 0.681908 74.2807
0.678003 -0.0248362 -0.73464 -43.0825 -0.0139478 0.998814 -0.0466397 -5.34543 0.734927 0.0418684 0.676853 75.0529
0.672537 -0.0255061 -0.739623 -43.9355 -0.0124992 0.998872 -0.0458118 -5.41951 0.739958 0.0400549 0.67146 75.8448
0.667189 -0.0261092 -0.744431 -44.8166 -0.0121381 0.998872 -0.0459118 -5.49408 0.74479 0.0396678 0.666119 76.6125
0.662444 -0.0271963 -0.748618 -45.721 -0.0114359 0.998857 -0.0464067 -5.56738 0.749024 0.039303 0.661376 77.4005
0.657246 -0.0277683 -0.753165 -46.5865 -0.0107075 0.998876 -0.0461713 -5.64037 0.7536 0.0384104 0.65621 78.1724
0.653517 -0.0285551 -0.756373 -47.4347 -0.00944064 0.998903 -0.0458681 -5.70679 0.756853 0.0371162 0.65253 78.9142
0.650711 -0.0315478 -0.75867 -48.39 -0.00617114 0.998884 -0.0468296 -5.78342 0.7593 0.0351544 0.64979 79.6733
0.646236 -0.0358976 -0.762293 -49.2792 -0.00339236 0.998748 -0.0499086 -5.86018 0.76313 0.0348387 0.645305 80.4486
0.640547 -0.0400661 -0.766873 -50.2156 0.000467918 0.998658 -0.0517851 -5.93781 0.767919 0.032812 0.639707 81.2478
0.633765 -0.0439737 -0.772275 -51.139 0.00632573 0.998644 -0.0516721 -6.02058 0.7735 0.0278628 0.633184 82.0015
0.625024 -0.0478699 -0.779136 -52.0592 0.0116744 0.99858 -0.0519873 -6.09848 0.780518 0.0233974 0.624695 82.7316
0.615518 -0.0491396 -0.786589 -53.0059 0.0144337 0.99859 -0.0510891 -6.1837 0.78799 0.0200929 0.61536 83.5094
0.606584 -0.0480558 -0.793566 -53.968 0.0157018 0.998701 -0.0484761 -6.25692 0.794864 0.0169444 0.606551 84.2145
0.597639 -0.0479101 -0.800332 -54.9129 0.0157933 0.998723 -0.0479928 -6.33605 0.80161 0.0160425 0.597633 84.9037
0.588302 -0.0483251 -0.807196 -55.9531 0.0134227 0.998659 -0.0500048 -6.41556 0.80853 0.0185832 0.588162 85.6596
0.578456 -0.051307 -0.814098 -56.9273 0.0148818 0.998518 -0.0523554 -6.49785 0.815578 0.01817 0.578362 86.3426
0.568241 -0.0518342 -0.821228 -57.9392 0.0136422 0.99847 -0.0535817 -6.5778 0.822749 0.019244 0.568079 87.0582
0.558767 -0.053321 -0.827609 -58.9313 0.0177083 0.998471 -0.0523734 -6.66008 0.829136 0.0146089 0.558856 87.7117
0.547407 -0.0532918 -0.835168 -60.0024 0.0195492 0.998512 -0.0509013 -6.74459 0.836638 0.0115368 0.547634 88.4042
0.537332 -0.0540258 -0.841639 -61.0254 0.0197898 0.998479 -0.051459 -6.82826 0.843139 0.0109947 0.537584 89.0601
0.527447 -0.0549356 -0.84781 -62.1225 0.0190565 0.998421 -0.0528391 -6.91172 0.849374 0.0117135 0.527661 89.7129
0.517201 -0.055233 -0.85408 -63.1971 0.0175593 0.99839 -0.0539322 -6.99859 0.855684 0.0128967 0.517338 90.3802
0.507797 -0.0558292 -0.859666 -64.309 0.0160206 0.998337 -0.0553717 -7.09095 0.861328 0.0143453 0.507847 91.0142
0.497423 -0.0557898 -0.865713 -65.4202 0.0153579 0.99834 -0.0555125 -7.17878 0.867372 0.0143176 0.497454 91.6393
0.490719 -0.0542745 -0.869626 -66.5117 0.0146548 0.998431 -0.0540439 -7.26523 0.871195 0.0137762 0.490744 92.2288
0.480964 -0.0521147 -0.87519 -67.6391 0.0155413 0.998582 -0.0509214 -7.35325 0.876603 0.0108898 0.481092 92.8432
0.474575 -0.0526372 -0.87864 -68.7576 0.0158002 0.998559 -0.0512872 -7.44072 0.880073 0.010457 0.474723 93.4208
0.466428 -0.0548522 -0.882857 -69.8885 0.0168626 0.998446 -0.0531249 -7.52799 0.884398 0.00989172 0.466628 94.0279
0.460638 -0.0585131 -0.885657 -71.0714 0.0194625 0.998251 -0.0558292 -7.62258 0.887375 0.00847999 0.460971 94.6326
0.454665 -0.0615876 -0.888531 -72.1525 0.0209419 0.99807 -0.0584641 -7.71148 0.890417 0.00797401 0.455077 95.1763
0.44828 -0.0646273 -0.891554 -73.3976 0.0222469 0.997881 -0.0611488 -7.81773 0.893616 0.00757749 0.448768 95.8141
0.443996 -0.0651996 -0.893653 -74.4849 0.0238315 0.997856 -0.0609618 -7.91453 0.895712 0.00576974 0.444598 96.3563
0.440423 -0.0633979 -0.895549 -75.6125 0.0265363 0.997987 -0.0575994 -8.01068 0.897398 0.00160354 0.441219 96.8838
0.43644 -0.0619745 -0.897597 -76.7764 0.0307931 0.998069 -0.0539391 -8.11028 0.899207 -0.00409861 0.437505 97.4722
0.433889 -0.0610053 -0.898899 -77.8558 0.0322502 0.998117 -0.0521722 -8.19911 0.900389 -0.0063527 0.43504 97.9768
0.431109 -0.0605173 -0.900268 -79.0062 0.0327847 0.99814 -0.0513968 -8.29108 0.901704 -0.00735741 0.432291 98.5249
0.427146 -0.0596713 -0.902212 -80.1435 0.0350779 0.998162 -0.0494099 -8.38105 0.903502 -0.0105425 0.428454 99.0646
0.426869 -0.0588699 -0.902395 -81.2331 0.0369719 0.998181 -0.0476295 -8.46293 0.903557 -0.0130318 0.428269 99.5735
0.423185 -0.0595421 -0.904085 -82.3688 0.0388299 0.998113 -0.0475592 -8.55397 0.905211 -0.0149792 0.424699 100.091
0.421668 -0.0596437 -0.904787 -83.4584 0.0409298 0.998069 -0.046718 -8.63461 0.905826 -0.0173332 0.423295 100.615
0.419358 -0.05913 -0.905893 -84.6117 0.04458 0.998014 -0.0445059 -8.71955 0.906726 -0.0217208 0.421161 101.125
0.417079 -0.0585859 -0.90698 -85.6139 0.0470258 0.997975 -0.0428386 -8.79671 0.907653 -0.0247844 0.41899 101.606
0.414828 -0.0587654 -0.908 -86.7163 0.0479296 0.997938 -0.0426891 -8.87853 0.908637 -0.0258114 0.416789 102.115
0.414569 -0.0603427 -0.908015 -87.8378 0.0493687 0.997821 -0.0437707 -8.95718 0.908678 -0.0266816 0.416644 102.619
0.414137 -0.0614133 -0.908141 -88.9291 0.0499295 0.997752 -0.0447041 -9.04372 0.908844 -0.0268294 0.416272 103.113
0.415154 -0.0619934 -0.907637 -89.9428 0.0487475 0.997758 -0.0458518 -9.12115 0.908444 -0.0252095 0.417245 103.562
0.417537 -0.0616403 -0.906567 -91.0226 0.0462669 0.997845 -0.0465374 -9.20323 0.907481 -0.022513 0.419489 104.064
0.421464 -0.0619114 -0.904729 -92.0348 0.0447355 0.997872 -0.0474454 -9.28362 0.905741 -0.020477 0.423337 104.505
0.425513 -0.0622086 -0.902812 -93.0454 0.0433037 0.997891 -0.0483502 -9.36077 0.903916 -0.0185215 0.42731 104.991
0.433293 -0.0615447 -0.899149 -94.0233 0.0409842 0.997979 -0.0485594 -9.43701 0.900321 -0.0158104 0.43494 105.452
0.440308 -0.0607231 -0.895791 -95.062 0.0405908 0.998037 -0.0477024 -9.51787 0.896929 -0.0153572 0.441908 105.953
0.447039 -0.0596953 -0.89252 -96.0187 0.0397616 0.998111 -0.0468421 -9.59035 0.89363 -0.0145477 0.448568 106.434
0.457354 -0.0591812 -0.887313 -97.0496 0.0391526 0.998156 -0.0463933 -9.67074 0.888422 -0.0135225 0.458828 106.95
0.465725 -0.0587027 -0.88298 -98.0089 0.0379281 0.998205 -0.046358 -9.73882 0.884116 -0.0118996 0.467116 107.451
0.477044 -0.0593089 -0.876876 -99.0379 0.0369495 0.998192 -0.0474128 -9.81761 0.878102 -0.00978207 0.478373 108.008
0.486207 -0.060509 -0.871746 -99.9473 0.0349988 0.998148 -0.0497625 -9.88979 0.873143 -0.00631522 0.487424 108.519
0.49853 -0.0600726 -0.864789 -100.908 0.0315806 0.998192 -0.0511341 -9.96568 0.866297 -0.00181869 0.499526 109.074
0.510687 -0.0584684 -0.857776 -101.823 0.0296489 0.998289 -0.0503944 -10.0414 0.859255 0.000303632 0.511547 109.612
0.523276 -0.0561318 -0.850312 -102.74 0.0279286 0.998422 -0.0487219 -10.1181 0.851705 0.00174695 0.524018 110.202
0.536631 -0.0546383 -0.842046 -103.684 0.0282562 0.998505 -0.0467831 -10.1896 0.843344 0.00131222 0.537373 110.758
0.547527 -0.0532544 -0.835092 -104.558 0.0270889 0.998578 -0.0459192 -10.2615 0.836349 0.00252031 0.548191 111.349
0.558973 -0.0530621 -0.827486 -105.435 0.0259665 0.998581 -0.0464928 -10.3315 0.828779 0.00450131 0.559558 111.95
0.569534 -0.0541527 -0.820182 -106.361 0.0269604 0.998521 -0.0472064 -10.4073 0.821526 0.00477322 0.570152 112.559
0.582111 -0.0566694 -0.811132 -107.114 0.0298357 0.998385 -0.0483401 -10.4731 0.812562 0.00393857 0.582861 113.121
0.592121 -0.0553833 -0.803944 -107.948 0.0288706 0.998453 -0.0475192 -10.5456 0.805332 0.00492679 0.592804 113.704
0.601534 -0.0535199 -0.797052 -108.82 0.0284361 0.998555 -0.0455896 -10.6199 0.798341 0.00475862 0.602187 114.392
0.611655 -0.0515547 -0.789443 -109.611 0.0292131 0.998666 -0.0425838 -10.6856 0.790585 0.00298446 0.612344 114.995
0.621618 -0.0507504 -0.781675 -110.461 0.0291571 0.998707 -0.0416544 -10.7571 0.782778 0.00310173 0.622294 115.626
0.633476 -0.0491329 -0.772201 -111.211 0.0259976 0.99877 -0.0422216 -10.8178 0.773326 0.00667099 0.633974 116.26
0.641609 -0.0485759 -0.765492 -111.963 0.0239385 0.998775 -0.0433149 -10.8809 0.766658 0.00946648 0.641985 116.866
0.651587 -0.0479464 -0.757057 -112.748 0.0239775 0.998804 -0.0426198 -10.9484 0.758195 0.00961821 0.651957 117.542
0.660832 -0.0460724 -0.749119 -113.405 0.02314 0.99889 -0.0410211 -11.0044 0.750177 0.00977344 0.661164 118.13
0.669362 -0.0445023 -0.741602 -114.134 0.0234867 0.998973 -0.0387478 -11.0647 0.742565 0.00851851 0.66972 118.782
0.676432 -0.0447055 -0.735147 -114.883 0.0249944 0.998975 -0.0377512 -11.1301 0.73608 0.00716161 0.676856 119.455
0.68444 -0.0430907 -0.727794 -115.56 0.0225687 0.999026 -0.0379253 -11.1866 0.72872 0.00953218 0.684746 120.113
0.691547 -0.0424268 -0.721084 -116.225 0.0226469 0.999056 -0.0370627 -11.2429 0.721976 0.00930029 0.691856 120.722
0.699664 -0.0394909 -0.71338 -116.949 0.0212821 0.99918 -0.0344392 -11.2991 0.714155 0.00891367 0.699931 121.425
0.706716 -0.0367361 -0.706543 -117.595 0.0199908 0.999289 -0.0319615 -11.3518 0.707215 0.00846338 0.706948 122.067
0.714754 -0.0355942 -0.698469 -118.254 0.0197343 0.999333 -0.0307318 -11.4053 0.699097 0.00818188 0.71498 122.724
0.722063 -0.0340008 -0.690992 -118.869 0.0183468 0.999381 -0.0300036 -11.4572 0.691584 0.00898705 0.72224 123.372
0.7311 -0.0311734 -0.681557 -119.505 0.0157776 0.999461 -0.0287894 -11.5023 0.682087 0.0102946 0.731198 124.064
0.738324 -0.0285981 -0.673839 -120.12 0.0150394 0.99955 -0.0259428 -11.5495 0.674278 0.00902006 0.738422 124.705
0.749941 -0.0253288 -0.66102 -120.713 0.013384 0.999643 -0.0231197 -11.5911 0.66137 0.00849131 0.750012 125.347
0.758918 -0.0226091 -0.650793 -121.273 0.0112001 0.999702 -0.0216697 -11.6357 0.651089 0.0091566 0.758946 126.032
0.768259 -0.0223617 -0.639748 -121.814 0.0100417 0.999688 -0.0228841 -11.6728 0.64006 0.0111568 0.768244 126.693
0.779763 -0.0225259 -0.62567 -122.38 0.00966677 0.999667 -0.0239434 -11.7141 0.626 0.012622 0.779721 127.349
0.788903 -0.0218071 -0.614131 -122.891 0.0092902 0.999679 -0.0235635 -11.753 0.614447 0.0128839 0.788853 128.048
0.797897 -0.0207154 -0.602437 -123.42 0.00916355 0.999711 -0.0222394 -11.7895 0.602724 0.0122243 0.797856 128.735
0.809194 -0.018552 -0.587248 -123.949 0.00888666 0.999774 -0.019339 -11.8264 0.587474 0.0104303 0.809176 129.453
0.818994 -0.0167854 -0.573556 -124.42 0.00865847 0.99982 -0.0168966 -11.8607 0.573736 0.0088721 0.818992 130.145
0.82851 -0.0159461 -0.559747 -124.882 0.00967512 0.999853 -0.0141633 -11.8913 0.559891 0.00631882 0.828542 130.865
0.837104 -0.01541 -0.546827 -125.386 0.010433 0.999871 -0.0122058 -11.9194 0.546945 0.00451246 0.837156 131.582
0.843792 -0.0156142 -0.536443 -125.82 0.0117323 0.999874 -0.0106491 -11.946 0.536542 0.00269193 0.843869 132.304
0.850767 -0.0154423 -0.525316 -126.269 0.0119529 0.999878 -0.0100345 -11.9755 0.525407 0.00225795 0.850848 133.012
0.857793 -0.0144054 -0.513793 -126.706 0.0108758 0.999892 -0.00987683 -11.9991 0.51388 0.00288438 0.857857 133.781
0.86446 -0.0131474 -0.502529 -127.122 0.00984325 0.999909 -0.00922747 -12.0223 0.502605 0.00303026 0.864511 134.492
0.870412 -0.0117579 -0.492184 -127.567 0.0085406 0.999925 -0.00878368 -12.0454 0.49225 0.00344188 0.870447 135.261
0.876325 -0.0124643 -0.481559 -127.966 0.00941045 0.999917 -0.00875622 -12.0691 0.481628 0.00314161 0.87637 136.019
0.881726 -0.0134226 -0.47157 -128.378 0.0102576 0.999904 -0.00928152 -12.0944 0.47165 0.00334658 0.88178 136.763
0.88691 -0.0137664 -0.461738 -128.799 0.0104889 0.999898 -0.00966418 -12.1192 0.461824 0.00372815 0.886964 137.564
0.889822 -0.013265 -0.456116 -129.178 0.0102491 0.999906 -0.0090852 -12.1399 0.456193 0.00340944 0.889874 138.31
0.893142 -0.0113205 -0.449633 -129.62 0.00973303 0.999936 -0.00584218 -12.1612 0.44967 0.000841603 0.893194 139.14
0.896791 -0.00781105 -0.442386 -130.003 0.00774639 0.999968 -0.00195283 -12.1779 0.442387 -0.00167561 0.896823 139.972
0.899324 -0.00472695 -0.437257 -130.377 0.00569664 0.999983 0.000906229 -12.1924 0.437246 -0.00330589 0.899336 140.755
0.903818 -0.00190704 -0.427913 -130.83 0.00375028 0.999987 0.00346462 -12.2053 0.427901 -0.00473618 0.903813 141.628
0.906269 -0.000182155 -0.422701 -131.192 0.00281625 0.99998 0.00560712 -12.212 0.422691 -0.00627199 0.906252 142.444
0.910062 0.00117391 -0.414472 -131.599 0.00257839 0.999961 0.00849362 -12.2224 0.414465 -0.00879839 0.910023 143.326
0.913764 0.00122226 -0.406243 -132.003 0.00343449 0.999937 0.0107337 -12.2296 0.406231 -0.0112033 0.913702 144.203
0.917269 0.00105623 -0.398268 -132.417 0.00386001 0.999926 0.011542 -12.2352 0.398251 -0.0121245 0.917197 145.144
0.920404 0.000418315 -0.390968 -132.787 0.00437233 0.999926 0.0113631 -12.2331 0.390944 -0.012168 0.920334 146.024
0.925248 -0.0021265 -0.379358 -133.205 0.00694696 0.999912 0.0113385 -12.2435 0.3793 -0.0131263 0.925181 146.974
0.928683 -0.00364902 -0.370855 -133.547 0.00796838 0.999917 0.0101155 -12.2437 0.370788 -0.0123492 0.928636 147.899
0.933071 -0.00461522 -0.359663 -133.912 0.00812608 0.999933 0.00825023 -12.2554 0.359601 -0.0106207 0.933046 148.82
0.938386 -0.00293082 -0.345577 -134.28 0.00588064 0.999955 0.00748784 -12.2578 0.345539 -0.0090587 0.938361 149.804
0.943902 0.000476047 -0.330227 -134.621 0.00254381 0.999959 0.00871259 -12.2639 0.330217 -0.00906386 0.943861 150.76
0.949919 0.00408579 -0.31247 -134.964 -0.000573351 0.999936 0.0113319 -12.2667 0.312496 -0.0105853 0.94986 151.776
0.956262 0.00726356 -0.29242 -135.266 -0.00353337 0.999906 0.0132824 -12.2707 0.292489 -0.0116683 0.956198 152.756
0.962894 0.00905705 -0.269728 -135.593 -0.00543153 0.999885 0.0141847 -12.2754 0.269825 -0.0121933 0.962832 153.901
0.968396 0.0105903 -0.249194 -135.847 -0.00694611 0.999856 0.0154989 -12.2745 0.249322 -0.0132781 0.96833 154.895
0.974082 0.0111614 -0.225921 -136.131 -0.00719887 0.999806 0.0183555 -12.2767 0.226082 -0.0162534 0.973973 156.021
0.978595 0.0131393 -0.205375 -136.363 -0.00886919 0.999725 0.0216988 -12.2674 0.205604 -0.0194128 0.978443 157.072
0.983094 0.015173 -0.18247 -136.572 -0.0105899 0.999604 0.0260651 -12.2639 0.182793 -0.0236921 0.982866 158.213
0.987356 0.0169048 -0.157613 -136.766 -0.0124111 0.999489 0.0294514 -12.2485 0.158031 -0.0271228 0.987062 159.269
0.99053 0.0186607 -0.13602 -136.945 -0.014776 0.999455 0.0295132 -12.2366 0.136497 -0.0272239 0.990266 160.44
0.993419 0.018522 -0.113034 -137.075 -0.0155091 0.999502 0.0274767 -12.2228 0.113487 -0.0255428 0.993211 161.632
0.995441 0.0182389 -0.0936239 -137.207 -0.0158262 0.999525 0.0264483 -12.205 0.0940618 -0.024846 0.995256 162.702
0.99719 0.0169894 -0.072967 -137.294 -0.0149685 0.999492 0.0281549 -12.1952 0.0734082 -0.0269836 0.996937 163.948
0.998532 0.0174801 -0.0512714 -137.377 -0.0159437 0.999416 0.0302236 -12.1774 0.0517698 -0.0293618 0.998227 165.165
0.999367 0.017917 -0.0307296 -137.426 -0.0169592 0.999371 0.0311517 -12.1614 0.0312684 -0.0306108 0.999042 166.39
0.999747 0.0193238 -0.0115398 -137.443 -0.0189481 0.999314 0.0318197 -12.1419 0.0121468 -0.0315929 0.999427 167.603
0.999768 0.0194391 0.00931159 -137.451 -0.0197283 0.999292 0.0320465 -12.1243 -0.00868204 -0.0322228 0.999443 168.828
0.999364 0.021659 0.0283321 -137.428 -0.0225623 0.999234 0.0319613 -12.101 -0.0276181 -0.0325802 0.999087 170.034
0.998566 0.0228736 0.0483937 -137.387 -0.0243778 0.999231 0.0307234 -12.0812 -0.0476537 -0.0318591 0.998356 171.298
0.997352 0.0231046 0.0689601 -137.304 -0.0251132 0.999281 0.0284025 -12.0644 -0.0682543 -0.0300591 0.997215 172.613
0.99576 0.0249624 0.0885402 -137.229 -0.0273584 0.999289 0.0259519 -12.0471 -0.0878294 -0.0282641 0.995735 173.879
0.993995 0.0253661 0.106441 -137.108 -0.0280722 0.999318 0.0240021 -12.0324 -0.10576 -0.0268461 0.994029 175.165
0.991619 0.0248464 0.126782 -136.947 -0.0277322 0.999394 0.0210473 -12.0272 -0.126182 -0.0243868 0.991707 176.497
0.989226 0.0264284 0.143993 -136.775 -0.0290011 0.999455 0.0157976 -12.0221 -0.143497 -0.0198033 0.989453 177.757
0.98633 0.0283671 0.162325 -136.568 -0.0303135 0.999495 0.0095261 -12.0282 -0.161972 -0.0143165 0.986691 179.108
0.983175 0.030588 0.180087 -136.323 -0.0317922 0.999487 0.00380362 -12.0316 -0.179878 -0.00946498 0.983643 180.482
0.979972 0.0324307 0.196476 -136.084 -0.0330436 0.999454 -0.000158505 -12.0565 -0.196373 -0.00633693 0.980509 181.798
0.97604 0.0349198 0.214772 -135.763 -0.0350111 0.999381 -0.00338042 -12.0774 -0.214757 -0.00421998 0.976658 183.213
0.971858 0.0341408 0.233079 -135.47 -0.0343062 0.999406 -0.00334557 -12.1003 -0.233055 -0.00474464 0.972452 184.542
0.967586 0.0328818 0.250392 -135.133 -0.033004 0.999448 -0.0037123 -12.128 -0.250376 -0.00467195 0.968138 185.895
0.96321 0.0325847 0.266769 -134.774 -0.0314666 0.999469 -0.00846614 -12.1665 -0.266903 -0.000239619 0.963723 187.257
0.95839 0.0341832 0.283407 -134.372 -0.0316946 0.999408 -0.0133632 -12.2023 -0.283696 0.0038247 0.958907 188.695
0.953498 0.0366023 0.299168 -133.964 -0.0341018 0.999326 -0.0135767 -12.2355 -0.299463 0.0027432 0.954104 189.989
0.947081 0.0382944 0.318702 -133.486 -0.0356883 0.999265 -0.0140148 -12.2821 -0.319005 0.00189926 0.947751 191.397
0.942108 0.0423662 0.332622 -133.084 -0.0389012 0.999097 -0.0170727 -12.3173 -0.333045 0.00314492 0.942906 192.697
0.93508 0.0433693 0.351775 -132.559 -0.0384956 0.999041 -0.0208409 -12.3712 -0.352341 0.00594616 0.935853 194.089
0.928553 0.0440137 0.368581 -132.079 -0.038042 0.999001 -0.0234568 -12.4179 -0.369245 0.00775932 0.9293 195.373
0.921005 0.0443839 0.387014 -131.442 -0.0360643 0.998936 -0.0287363 -12.4881 -0.387877 0.0125089 0.921626 196.869
0.91321 0.0474662 0.404716 -130.948 -0.0366617 0.998735 -0.0344101 -12.5544 -0.405838 0.0165861 0.913795 198.127
0.904021 0.0508106 0.424457 -130.334 -0.0381751 0.99854 -0.0382262 -12.6263 -0.42578 0.0183536 0.904641 199.457
0.892057 0.0538619 0.448702 -129.679 -0.0401619 0.998392 -0.0400011 -12.7056 -0.450135 0.0176625 0.892786 200.817
0.878744 0.0583361 0.473715 -128.993 -0.0432372 0.998151 -0.042713 -12.7963 -0.475331 0.0170517 0.879642 202.163
0.864543 0.0626449 0.498639 -128.255 -0.0456623 0.997888 -0.0461968 -12.8879 -0.50048 0.0171701 0.865578 203.486
0.849475 0.0664703 0.523426 -127.532 -0.0475076 0.997639 -0.0495903 -12.9827 -0.525486 0.017259 0.850627 204.768
0.835002 0.0679626 0.546033 -126.738 -0.0473249 0.997536 -0.0517894 -13.0803 -0.548207 0.0174033 0.836161 205.992
0.81803 0.0689847 0.571024 -125.875 -0.0461041 0.997451 -0.0544538 -13.1862 -0.573325 0.0182183 0.819125 207.302
0.803908 0.0711375 0.590484 -125.035 -0.044849 0.997245 -0.0590823 -13.2967 -0.59306 0.0210141 0.804884 208.47
0.787006 0.07391 0.612502 -124.106 -0.0434269 0.996972 -0.0645043 -13.422 -0.615415 0.0241663 0.787833 209.736
0.77031 0.0757528 0.633154 -123.122 -0.0417684 0.99678 -0.068442 -13.5529 -0.6363 0.0262757 0.770994 210.96
0.754456 0.0772957 0.651784 -122.204 -0.0402871 0.996623 -0.0715571 -13.6779 -0.655113 0.0277282 0.755022 212.082
0.738611 0.0779088 0.669615 -121.169 -0.0384807 0.996552 -0.0735019 -13.8179 -0.673033 0.028522 0.739062 213.277
0.72238 0.0780862 0.687074 -120.119 -0.0361713 0.99651 -0.0752239 -13.9556 -0.69055 0.0294878 0.722683 214.397
0.70853 0.0787804 0.70127 -119.12 -0.0340118 0.996406 -0.077572 -14.0921 -0.704861 0.0311106 0.708663 215.44
0.69217 0.0802258 0.717262 -117.892 -0.0308899 0.996185 -0.0816141 -14.2531 -0.721073 0.0343347 0.692008 216.641
0.678786 0.0822823 0.729712 -116.84 -0.0289549 0.995929 -0.0853668 -14.4029 -0.733765 0.0368171 0.678405 217.637
0.663748 0.0851994 0.743088 -115.726 -0.0283986 0.995645 -0.0887901 -14.5596 -0.747417 0.0378317 0.663278 218.676
0.648927 0.0848697 0.756103 -114.618 -0.0266178 0.995683 -0.0889169 -14.7122 -0.760385 0.0375747 0.648384 219.636
0.632423 0.0866858 0.769757 -113.433 -0.0276793 0.995613 -0.0893795 -14.8817 -0.774128 0.0352193 0.632048 220.651
0.615834 0.0875091 0.783001 -112.269 -0.0297544 0.995687 -0.0878772 -15.0437 -0.787314 0.03082 0.615781 221.586
0.596602 0.0883018 0.797664 -111.095 -0.0319932 0.995755 -0.0863017 -15.2031 -0.801899 0.0259679 0.596895 222.524
0.577756 0.0898523 0.811249 -109.832 -0.0338693 0.995705 -0.0861612 -15.3778 -0.815507 0.0223037 0.578318 223.507
0.559118 0.093053 0.82385 -108.65 -0.0358319 0.995465 -0.088119 -15.5427 -0.828314 0.0197488 0.559917 224.332
0.543415 0.0966476 0.833882 -107.457 -0.0385192 0.995175 -0.0902398 -15.7073 -0.83858 0.0169172 0.544516 225.143
0.52365 0.0973376 0.846355 -106.231 -0.0394736 0.995157 -0.0900283 -15.8811 -0.851019 0.0137346 0.524956 225.934
0.501791 0.0959604 0.85965 -104.961 -0.0393206 0.995331 -0.0881541 -16.0457 -0.864095 0.010433 0.503221 226.692
0.481029 0.0939203 0.871659 -103.757 -0.0390427 0.995554 -0.0857239 -16.1997 -0.875835 0.00720373 0.482557 227.418
0.460198 0.0927684 0.882957 -102.52 -0.0396693 0.995681 -0.0839362 -16.3616 -0.88693 0.00360102 0.46189 228.082
0.436866 0.0909807 0.894914 -101.255 -0.0381267 0.995851 -0.0826302 -16.5111 -0.898718 0.0019782 0.438522 228.752
0.417265 0.0909023 0.904227 -100.027 -0.0381737 0.99586 -0.0824985 -16.661 -0.907983 -9.39682e-05 0.419007 229.329
0.395982 0.0909617 0.913742 -98.734 -0.0366409 0.995854 -0.0832571 -16.8166 -0.917527 -0.000511918 0.397674 229.913
0.375448 0.0907348 0.922391 -97.5087 -0.0333591 0.995875 -0.0843848 -16.9619 -0.926243 0.000911949 0.376926 230.447
0.354678 0.0902788 0.93062 -96.2661 -0.0315992 0.995916 -0.08457 -17.1112 -0.934454 0.000588269 0.356083 230.918
0.333342 0.0881384 0.938677 -94.9764 -0.0280092 0.996107 -0.0835843 -17.2562 -0.94239 0.0015705 0.334513 231.4
0.313012 0.0874697 0.945713 -93.7381 -0.0248951 0.996164 -0.0838961 -17.3974 -0.949423 0.00271682 0.313988 231.845
0.295275 0.0925478 0.95092 -92.472 -0.0263771 0.995708 -0.0887163 -17.548 -0.955048 0.00111315 0.296448 232.243
0.2736 0.101492 0.956474 -91.25 -0.0287929 0.994836 -0.0973261 -17.7005 -0.961412 -0.000911203 0.27511 232.61
0.255334 0.109406 0.960643 -90.0068 -0.0317464 0.99399 -0.104766 -17.8661 -0.966332 -0.00374664 0.257273 232.986
0.235884 0.113364 0.965146 -88.7965 -0.0333918 0.993531 -0.108537 -18.0244 -0.971207 -0.00662577 0.238144 233.263
0.215934 0.114408 0.969682 -87.5478 -0.035835 0.993371 -0.109223 -18.1948 -0.97575 -0.0111634 0.218603 233.577
0.197035 0.114713 0.973662 -86.3076 -0.0382072 0.993275 -0.109292 -18.3607 -0.979652 -0.0156666 0.200092 233.844
0.17643 0.114503 0.977631 -85.1222 -0.0411625 0.9932 -0.108898 -18.5253 -0.983452 -0.0210288 0.179944 234.076
0.15732 0.11334 0.981022 -83.8937 -0.040053 0.993307 -0.108337 -18.6883 -0.986735 -0.0222494 0.160806 234.296
0.139794 0.113143 0.983695 -82.6767 -0.0408451 0.993264 -0.108439 -18.8479 -0.989338 -0.0250199 0.143474 234.5
0.120913 0.113548 0.986147 -81.481 -0.038833 0.993217 -0.109601 -19.0125 -0.991903 -0.0250429 0.124503 234.631
0.101839 0.116945 0.987903 -80.2831 -0.0429682 0.992657 -0.113078 -19.1701 -0.993873 -0.0309327 0.106116 234.79
0.0827279 0.117885 0.989575 -79.1175 -0.0456777 0.992384 -0.114401 -19.3403 -0.995525 -0.0357374 0.0874825 234.89
0.0654252 0.115738 0.991123 -77.9261 -0.0439242 0.992622 -0.113013 -19.4943 -0.99689 -0.0361403 0.0700261 235.009
0.049648 0.111781 0.992492 -76.7588 -0.0411205 0.993104 -0.109793 -19.6576 -0.99792 -0.0353607 0.0539021 235.073
0.0362285 0.107346 0.993561 -75.6001 -0.03988 0.993577 -0.105894 -19.8068 -0.998547 -0.0357869 0.0402768 235.136
0.0240559 0.104687 0.994214 -74.4621 -0.036849 0.993919 -0.103764 -19.9533 -0.999031 -0.0341397 0.0277673 235.179
0.0135411 0.10371 0.994515 -73.3321 -0.0365483 0.993993 -0.103158 -20.1007 -0.99924 -0.034951 0.0172502 235.204
0.00437866 0.106008 0.994356 -72.2244 -0.0381167 0.99366 -0.105766 -20.2533 -0.999264 -0.0374384 0.00839159 235.21
-0.00182017 0.108172 0.99413 -71.1181 -0.0380588 0.993404 -0.108163 -20.3917 -0.999274 -0.0380322 0.00230874 235.236
-0.00755251 0.11236 0.993639 -70.0298 -0.0378597 0.992923 -0.112567 -20.5319 -0.999255 -0.038469 -0.00324514 235.25
-0.0131134 0.119577 0.992738 -68.9712 -0.0388241 0.992014 -0.120002 -20.6944 -0.99916 -0.0401158 -0.00836621 235.251
-0.0169502 0.12291 0.992273 -67.9194 -0.0417464 0.991463 -0.123523 -20.8411 -0.998984 -0.0435176 -0.0116745 235.236
-0.0217478 0.115003 0.993127 -66.8365 -0.0393601 0.992493 -0.115791 -20.9863 -0.998988 -0.0416078 -0.0170581 235.257
-0.0252549 0.105369 0.994112 -65.7565 -0.0365256 0.993668 -0.10625 -21.1269 -0.999014 -0.0389939 -0.0212463 235.26
-0.025856 0.101582 0.994491 -64.7151 -0.035601 0.994099 -0.102467 -21.2596 -0.999032 -0.0380543 -0.022087 235.233
-0.0254463 0.102989 0.994357 -63.7075 -0.0366385 0.993915 -0.103881 -21.3889 -0.999005 -0.0390751 -0.0215181 235.221
-0.0247089 0.106312 0.994026 -62.671 -0.0370721 0.993548 -0.107183 -21.523 -0.999007 -0.039499 -0.0206082 235.214
-0.0224275 0.108331 0.993862 -61.6558 -0.0392974 0.993248 -0.109151 -21.6563 -0.998976 -0.0415041 -0.018019 235.201
-0.0219107 0.10931 0.993766 -60.6463 -0.040272 0.993102 -0.110125 -21.7848 -0.998948 -0.0424338 -0.0173574 235.223
-0.018217 0.110293 0.993732 -59.6427 -0.042436 0.992916 -0.110981 -21.9184 -0.998933 -0.0441918 -0.0134075 235.207
-0.0142202 0.111793 0.99363 -58.6364 -0.0446009 0.99267 -0.112323 -22.0508 -0.998904 -0.0459141 -0.00912996 235.22
-0.00993002 0.11268 0.993582 -57.6553 -0.0467465 0.992492 -0.113023 -22.1786 -0.998857 -0.0475688 -0.00458808 235.228
-0.00337391 0.112307 0.993668 -56.6548 -0.0477699 0.992521 -0.11234 -22.3092 -0.998853 -0.0478464 0.00201622 235.241
0.00361062 0.110334 0.993888 -55.6301 -0.0463156 0.992846 -0.11005 -22.4435 -0.99892 -0.0456352 0.00869498 235.274
0.0116157 0.109819 0.993884 -54.6676 -0.0443221 0.99303 -0.109207 -22.5723 -0.99895 -0.0427825 0.0164021 235.287
0.0195226 0.110535 0.99368 -53.6804 -0.0440284 0.993001 -0.109595 -22.6984 -0.998839 -0.0416105 0.0242527 235.337
0.025459 0.110354 0.993566 -52.7157 -0.0433489 0.993075 -0.109189 -22.8239 -0.998736 -0.0402902 0.0300665 235.373
0.0332786 0.10962 0.993416 -51.7477 -0.0453143 0.99311 -0.108068 -22.9469 -0.998418 -0.0414196 0.0380167 235.422
0.0384183 0.107723 0.993438 -50.7682 -0.0455752 0.993327 -0.105948 -23.0689 -0.998222 -0.0412058 0.0430714 235.481
0.0455449 0.105602 0.993365 -49.8202 -0.0448649 0.99361 -0.103571 -23.1893 -0.997954 -0.0398501 0.0499917 235.542
0.0529154 0.106161 0.99294 -48.8336 -0.0455032 0.993557 -0.103801 -23.3109 -0.997562 -0.0396892 0.0574051 235.602
0.0588507 0.108329 0.992372 -47.8648 -0.0453122 0.99336 -0.10575 -23.4356 -0.997238 -0.0387431 0.0633686 235.675
0.0663093 0.110041 0.991713 -46.899 -0.0455344 0.993198 -0.107161 -23.5511 -0.99676 -0.0380513 0.070869 235.752
0.0731129 0.111723 0.991046 -45.9312 -0.0469305 0.99299 -0.10848 -23.678 -0.996219 -0.038579 0.0778436 235.827
0.0794955 0.112641 0.990451 -44.9971 -0.0493928 0.99282 -0.108946 -23.7931 -0.995611 -0.0402604 0.0844884 235.918
0.0868714 0.112133 0.989889 -44.0329 -0.0500412 0.992882 -0.10808 -23.9145 -0.994962 -0.0401461 0.0918643 236.013
0.0937247 0.109931 0.98951 -43.0819 -0.0512397 0.993101 -0.105476 -24.0347 -0.994279 -0.0408165 0.0987109 236.112
0.0990866 0.107684 0.989235 -42.1424 -0.0508312 0.993377 -0.103044 -24.1514 -0.99378 -0.0400737 0.103904 236.224
0.106813 0.107221 0.988481 -41.185 -0.0505987 0.993467 -0.102294 -24.2717 -0.992991 -0.0390895 0.11154 236.342
0.112908 0.108436 0.987671 -40.2625 -0.0509322 0.993352 -0.103237 -24.3857 -0.992299 -0.0386479 0.11768 236.458
0.120914 0.109374 0.986619 -39.3038 -0.049753 0.99333 -0.104021 -24.5027 -0.991416 -0.0365097 0.125549 236.588
0.12973 0.110507 0.985372 -38.3841 -0.0478262 0.993311 -0.1051 -24.6175 -0.990395 -0.0334919 0.134148 236.72
0.138706 0.112394 0.983935 -37.4657 -0.047281 0.993158 -0.106782 -24.733 -0.989204 -0.0317101 0.143071 236.853
0.148594 0.113847 0.982323 -36.53 -0.0484875 0.992995 -0.107749 -24.8532 -0.987709 -0.0316195 0.153073 237.01
0.154577 0.113068 0.981489 -35.6075 -0.0505647 0.993033 -0.106434 -24.9697 -0.986686 -0.0331764 0.159218 237.167
