1 8.43646e-10 8.78481e-13 0 3.29294e-10 1 1.62786e-10 3.72529e-09 -1.92121e-13 5.46116e-11 1 0
0.999998 -0.00194346 -0.000890563 -0.000590081 0.00194603 0.999994 0.00289272 -0.0410365 0.000884935 -0.00289445 0.999995 1.53131
0.999998 -0.00193104 -0.000974963 0.00147874 0.00193499 0.99999 0.00406525 -0.076808 0.000967103 -0.00406712 0.999991 3.08103
0.999997 -0.000473497 -0.00258565 -0.0180783 0.000484605 0.999991 0.00429683 -0.10251 0.00258359 -0.00429806 0.999987 4.60928
0.999993 0.000140977 -0.003689 -0.0223608 -0.000126634 0.999992 0.00388823 -0.127562 0.00368952 -0.00388774 0.999986 6.14443
0.999981 0.000175933 -0.00613728 -0.0499833 -0.000147881 0.99999 0.00457067 -0.154048 0.00613802 -0.00456968 0.999971 7.67064
0.999971 -0.00036019 -0.00759358 -0.0723084 0.000397085 0.999988 0.00485786 -0.178071 0.00759174 -0.00486074 0.999959 9.18484
0.999966 -0.00180835 -0.00801119 -0.0812222 0.00184405 0.999988 0.00445062 -0.204926 0.00800304 -0.00446524 0.999958 10.689
0.999945 -0.00278949 -0.0100778 -0.0996621 0.00283662 0.999985 0.00466576 -0.226439 0.0100646 -0.00469409 0.999938 12.1931
0.999939 -0.00275267 -0.0106776 -0.115047 0.00280469 0.999984 0.00485964 -0.254762 0.0106641 -0.00488929 0.999931 13.684
0.999918 -0.00207199 -0.0126695 -0.128002 0.00213513 0.999985 0.00497226 -0.27919 0.0126591 -0.0049989 0.999907 15.1845
0.999914 -0.00101618 -0.0130612 -0.1553 0.00108894 0.999984 0.00556525 -0.305346 0.0130554 -0.00557899 0.999899 16.6412
0.999891 0.000790197 -0.0147471 -0.193868 -0.000698012 0.99998 0.00625511 -0.326361 0.0147518 -0.00624414 0.999872 18.1662
0.999903 0.00143987 -0.0138836 -0.197477 -0.00134317 0.999975 0.00697214 -0.348731 0.0138933 -0.00695281 0.999879 19.6644
0.99989 0.00225829 -0.0146804 -0.237586 -0.00215064 0.999971 0.007345 -0.372249 0.0146966 -0.00731262 0.999865 21.1042
0.999877 0.00288944 -0.0154042 -0.270764 -0.00277991 0.999971 0.00712652 -0.393022 0.0154243 -0.00708283 0.999856 22.6269
0.999871 0.003989 -0.0155327 -0.315184 -0.00386195 0.999959 0.00820089 -0.410872 0.0155647 -0.00813985 0.999846 24.0694
0.999883 0.00411492 -0.0147429 -0.332418 -0.00398139 0.999951 0.00907488 -0.43085 0.0147795 -0.00901512 0.99985 25.4628
0.999876 0.00440984 -0.015133 -0.365282 -0.00428776 0.999958 0.00808982 -0.450695 0.015168 -0.00802393 0.999853 26.9682
0.999875 0.0049696 -0.0150246 -0.400094 -0.00487888 0.99997 0.00606916 -0.471442 0.0150543 -0.0059951 0.999869 28.3973
0.999891 0.00347451 -0.0143394 -0.425576 -0.00338747 0.999976 0.00608984 -0.493776 0.0143602 -0.0060406 0.999879 29.8121
0.999902 0.00210191 -0.0138724 -0.458067 -0.00198204 0.999961 0.00864857 -0.514141 0.01389 -0.00862023 0.999866 31.2882
0.999895 0.000523692 -0.0144931 -0.481571 -0.000376007 0.999948 0.0101908 -0.53235 0.0144977 -0.0101843 0.999843 32.7026
0.999912 -0.000223317 -0.013275 -0.509432 0.000352429 0.999953 0.00972435 -0.552329 0.0132722 -0.00972817 0.999865 34.1022
0.999916 -4.39644e-05 -0.0129561 -0.541487 0.00015001 0.999967 0.00818409 -0.57153 0.0129553 -0.00818535 0.999883 35.4823
0.999923 0.000514705 -0.0124214 -0.562349 -0.000425999 0.999974 0.00714288 -0.589805 0.0124248 -0.00713704 0.999897 36.9027
0.999927 0.00110417 -0.012028 -0.591893 -0.00102679 0.999979 0.00643787 -0.617463 0.0120349 -0.00642506 0.999907 38.2611
0.999947 0.00208915 -0.0100896 -0.609957 -0.00201206 0.999969 0.00764479 -0.637729 0.0101052 -0.00762408 0.99992 39.6056
0.999961 0.00182678 -0.00866708 -0.643171 -0.0017459 0.999955 0.00933078 -0.657935 0.00868374 -0.00931528 0.999919 40.9269
0.99998 0.00134619 -0.00626563 -0.658678 -0.00127879 0.999941 0.0107495 -0.681382 0.00627973 -0.0107413 0.999923 42.2313
0.99999 0.00189951 -0.00411958 -0.663409 -0.00185283 0.999934 0.0113049 -0.699129 0.00414079 -0.0112971 0.999928 43.5168
0.999997 0.00134481 -0.00186963 -0.677479 -0.00132451 0.999941 0.0108173 -0.71678 0.00188406 -0.0108148 0.99994 44.7908
0.999997 0.00090012 0.00227729 -0.688337 -0.000921144 0.999957 0.00924795 -0.736301 -0.00226887 -0.00925002 0.999955 46.0514
0.999978 0.0011428 0.00654853 -0.67953 -0.00119349 0.999969 0.00774225 -0.756606 -0.00653948 -0.0077499 0.999949 47.3003
0.999957 0.00114287 0.00920587 -0.682094 -0.00121477 0.999969 0.00780882 -0.774978 -0.00919666 -0.00781967 0.999927 48.5044
0.999882 0.00127208 0.0153385 -0.667524 -0.00139626 0.999966 0.00808808 -0.797323 -0.0153276 -0.00810854 0.99985 49.7378
0.999764 0.00314423 0.0215114 -0.648628 -0.0032996 0.999969 0.00719138 -0.815886 -0.0214881 -0.00726066 0.999743 50.9414
0.99952 0.0050245 0.0305571 -0.622172 -0.0052542 0.999959 0.00744151 -0.833682 -0.0305184 -0.0075985 0.999505 52.1288
0.999284 0.00570247 0.0374046 -0.584664 -0.00602414 0.999946 0.00849272 -0.85158 -0.0373541 -0.00871197 0.999264 53.2934
0.998814 0.00770676 0.0480832 -0.539411 -0.00813421 0.999929 0.00870058 -0.869055 -0.0480127 -0.00908138 0.998806 54.4466
0.998068 0.0101079 0.0613066 -0.48697 -0.0106704 0.999904 0.00885486 -0.886777 -0.0612112 -0.00949191 0.99808 55.6019
0.997044 0.0123669 0.075833 -0.403158 -0.0131101 0.999871 0.00930983 -0.904714 -0.0757081 -0.0102765 0.997077 56.7145
0.995627 0.0140567 0.0923595 -0.311162 -0.0150607 0.999835 0.0101825 -0.920107 -0.0922011 -0.011529 0.995674 57.884
0.993912 0.014406 0.109227 -0.200967 -0.0157566 0.99981 0.0115127 -0.93492 -0.10904 -0.0131637 0.99395 58.9994
0.991493 0.0137611 0.129432 -0.0794001 -0.0152913 0.999824 0.0108359 -0.952858 -0.129261 -0.012723 0.991529 60.0722
0.9886 0.0127089 0.150028 0.0887712 -0.01432 0.999851 0.00966281 -0.965106 -0.149883 -0.0117011 0.988635 61.1656
0.985183 0.00995347 0.171216 0.261487 -0.0117478 0.999886 0.00946989 -0.976242 -0.171103 -0.011341 0.985188 62.2447
0.981068 0.00461768 0.193606 0.469315 -0.0069432 0.999912 0.0113348 -0.993996 -0.193537 -0.0124644 0.981014 63.2856
0.976568 -0.000988229 0.215209 0.693431 -0.00181098 0.999916 0.0128094 -1.00257 -0.215204 -0.012899 0.976484 64.3123
0.970887 -0.00666959 0.239443 0.933858 0.00380631 0.999916 0.0124185 -1.01486 -0.239506 -0.0111456 0.970831 65.3233
0.964244 -0.0120296 0.264742 1.22331 0.0094425 0.999894 0.0110425 -1.03452 -0.264847 -0.00814788 0.964256 66.3329
0.956603 -0.0159515 0.290959 1.51175 0.0131272 0.999846 0.0116566 -1.04293 -0.2911 -0.0073313 0.956665 67.3021
0.947745 -0.018928 0.318469 1.85449 0.0153023 0.999787 0.0138827 -1.05148 -0.318663 -0.00828395 0.947832 68.2763
0.93824 -0.0241394 0.345142 2.18989 0.0196821 0.999672 0.0164134 -1.05758 -0.345425 -0.00860659 0.938407 69.184
0.926991 -0.0274691 0.374077 2.55611 0.0229638 0.9996 0.0164964 -1.07112 -0.37438 -0.00670177 0.927251 70.1156
0.914834 -0.027431 0.402899 2.94011 0.0244888 0.999623 0.0124534 -1.07424 -0.403088 -0.00152626 0.91516 70.9888
0.90179 -0.0278056 0.43128 3.37002 0.0271274 0.999602 0.00772433 -1.08873 -0.431323 0.00473377 0.902185 71.8658
0.887321 -0.0298409 0.460185 3.80974 0.0307412 0.999512 0.00553897 -1.10106 -0.460126 0.00923182 0.887806 72.7167
0.87105 -0.0309345 0.490219 4.28894 0.0307513 0.999492 0.00843068 -1.11547 -0.490231 0.00773132 0.871558 73.5693
0.853888 -0.0301526 0.519582 4.79248 0.0269463 0.999543 0.0137219 -1.12093 -0.519758 0.00228385 0.85431 74.3856
0.832629 -0.0311472 0.552955 5.31159 0.0263653 0.999515 0.0166008 -1.12247 -0.553203 0.000756547 0.833046 75.1762
0.812599 -0.0254432 0.582267 5.81846 0.0221034 0.999673 0.0128354 -1.1365 -0.582403 0.00244009 0.812896 75.9378
0.790697 -0.018136 0.61194 6.42941 0.018098 0.999817 0.00624676 -1.14745 -0.611941 0.00613557 0.79088 76.7088
0.767402 -0.0155787 0.640977 6.9951 0.0167323 0.999851 0.00426847 -1.15637 -0.640948 0.00744936 0.767548 77.3849
0.743898 -0.0185405 0.668036 7.61478 0.0185757 0.999803 0.00706313 -1.16968 -0.668035 0.00715501 0.744095 78.0781
0.719115 -0.0193863 0.69462 8.24735 0.0197578 0.999777 0.00744842 -1.17596 -0.69461 0.0083679 0.719338 78.7404
0.693641 -0.0178366 0.7201 8.90815 0.0201601 0.999783 0.00534478 -1.19994 -0.720038 0.0108099 0.69385 79.3845
0.667779 -0.015211 0.744205 9.5811 0.0193455 0.999808 0.00307645 -1.21188 -0.744109 0.0123427 0.667945 79.9722
0.641307 -0.0130011 0.767174 10.2638 0.0180223 0.999836 0.00187843 -1.22028 -0.767072 0.0126216 0.641436 80.5439
0.612232 -0.0120574 0.790587 10.9822 0.0189603 0.99982 0.000565617 -1.23327 -0.790451 0.0146434 0.61235 81.1195
0.58246 -0.00622579 0.812836 11.7295 0.0181317 0.999821 -0.0053348 -1.25492 -0.812657 0.0178454 0.582469 81.6513
0.554183 0.00313699 0.832389 12.4725 0.0160575 0.999767 -0.0144585 -1.27711 -0.83224 0.0213787 0.554003 82.1455
0.522099 0.0112725 0.852811 13.2464 0.0146624 0.999646 -0.0221898 -1.30893 -0.852759 0.0240896 0.521749 82.5998
0.490619 0.0158337 0.871231 14.0588 0.0126488 0.9996 -0.0252897 -1.33905 -0.871283 0.0234276 0.490222 83.0696
0.458663 0.0159265 0.888468 14.871 0.0103512 0.999676 -0.0232637 -1.37023 -0.88855 0.0198669 0.45835 83.5045
0.424816 0.0143162 0.905167 15.7181 0.00703136 0.999793 -0.0191128 -1.40298 -0.905252 0.014484 0.424627 83.9056
0.388814 0.0151778 0.921191 16.5826 0.0023957 0.999844 -0.0174849 -1.43709 -0.921313 0.00900527 0.388718 84.2886
0.354043 0.017559 0.935064 17.438 -0.00416202 0.999843 -0.0171996 -1.46994 -0.93522 0.00219763 0.354061 84.6223
0.318142 0.0200764 0.947831 18.3474 -0.0100811 0.999791 -0.0177932 -1.49758 -0.94799 -0.00389445 0.318277 84.9313
0.281213 0.019305 0.959451 19.2564 -0.0123146 0.999788 -0.0165072 -1.52683 -0.959566 -0.00717324 0.281391 85.2092
0.245264 0.0186942 0.969276 20.167 -0.0130074 0.999788 -0.0159913 -1.55734 -0.969369 -0.00868567 0.245455 85.4397
0.207555 0.0176892 0.978064 21.1123 -0.0121391 0.999806 -0.0155064 -1.5923 -0.978148 -0.0086544 0.20773 85.6497
0.171535 0.0169 0.985033 22.0711 -0.00979254 0.999833 -0.0154486 -1.61605 -0.985129 -0.006996 0.171672 85.8193
0.136314 0.015578 0.990543 23.0205 -0.0022229 0.999879 -0.0154189 -1.64965 -0.990663 -0.000100066 0.136332 85.9279
0.10256 0.0185185 0.994555 23.9436 0.000491185 0.999826 -0.0186673 -1.68647 -0.994727 0.00240302 0.102533 86.0263
0.0694721 0.0243922 0.997286 24.9458 0.00102576 0.999699 -0.0245227 -1.70844 -0.997583 0.00272662 0.0694262 86.0772
0.0410342 0.0269052 0.998796 25.9083 0.00637051 0.99961 -0.0271889 -1.76049 -0.999137 0.00747851 0.0408468 86.1063
0.0129257 0.0260453 0.999577 26.8879 0.00974504 0.99961 -0.0261722 -1.79693 -0.999869 0.0100792 0.0126668 86.1285
-0.00815178 0.0231338 0.999699 27.8833 0.0111709 0.999672 -0.0230421 -1.82756 -0.999904 0.0109797 -0.00840753 86.1183
-0.0281337 0.0211683 0.99938 28.8435 0.0131125 0.999698 -0.0208059 -1.86224 -0.999518 0.012519 -0.0284027 86.1055
-0.0458532 0.0231716 0.99868 29.8242 0.0143063 0.999644 -0.0225371 -1.9042 -0.998846 0.013254 -0.0461683 86.0686
-0.0609369 0.0283789 0.997738 30.8407 0.0170044 0.99948 -0.0273899 -1.94166 -0.997997 0.0152968 -0.0613878 85.9785
-0.0724941 0.0326043 0.996836 31.8002 0.0202366 0.999308 -0.0312135 -1.98372 -0.997164 0.0179098 -0.0731038 85.8999
-0.0823719 0.0371652 0.995909 32.8264 0.0270445 0.99902 -0.0350445 -2.03121 -0.996235 0.0240472 -0.0832962 85.8132
-0.0884984 0.0417855 0.9952 33.8028 0.0300848 0.998776 -0.0392603 -2.08208 -0.995622 0.0264659 -0.0896472 85.7115
-0.0912235 0.0469221 0.994725 34.8064 0.0320081 0.998511 -0.0441654 -2.13534 -0.995316 0.0278103 -0.0925896 85.5961
-0.0961212 0.0506413 0.994081 35.8139 0.0338786 0.998293 -0.0475801 -2.19783 -0.994793 0.0291046 -0.0976728 85.5037
-0.0969138 0.0536044 0.993848 36.7917 0.0344023 0.998132 -0.0504807 -2.25758 -0.994698 0.0292984 -0.0985769 85.4045
-0.10121 0.0572218 0.993218 37.8182 0.0356526 0.997912 -0.0538592 -2.32512 -0.994226 0.0299598 -0.103039 85.3022
-0.101462 0.0607472 0.992983 38.8365 0.0361694 0.997699 -0.05734 -2.39645 -0.994182 0.0300977 -0.103425 85.1872
-0.104179 0.0619236 0.992629 39.85 0.0387252 0.997556 -0.0581666 -2.46986 -0.993804 0.03238 -0.106323 85.0711
-0.106914 0.0613759 0.992372 40.8329 0.0392816 0.997574 -0.0574656 -2.53656 -0.993492 0.032838 -0.109066 84.9554
-0.107753 0.0606867 0.992324 41.8711 0.0390456 0.997624 -0.0567709 -2.61074 -0.993411 0.0326286 -0.109867 84.8599
-0.109914 0.0616843 0.992025 42.9061 0.0384672 0.997589 -0.0577682 -2.68664 -0.993196 0.0318109 -0.112022 84.731
-0.112625 0.0636756 0.991595 43.9078 0.0371395 0.997517 -0.0598376 -2.756 -0.992943 0.0300882 -0.11471 84.5987
-0.115639 0.0660983 0.99109 44.9647 0.0355554 0.997419 -0.0623719 -2.83638 -0.992655 0.028026 -0.11769 84.4719
-0.118739 0.0696631 0.990479 45.977 0.034013 0.997236 -0.0660608 -2.91198 -0.992343 0.0258452 -0.12078 84.3803
-0.119781 0.0733552 0.990087 47.0327 0.0293929 0.997092 -0.0703182 -2.99648 -0.992365 0.0206787 -0.121589 84.2294
-0.123426 0.0754868 0.989479 48.0758 0.027162 0.996986 -0.0726714 -3.08154 -0.991982 0.0179067 -0.125104 84.097
-0.125388 0.074207 0.989329 49.1079 0.0255487 0.99711 -0.0715526 -3.17266 -0.991779 0.0163042 -0.126922 83.9879
-0.128153 0.0707198 0.98923 50.1696 0.0230816 0.997397 -0.0683135 -3.25331 -0.991486 0.0140784 -0.129452 83.8507
-0.130529 0.0682337 0.989094 51.2407 0.0226463 0.997574 -0.0658301 -3.34419 -0.991186 0.0138066 -0.131757 83.7112
-0.132326 0.0689234 0.988807 52.2863 0.0226067 0.99753 -0.0665061 -3.42661 -0.990948 0.0135531 -0.133557 83.5777
-0.133439 0.071669 0.988462 53.3522 0.0237912 0.997326 -0.0690999 -3.51317 -0.990771 0.0142961 -0.134787 83.4433
-0.133498 0.0739935 0.988283 54.4339 0.0236379 0.997163 -0.0714653 -3.60218 -0.990767 0.0138205 -0.134868 83.2761
-0.13387 0.0747424 0.988176 55.4875 0.02268 0.997122 -0.0723465 -3.69255 -0.990739 0.0127268 -0.13518 83.1432
-0.132766 0.0736329 0.988409 56.5724 0.0198455 0.997234 -0.0716247 -3.78204 -0.990949 0.0101062 -0.13386 83
-0.133677 0.0728977 0.98834 57.6534 0.0163217 0.997318 -0.0713523 -3.87324 -0.990891 0.00659324 -0.134508 82.8755
-0.132451 0.0736318 0.988451 58.7273 0.0119874 0.997283 -0.0726835 -3.9662 -0.991117 0.00222193 -0.132974 82.7246
-0.132713 0.073797 0.988403 59.8225 0.00785096 0.997271 -0.073405 -4.05909 -0.991123 -0.0019819 -0.13293 82.5889
-0.132954 0.0729005 0.988438 60.9099 0.00438897 0.997325 -0.0729656 -4.15189 -0.991113 -0.00536281 -0.132918 82.4606
-0.13292 0.0683659 0.988766 62.0108 0.00424438 0.997648 -0.0684094 -4.2425 -0.991118 -0.00489631 -0.132898 82.3045
-0.132936 0.059982 0.989308 63.1241 0.00753484 0.998199 -0.0595086 -4.3274 -0.991096 -0.000456568 -0.133149 82.1612
-0.133637 0.0544386 0.989534 64.219 0.0144332 0.998491 -0.0529821 -4.40116 -0.990925 0.00720176 -0.134221 82.0396
-0.132209 0.0565155 0.98961 65.321 0.0213352 0.998304 -0.0541618 -4.48401 -0.990992 0.0139528 -0.133191 81.8492
-0.131445 0.0616592 0.989404 66.4296 0.0261511 0.997932 -0.0587164 -4.56114 -0.990979 0.018156 -0.132786 81.6858
-0.129575 0.0674042 0.989276 67.5409 0.0297739 0.997501 -0.0640648 -4.63485 -0.991123 0.0211534 -0.131258 81.5276
-0.128966 0.0704947 0.98914 68.6574 0.0302089 0.997286 -0.0671366 -4.73793 -0.991189 0.0212225 -0.130745 81.3679
-0.129741 0.069698 0.989096 69.7668 0.0284 0.997378 -0.0665564 -4.81051 -0.991141 0.0194552 -0.13138 81.2411
-0.128121 0.0651779 0.989615 70.9169 0.027689 0.997684 -0.0621246 -4.90006 -0.991372 0.0194419 -0.129629 81.1014
-0.128211 0.0623367 0.989786 72.0392 0.025713 0.997896 -0.0595168 -4.98239 -0.991414 0.0178197 -0.129544 80.9704
-0.128186 0.0633048 0.989728 73.1947 0.0235174 0.997874 -0.06078 -5.0647 -0.991471 0.0154847 -0.129402 80.8183
-0.12729 0.0671264 0.989592 74.3411 0.0237212 0.997628 -0.0646203 -5.15148 -0.991582 0.0152488 -0.12858 80.6737
-0.127339 0.0709231 0.989321 75.4998 0.0243585 0.997363 -0.0683644 -5.2443 -0.99156 0.0153929 -0.128731 80.5379
-0.127635 0.0691716 0.989406 76.595 0.0227483 0.997507 -0.0668034 -5.32998 -0.99156 0.0139809 -0.12889 80.3771
-0.125602 0.0632357 0.990063 77.7956 0.0261973 0.99783 -0.0604083 -5.42097 -0.991735 0.0183496 -0.126986 80.2322
-0.126492 0.0612254 0.990076 78.9784 0.0256822 0.997961 -0.0584318 -5.50872 -0.991635 0.0180362 -0.127807 80.0922
-0.126038 0.0638023 0.989972 80.1291 0.0230142 0.997849 -0.06138 -5.59235 -0.991758 0.0150472 -0.127235 79.9461
-0.126819 0.0669203 0.989666 81.2774 0.0217566 0.997669 -0.0646735 -5.67895 -0.991687 0.0133299 -0.12798 79.7975
-0.127468 0.0663614 0.98962 82.4598 0.0211226 0.997715 -0.0641835 -5.76759 -0.991618 0.012722 -0.128578 79.6558
-0.127421 0.0635811 0.989809 83.6235 0.0209295 0.997893 -0.0614061 -5.854 -0.991628 0.0128918 -0.128484 79.5046
-0.125771 0.0618593 0.990129 84.8349 0.0215777 0.997989 -0.0596095 -5.94667 -0.991825 0.0138675 -0.126853 79.35
-0.126258 0.0622524 0.990042 86.0304 0.0235318 0.997936 -0.0597478 -6.03225 -0.991718 0.0157538 -0.127463 79.2165
-0.126375 0.0623841 0.990019 87.2059 0.0255215 0.997895 -0.0596226 -6.11719 -0.991654 0.0177319 -0.127702 79.0781
-0.125959 0.0625199 0.990064 88.4023 0.02571 0.997883 -0.0597427 -6.20178 -0.991702 0.0179295 -0.127299 78.9165
-0.125084 0.0624137 0.990181 89.5944 0.0259042 0.997885 -0.059627 -6.29169 -0.991808 0.0181915 -0.126436 78.7719
-0.122426 0.0608149 0.990613 90.8067 0.0275389 0.997945 -0.0578616 -6.37853 -0.992096 0.0201966 -0.123849 78.6184
-0.123374 0.0599967 0.990545 92.0299 0.0259578 0.998024 -0.0572167 -6.46388 -0.992021 0.0186534 -0.124687 78.4755
-0.12127 0.0594099 0.99084 93.2269 0.0271103 0.998033 -0.0565232 -6.54811 -0.992249 0.0200074 -0.122642 78.3166
-0.118982 0.0599582 0.991085 94.4496 0.0253458 0.998033 -0.0573358 -6.63182 -0.992573 0.0182979 -0.120268 78.1793
-0.120219 0.0622614 0.990793 95.6884 0.025066 0.997904 -0.0596668 -6.72259 -0.992431 0.0176621 -0.121527 78.0216
-0.119744 0.0617622 0.990882 96.9255 0.0226599 0.997973 -0.0594658 -6.809 -0.992546 0.0153326 -0.120901 77.8716
-0.11693 0.0602385 0.991312 98.1542 0.0205368 0.998092 -0.0582282 -6.89569 -0.992928 0.0135497 -0.117944 77.7447
-0.118885 0.0606732 0.991053 99.393 0.0172707 0.998107 -0.0590332 -6.98671 -0.992758 0.0100981 -0.119707 77.5989
-0.119896 0.0601943 0.99096 100.647 0.0137245 0.998165 -0.0589715 -7.07549 -0.992692 0.00653005 -0.120502 77.4473
-0.12027 0.0579178 0.99105 101.896 0.012189 0.998308 -0.0568628 -7.16223 -0.992666 0.00524103 -0.120772 77.3242
-0.121282 0.0560938 0.991032 103.162 0.00969067 0.998421 -0.0553261 -7.24982 -0.992571 0.00289372 -0.121634 77.178
-0.123206 0.0555245 0.990827 104.412 0.00797504 0.998457 -0.0549604 -7.33694 -0.992349 0.00113045 -0.123458 77.0246
-0.125923 0.0553564 0.990494 105.673 0.00791247 0.998466 -0.054796 -7.42393 -0.992008 0.00093716 -0.126168 76.8816
-0.1288 0.0536761 0.990217 106.944 0.00643815 0.998558 -0.0532909 -7.52478 -0.99165 -0.000488689 -0.12896 76.6931
-0.130098 0.0502452 0.990227 108.148 0.00645616 0.998737 -0.0498287 -7.59279 -0.99148 -8.95547e-05 -0.130258 76.5747
-0.132818 0.0495604 0.989901 109.404 0.00536627 0.99877 -0.0492845 -7.67803 -0.991126 -0.00123379 -0.132921 76.43
-0.140613 0.0541372 0.988584 110.643 -0.000193818 0.998502 -0.0547079 -7.76465 -0.990065 -0.00788424 -0.140392 76.2417
-0.151847 0.057233 0.986746 111.889 -0.00432918 0.998274 -0.0585679 -7.85679 -0.988394 -0.0131652 -0.151338 75.9896
-0.158539 0.054232 0.985862 113.147 0.000777617 0.998497 -0.054802 -7.94687 -0.987352 -0.00792165 -0.158343 75.8557
-0.167124 0.0516172 0.984584 114.341 0.00401 0.998656 -0.0516743 -8.02717 -0.985928 -0.00468782 -0.167106 75.6786
-0.182455 0.0518019 0.981849 115.569 0.00330041 0.998638 -0.0520744 -8.12465 -0.983209 -0.00626076 -0.182378 75.4139
-0.196856 0.0518777 0.979059 116.768 0.00411303 0.998634 -0.052088 -8.20919 -0.980424 -0.00622693 -0.1968 75.1757
-0.210388 0.051354 0.976268 117.977 0.00637548 0.99867 -0.0511584 -8.27985 -0.977597 -0.00453892 -0.210435 74.9319
-0.225467 0.0523507 0.972844 119.169 0.0097279 0.998627 -0.0514836 -8.37375 -0.974202 -0.00214411 -0.225666 74.6776
-0.240312 0.056621 0.969043 120.383 0.010496 0.998391 -0.0557329 -8.45832 -0.970639 -0.00322222 -0.24052 74.3791
-0.258334 0.0588168 0.964264 121.548 0.00879121 0.998247 -0.0585344 -8.55147 -0.966016 -0.0066444 -0.258399 74.0419
-0.273453 0.0573518 0.960174 122.716 0.00553228 0.998298 -0.0580534 -8.64043 -0.961869 -0.0105629 -0.273305 73.7482
-0.289374 0.0519995 0.955803 123.893 -5.71568e-05 0.998523 -0.0543409 -8.72364 -0.957216 -0.0157795 -0.288944 73.4043
-0.303879 0.0488111 0.95146 125.107 -0.00226438 0.998647 -0.0519551 -8.80641 -0.952708 -0.0179425 -0.303357 73.0851
-0.31865 0.0486334 0.946624 126.213 -0.00587396 0.998562 -0.053279 -8.89351 -0.947854 -0.0225378 -0.317906 72.703
-0.333927 0.0509302 0.941222 127.33 -0.00592312 0.998406 -0.0561259 -8.97369 -0.94258 -0.0243169 -0.333093 72.3228
-0.348609 0.0525655 0.935793 128.5 -0.00456702 0.998319 -0.0577791 -9.0651 -0.937257 -0.0244161 -0.347782 71.901
-0.362054 0.05277 0.930662 129.58 -0.0027038 0.998333 -0.0576589 -9.15147 -0.932153 -0.023392 -0.361308 71.4915
-0.376865 0.050976 0.924865 130.725 -0.00264491 0.998421 -0.056108 -9.24041 -0.926264 -0.0235913 -0.376135 71.0452
-0.390299 0.0494338 0.91936 131.816 -0.00328686 0.998476 -0.0550833 -9.32706 -0.920683 -0.0245207 -0.389542 70.576
-0.404681 0.0506595 0.913054 132.899 -0.00458705 0.998339 -0.0574245 -9.40846 -0.914447 -0.0274268 -0.403776 70.1237
-0.419459 0.0523212 0.906265 133.989 -0.00418856 0.998215 -0.0595684 -9.49866 -0.907765 -0.0287824 -0.418491 69.6308
-0.434999 0.0543482 0.898789 135.075 -0.0025639 0.998098 -0.0615941 -9.58312 -0.900427 -0.0290978 -0.434032 69.1364
-0.44827 0.0570736 0.892075 136.134 -0.000235757 0.997952 -0.0639659 -9.67727 -0.893898 -0.0288843 -0.447338 68.5849
-0.46433 0.0602615 0.88361 137.207 -0.000264307 0.997673 -0.0681794 -9.77399 -0.885662 -0.0318913 -0.463233 68.0393
-0.479301 0.0614074 0.8755 138.24 -0.000930512 0.997513 -0.0704748 -9.86839 -0.87765 -0.0345933 -0.478052 67.4729
-0.49527 0.0596361 0.86669 139.333 -0.000741167 0.997612 -0.0690683 -9.97104 -0.868739 -0.0348498 -0.494043 66.8846
-0.509284 0.0560821 0.85877 140.386 -0.00362895 0.997726 -0.0673087 -10.0585 -0.860591 -0.0373957 -0.507922 66.2967
-0.525297 0.0550788 0.849135 141.441 -0.00460369 0.997704 -0.0675637 -10.1617 -0.850907 -0.0394002 -0.523837 65.6618
-0.541201 0.0540104 0.839157 142.444 -0.00648753 0.997637 -0.0683947 -10.2544 -0.840868 -0.0424593 -0.539572 65.0233
-0.557418 0.0533814 0.828515 143.498 -0.00647087 0.997621 -0.0686305 -10.3547 -0.830207 -0.0436171 -0.555746 64.3561
-0.572419 0.0523682 0.818287 144.51 -0.0083399 0.997535 -0.0696736 -10.4532 -0.819919 -0.046707 -0.570572 63.6569
-0.587441 0.0515316 0.807625 145.517 -0.00901871 0.997492 -0.0702062 -10.5562 -0.809217 -0.0485258 -0.585503 62.9501
-0.602043 0.0484452 0.796993 146.507 -0.0101953 0.99761 -0.0683412 -10.6565 -0.798399 -0.04927 -0.60011 62.2004
-0.616395 0.0458186 0.786103 147.507 -0.00954772 0.997797 -0.0656439 -10.7536 -0.787379 -0.0479681 -0.6146 61.4351
-0.63194 0.0437977 0.773779 148.494 -0.00881266 0.997931 -0.0636825 -10.8524 -0.774967 -0.0470626 -0.630246 60.6867
-0.646418 0.0430456 0.761769 149.468 -0.00871659 0.997926 -0.0637868 -10.9476 -0.762934 -0.047873 -0.644701 59.879
-0.661795 0.0422528 0.748493 150.414 -0.0117465 0.997704 -0.0667067 -11.0481 -0.749593 -0.0529384 -0.659779 59.0347
-0.676014 0.0420057 0.73569 151.335 -0.0139072 0.997469 -0.0697317 -11.1479 -0.736757 -0.057371 -0.673719 58.2181
-0.691874 0.0377971 0.721028 152.278 -0.0167402 0.997521 -0.0683546 -11.2522 -0.721824 -0.059363 -0.689526 57.3365
-0.70783 0.0332381 0.7056 153.207 -0.0178079 0.997735 -0.0648635 -11.3457 -0.706158 -0.0584776 -0.705635 56.476
-0.723807 0.0293363 0.689378 154.097 -0.0201224 0.997773 -0.0635873 -11.4493 -0.689709 -0.0598969 -0.721605 55.5541
-0.742232 0.0270836 0.669595 154.987 -0.0212234 0.997732 -0.0638817 -11.5467 -0.669806 -0.0616262 -0.739974 54.6492
-0.758309 0.0226024 0.651504 155.846 -0.025274 0.997628 -0.0640277 -11.6454 -0.651406 -0.0650189 -0.755939 53.676
-0.775225 0.0228227 0.631273 156.68 -0.0232117 0.997643 -0.064573 -11.7362 -0.631258 -0.0647115 -0.772868 52.7245
-0.790535 0.0213465 0.612045 157.459 -0.0241479 0.997529 -0.0659813 -11.8489 -0.611941 -0.0669401 -0.788066 51.7055
-0.805316 0.0237789 0.592369 158.237 -0.0189636 0.997651 -0.0658284 -11.9381 -0.592543 -0.0642461 -0.802973 50.6992
-0.819862 0.0244494 0.57204 158.995 -0.0152077 0.997806 -0.064443 -12.0484 -0.57236 -0.0615337 -0.817691 49.6607
-0.83349 0.0262913 0.551908 159.714 -0.0130731 0.997649 -0.0672681 -12.1492 -0.552379 -0.0632825 -0.831187 48.6009
-0.846354 0.0265662 0.531958 160.396 -0.0133194 0.997387 -0.0710014 -12.2572 -0.532455 -0.0671777 -0.843789 47.529
-0.859413 0.0268246 0.510579 161.068 -0.0110856 0.99741 -0.071061 -12.3614 -0.511163 -0.0667307 -0.85689 46.4519
-0.870736 0.0272707 0.490995 161.713 -0.0078139 0.997568 -0.069264 -12.4715 -0.491689 -0.0641472 -0.868405 45.3286
-0.880633 0.0282373 0.472957 162.335 -0.00603379 0.997473 -0.0707875 -12.5738 -0.473761 -0.0651916 -0.878237 44.2005
-0.89007 0.0305067 0.454801 162.913 -0.00342642 0.997282 -0.0736003 -12.694 -0.455811 -0.0670678 -0.887546 43.1028
-0.898189 0.0282223 0.438702 163.475 -0.00541372 0.997151 -0.075232 -12.8019 -0.439575 -0.0699476 -0.895478 41.9486
-0.906252 0.0261878 0.421926 164.041 -0.00623754 0.997142 -0.0752874 -12.908 -0.422692 -0.0708611 -0.903499 40.8143
-0.9132 0.0238563 0.406812 164.58 -0.00727977 0.997171 -0.0748176 -13.0283 -0.407446 -0.071285 -0.910443 39.6256
-0.919353 0.0226476 0.392782 165.083 -0.00739635 0.997171 -0.0748083 -13.1428 -0.393364 -0.0716804 -0.916584 38.4831
-0.924864 0.0188924 0.379828 165.58 -0.0099584 0.99722 -0.0738494 -13.2568 -0.380167 -0.0720832 -0.922105 37.2848
-0.930701 0.0154884 0.365454 166.083 -0.01117 0.997434 -0.0707192 -13.3651 -0.365611 -0.0699005 -0.928139 36.0915
-0.935337 0.0111427 0.353584 166.54 -0.0133747 0.997675 -0.0668205 -13.4703 -0.353506 -0.0672288 -0.933013 34.9061
-0.939427 0.0129431 0.342504 166.99 -0.00984074 0.997856 -0.0647 -13.5714 -0.342607 -0.0641514 -0.937286 33.6935
-0.942504 0.0156567 0.333829 167.422 -0.006277 0.997896 -0.0645237 -13.6794 -0.334137 -0.0629092 -0.940423 32.4886
-0.944551 0.0224919 0.327594 167.84 0.000361145 0.997722 -0.0674602 -13.7814 -0.328365 -0.0636013 -0.942407 31.2813
-0.946332 0.0239019 0.32231 168.257 0.0019071 0.997657 -0.0683848 -13.8883 -0.32319 -0.0641001 -0.944161 30.0765
-0.947894 0.0222846 0.317806 168.674 0.000719493 0.997698 -0.0678128 -13.9975 -0.318586 -0.0640507 -0.945728 28.8371
-0.949495 0.0151258 0.313416 169.095 -0.00535152 0.997912 -0.0643726 -14.0951 -0.313736 -0.0627988 -0.947431 27.6245
-0.950858 0.00981944 0.309471 169.508 -0.0101089 0.99798 -0.0627255 -14.2009 -0.309462 -0.0627714 -0.948838 26.3547
-0.95242 0.00274152 0.304777 169.921 -0.0176061 0.997795 -0.0639941 -14.2949 -0.30428 -0.0663152 -0.950272 25.1465
-0.95356 1.89295e-05 0.301204 170.311 -0.0210255 0.997557 -0.0666258 -14.3993 -0.300469 -0.0698646 -0.95123 23.9247
-0.954406 -0.000167741 0.29851 170.723 -0.0216549 0.997404 -0.0686754 -14.5048 -0.297724 -0.0720085 -0.951933 22.6935
-0.95437 0.00083142 0.298626 171.109 -0.0212369 0.997275 -0.0706469 -14.6099 -0.297871 -0.0737652 -0.951752 21.4657
-0.954224 0.00335502 0.299073 171.508 -0.0191232 0.997207 -0.0722013 -14.7261 -0.29848 -0.0746154 -0.951495 20.2452
-0.953954 0.00444648 0.299922 171.899 -0.0185988 0.997089 -0.0739391 -14.8337 -0.299377 -0.0761127 -0.951094 19.0227
-0.953302 0.00522103 0.301974 172.274 -0.0183032 0.997014 -0.0750196 -14.9478 -0.301464 -0.0770434 -0.95036 17.8048
-0.95293 0.0072078 0.303106 172.705 -0.0163098 0.997051 -0.0749857 -15.0641 -0.302753 -0.0763997 -0.950002 16.582
-0.951658 0.00676718 0.307086 173.092 -0.0170459 0.997053 -0.0747972 -15.1844 -0.306687 -0.0764159 -0.948738 15.3387
-0.950655 0.00517659 0.310208 173.514 -0.0189858 0.997016 -0.0748209 -15.2975 -0.30967 -0.0770184 -0.94772 14.146
-0.94911 0.00430878 0.314915 173.925 -0.0195205 0.997179 -0.0724758 -15.4106 -0.314339 -0.0749348 -0.946349 12.9342
-0.946864 0.00223333 0.321628 174.347 -0.0212 0.997368 -0.0693379 -15.5231 -0.320936 -0.072472 -0.944324 11.7209
-0.944637 0.000930493 0.328116 174.773 -0.0222398 0.997515 -0.0668565 -15.6231 -0.327363 -0.0704524 -0.942269 10.5093
-0.94226 0.00264977 0.334873 175.201 -0.0204455 0.997648 -0.0654235 -15.7311 -0.334259 -0.0684926 -0.939989 9.3466
-0.938689 0.00403764 0.344742 175.637 -0.0199911 0.997612 -0.0661173 -15.8281 -0.344186 -0.0689554 -0.936366 8.14966
-0.935239 0.00539838 0.353975 176.106 -0.0196464 0.997551 -0.0671214 -15.9403 -0.35347 -0.0697289 -0.932843 6.94857
-0.930944 0.00783444 0.365078 176.562 -0.0180123 0.997568 -0.0673386 -16.0412 -0.364718 -0.0692644 -0.928538 5.75904
-0.925885 0.010045 0.377671 177.078 -0.0168627 0.997552 -0.0678719 -16.1467 -0.377428 -0.0692101 -0.923449 4.54591
-0.920631 0.0114218 0.390268 177.547 -0.0169208 0.997466 -0.069108 -16.2494 -0.390068 -0.0702266 -0.918104 3.4092
-0.914485 0.013712 0.404389 178.083 -0.0154509 0.997513 -0.0687642 -16.3631 -0.404326 -0.0691319 -0.911999 2.20469
-0.908853 0.0140204 0.416882 178.606 -0.0150577 0.997681 -0.0663812 -16.4566 -0.416846 -0.066608 -0.906534 1.09682
-0.901868 0.0171635 0.431671 179.186 -0.0125469 0.997748 -0.0658846 -16.5649 -0.43183 -0.0648353 -0.899622 -0.0977984
-0.895313 0.0183604 0.44506 179.732 -0.0120937 0.99778 -0.0654907 -16.6691 -0.445274 -0.0640171 -0.893103 -1.22687
-0.888533 0.0206838 0.458346 180.285 -0.00915934 0.997985 -0.062792 -16.7663 -0.458721 -0.059991 -0.886553 -2.297
-0.881113 0.0229761 0.472347 180.898 -0.00593775 0.998203 -0.0596311 -16.8662 -0.472869 -0.0553465 -0.879393 -3.43845
-0.873232 0.025737 0.486624 181.478 -0.00271136 0.998332 -0.057666 -16.9626 -0.487297 -0.0516753 -0.871706 -4.49639
-0.863864 0.0287826 0.502903 182.132 0.000548895 0.998419 -0.0561997 -17.0645 -0.503726 -0.0482728 -0.862514 -5.62019
-0.853272 0.0324851 0.520453 182.782 0.00456034 0.998484 -0.0548457 -17.1546 -0.521446 -0.0444249 -0.852127 -6.69948
-0.842838 0.0351757 0.537017 183.426 0.00759562 0.99854 -0.0534852 -17.2432 -0.538114 -0.0410004 -0.841875 -7.72919
-0.831749 0.0367086 0.553936 184.122 0.00903575 0.998574 -0.0526067 -17.333 -0.555078 -0.0387503 -0.830895 -8.77816
-0.820413 0.0391014 0.570432 184.798 0.0109849 0.998553 -0.052649 -17.4186 -0.571665 -0.0369278 -0.819656 -9.76122
-0.807137 0.0409763 0.588941 185.551 0.0124005 0.998545 -0.0524803 -17.5059 -0.590234 -0.0350556 -0.806471 -10.8059
-0.794387 0.0421113 0.605951 186.269 0.0146175 0.99863 -0.0502378 -17.5875 -0.607236 -0.0310508 -0.793914 -11.7541
-0.778819 0.0435269 0.625737 187.025 0.017233 0.998698 -0.0480215 -17.6712 -0.627012 -0.0266168 -0.778555 -12.7122
-0.761769 0.046258 0.646196 187.83 0.0193203 0.998626 -0.048711 -17.7562 -0.647561 -0.0246219 -0.761616 -13.6676
-0.745194 0.049393 0.665016 188.627 0.0207073 0.998486 -0.050957 -17.8411 -0.666526 -0.0242022 -0.745089 -14.573
-0.726116 0.049851 0.685762 189.493 0.0200416 0.998479 -0.0513628 -17.9284 -0.68728 -0.0235516 -0.726011 -15.4991
-0.707588 0.0501479 0.704844 190.327 0.0203624 0.998511 -0.0506 -18.0124 -0.706332 -0.0214517 -0.707556 -16.3399
-0.686787 0.0496504 0.725162 191.244 0.0190516 0.998551 -0.0503255 -18.1002 -0.72661 -0.0207474 -0.686737 -17.1958
-0.669918 0.0493004 0.740796 191.995 0.0173221 0.998559 -0.0507899 -18.1726 -0.742233 -0.021193 -0.669807 -17.8817
-0.646533 0.0488863 0.761319 193.02 0.0146759 0.998557 -0.0516568 -18.264 -0.762745 -0.0222248 -0.646317 -18.7414
-0.625148 0.0489154 0.778972 193.939 0.0138898 0.998573 -0.0515582 -18.3418 -0.780383 -0.0214118 -0.624935 -19.4967
-0.602355 0.0488418 0.796733 194.876 0.0149246 0.998641 -0.0499358 -18.4222 -0.798089 -0.0181881 -0.602265 -20.1999
-0.579873 0.0491245 0.813224 195.805 0.0146367 0.998648 -0.0498886 -18.5022 -0.814575 -0.0170261 -0.579808 -20.8653
-0.554592 0.0521393 0.830488 196.762 0.0167459 0.998532 -0.0515066 -18.5776 -0.831954 -0.0146578 -0.554651 -21.5152
-0.527342 0.0531209 0.847991 197.77 0.0173963 0.99851 -0.0517316 -18.6599 -0.849475 -0.0125283 -0.52748 -22.1544
-0.500945 0.0512893 0.863958 198.79 0.0156475 0.998616 -0.0502105 -18.737 -0.865338 -0.0116339 -0.501054 -22.7334
-0.473664 0.0498256 0.879295 199.778 0.0158036 0.998719 -0.0480796 -18.8113 -0.880564 -0.00887755 -0.473845 -23.2735
-0.443357 0.050081 0.894945 200.883 0.0152807 0.998715 -0.0483179 -18.8973 -0.896215 -0.00774674 -0.443553 -23.8325
-0.412418 0.052652 0.909472 201.952 0.0168962 0.998599 -0.0501498 -18.9717 -0.910838 -0.00531604 -0.412729 -24.3039
-0.380978 0.0544109 0.922982 203 0.0178429 0.998514 -0.0514986 -19.0456 -0.924412 -0.00315114 -0.381382 -24.7561
-0.347244 0.0549157 0.936166 204.158 0.0206173 0.99849 -0.0509242 -19.126 -0.937548 0.00161812 -0.347851 -25.1823
-0.31634 0.0544086 0.947085 205.208 0.02059 0.998513 -0.0504858 -19.2025 -0.948423 0.00352978 -0.316989 -25.5438
-0.283174 0.0537836 0.957559 206.329 0.0227259 0.998522 -0.0493637 -19.2789 -0.958799 0.00778285 -0.283978 -25.8875
-0.249422 0.0512695 0.967037 207.463 0.0230829 0.998629 -0.0469907 -19.3523 -0.96812 0.0106015 -0.250263 -26.1815
-0.213111 0.049987 0.975748 208.675 0.0244072 0.998651 -0.0458295 -19.4338 -0.976723 0.0140485 -0.214044 -26.4479
-0.178765 0.0496023 0.982641 209.769 0.0254727 0.998627 -0.0457752 -19.5073 -0.983562 0.0168475 -0.179783 -26.6572
-0.14373 0.0494363 0.988381 210.918 0.0261702 0.998592 -0.0461414 -19.5785 -0.989271 0.0192343 -0.144822 -26.8369
-0.109091 0.048719 0.992837 212.046 0.0266239 0.998583 -0.0460756 -19.6542 -0.993675 0.0214067 -0.110233 -26.9673
-0.071299 0.0488435 0.996258 213.284 0.0256779 0.998559 -0.0471186 -19.7312 -0.997124 0.0222223 -0.0724505 -27.0621
-0.0390518 0.0489911 0.998036 214.384 0.025096 0.99853 -0.0480335 -19.8033 -0.998922 0.0231709 -0.0402239 -27.0939
-0.00444621 0.0478033 0.998847 215.596 0.0247412 0.998556 -0.0476793 -19.8767 -0.999684 0.0245007 -0.0056225 -27.1128
0.0284984 0.0478985 0.998446 216.732 0.0236712 0.998539 -0.0485786 -19.9523 -0.999314 0.0250188 0.0273229 -27.083
0.0608857 0.0475323 0.997012 217.902 0.0239191 0.998509 -0.0490643 -20.0293 -0.997858 0.026835 0.059658 -27.0283
0.093434 0.0458086 0.994571 219.079 0.0259317 0.99849 -0.0484252 -20.1011 -0.995288 0.0303155 0.092105 -26.9078
0.124706 0.0440504 0.991216 220.227 0.0273497 0.998482 -0.0478143 -20.1768 -0.991817 0.0330722 0.123312 -26.7732
0.1548 0.0441187 0.98696 221.394 0.0278536 0.99841 -0.0489992 -20.2531 -0.987553 0.0350755 0.153325 -26.5934
0.184822 0.0439192 0.98179 222.552 0.0304338 0.998266 -0.0503853 -20.3291 -0.982301 0.039192 0.183165 -26.3794
0.213063 0.0430687 0.976089 223.616 0.0322841 0.998172 -0.0510901 -20.3976 -0.976505 0.0423976 0.211283 -26.1703
0.245382 0.0408961 0.968564 224.822 0.035476 0.998062 -0.0511293 -20.4781 -0.968777 0.046907 0.243456 -25.8644
0.274628 0.0395074 0.960739 225.916 0.0369348 0.997985 -0.0515969 -20.5563 -0.960841 0.0496546 0.272615 -25.5552
0.304629 0.0384832 0.951694 227.076 0.0408369 0.997737 -0.0534165 -20.6371 -0.951595 0.0551364 0.302368 -25.1902
0.334556 0.037977 0.94161 228.234 0.0408279 0.997665 -0.0547441 -20.7203 -0.941491 0.0567589 0.332224 -24.7917
0.36199 0.036003 0.931486 229.281 0.0418374 0.99762 -0.0548178 -20.7995 -0.931242 0.0588145 0.359623 -24.3959
0.39058 0.0345771 0.91992 230.374 0.0415017 0.997617 -0.0551183 -20.8853 -0.919633 0.0597063 0.388214 -23.9251
0.418652 0.0359605 0.907435 231.457 0.0424634 0.997348 -0.0591145 -20.971 -0.907153 0.0632811 0.416015 -23.455
0.447183 0.0367392 0.893688 232.521 0.0440013 0.997043 -0.0630055 -21.0572 -0.893359 0.0674984 0.444244 -22.926
0.474839 0.0357446 0.879347 233.576 0.0448234 0.996896 -0.0647271 -21.1512 -0.878931 0.0701503 0.471763 -22.3757
0.500525 0.0330281 0.865092 234.573 0.0454085 0.996895 -0.0643326 -21.2428 -0.864531 0.0714827 0.497471 -21.7999
0.526428 0.0306333 0.849668 235.628 0.0449461 0.996951 -0.0637906 -21.3407 -0.849031 0.0717704 0.523446 -21.1861
0.550713 0.0304253 0.83414 236.648 0.0430472 0.99697 -0.064785 -21.4392 -0.833584 0.0715853 0.547734 -20.5207
0.572205 0.0302705 0.819552 237.665 0.0421874 0.996909 -0.0662762 -21.5343 -0.819025 0.0724983 0.569159 -19.8205
0.591612 0.0290418 0.8057 238.596 0.0406826 0.997002 -0.0658099 -21.6293 -0.805196 0.0717119 0.588657 -19.1521
0.609615 0.0264833 0.792255 239.582 0.0406834 0.997079 -0.0646347 -21.73 -0.791653 0.071634 0.606757 -18.3981
0.627466 0.0232397 0.778297 240.537 0.0412755 0.997156 -0.0630513 -21.8251 -0.777549 0.0716871 0.624723 -17.6414
0.643862 0.020695 0.764862 241.489 0.0418581 0.997185 -0.0622172 -21.9227 -0.763996 0.072075 0.641183 -16.8556
0.659507 0.0185705 0.751469 242.407 0.0430742 0.997119 -0.0624441 -22.0181 -0.750463 0.0735513 0.656807 -16.0478
0.674918 0.0181971 0.737669 243.321 0.0426543 0.997062 -0.0636218 -22.1134 -0.736659 0.0744042 0.672159 -15.2307
0.689756 0.0165104 0.723854 244.216 0.0434033 0.996999 -0.0640993 -22.207 -0.72274 0.0756305 0.686969 -14.379
0.704599 0.0146375 0.709454 245.106 0.0423315 0.99714 -0.0626148 -22.302 -0.708341 0.0741506 0.701964 -13.5195
0.71948 0.0112781 0.694422 245.978 0.0426121 0.997268 -0.0603462 -22.4004 -0.693205 0.0730086 0.717033 -12.6104
0.733494 0.00917448 0.679635 246.827 0.0431194 0.997267 -0.0599987 -22.4916 -0.678328 0.073314 0.731093 -11.7103
0.747513 0.00906489 0.664185 247.651 0.0433864 0.997105 -0.0624383 -22.5893 -0.662828 0.07549 0.744956 -10.7763
0.760938 0.00843045 0.64877 248.502 0.0433652 0.997019 -0.0638185 -22.6847 -0.647374 0.0766959 0.758304 -9.83777
0.771959 0.00740309 0.635629 249.289 0.0430828 0.997024 -0.0639355 -22.7792 -0.634211 0.0767403 0.769343 -8.86877
0.783815 0.00492316 0.620975 250.071 0.042998 0.997138 -0.0621789 -22.8725 -0.619504 0.0754374 0.78136 -7.88677
0.794302 0.00190823 0.60752 250.846 0.0444743 0.997129 -0.06128 -22.973 -0.605893 0.0756939 0.791937 -6.87965
0.804497 0.000799773 0.593957 251.611 0.0447159 0.99708 -0.061909 -23.0736 -0.592272 0.0763649 0.802111 -5.86625
0.813778 -0.00100533 0.581175 252.36 0.0471692 0.996814 -0.0643233 -23.1673 -0.579259 0.0797585 0.811232 -4.83421
0.822621 -0.0034955 0.568579 253.079 0.0487343 0.996735 -0.0643811 -23.2641 -0.566498 0.0806705 0.820105 -3.79245
0.830467 -0.00706505 0.557023 253.804 0.0512162 0.996653 -0.0637171 -23.3603 -0.554709 0.0814436 0.828049 -2.72961
0.837826 -0.00831033 0.545875 254.52 0.0519876 0.996555 -0.0646208 -23.4572 -0.543457 0.0825197 0.835371 -1.65589
0.843328 -0.0100278 0.537305 255.214 0.0525994 0.996565 -0.0639585 -23.5588 -0.534818 0.0822 0.840959 -0.56145
0.847657 -0.0112545 0.530426 255.915 0.0524023 0.996662 -0.0625953 -23.6568 -0.527951 0.0808549 0.845417 0.54263
0.849989 -0.0124996 0.526652 256.607 0.0525902 0.996738 -0.0612213 -23.7537 -0.524168 0.0797342 0.847874 1.66445
0.853363 -0.0138801 0.521133 257.294 0.0533392 0.996724 -0.0607964 -23.8532 -0.518582 0.0796782 0.851307 2.79037
0.856175 -0.0141304 0.516492 257.993 0.0529625 0.996761 -0.0605248 -23.9551 -0.513964 0.0791745 0.85415 3.94056
0.858134 -0.0174003 0.513132 258.666 0.0553605 0.996735 -0.0587828 -24.0482 -0.510433 0.0788507 0.856295 5.06614
0.860533 -0.0192318 0.509031 259.339 0.0565127 0.996723 -0.0578792 -24.1438 -0.50625 0.0785737 0.8588 6.2045
0.863191 -0.0199518 0.504484 260.015 0.0570771 0.996669 -0.0582438 -24.2427 -0.501641 0.0790699 0.861455 7.35822
0.864893 -0.0213534 0.501502 260.69 0.0580848 0.996641 -0.0577376 -24.3377 -0.498584 0.0790664 0.863228 8.51336
0.867464 -0.0210738 0.497054 261.336 0.0575038 0.996653 -0.0581009 -24.434 -0.494166 0.0789829 0.865772 9.65449
0.869787 -0.0219425 0.492941 261.994 0.0578822 0.996651 -0.0577679 -24.5329 -0.490022 0.0787782 0.868143 10.8345
0.871241 -0.0216108 0.490381 262.645 0.0570641 0.996716 -0.0574589 -24.6286 -0.487528 0.0780437 0.869612 11.9736
0.872866 -0.0204771 0.487531 263.303 0.0553834 0.99682 -0.0572893 -24.7267 -0.484808 0.077007 0.871224 13.1367
0.873667 -0.0194241 0.486137 263.956 0.0539431 0.996909 -0.0571119 -24.8236 -0.483525 0.0761205 0.872015 14.3458
0.874915 -0.0176927 0.483954 264.6 0.0518083 0.997017 -0.057212 -24.9226 -0.481498 0.0751284 0.873221 15.516
0.87523 -0.0169292 0.483411 265.249 0.0511402 0.997025 -0.0576748 -25.0209 -0.480996 0.0752004 0.873492 16.6985
0.875558 -0.0133582 0.482928 265.875 0.047949 0.997085 -0.0593524 -25.1175 -0.480727 0.0751224 0.873646 17.8547
