1 -3.64932e-10 -5.02005e-12 2.32831e-10 -6.92874e-10 1 4.10834e-10 7.45058e-09 1.04042e-13 9.60589e-11 1 0
0.999998 0.000885575 0.0017062 0.00488625 -0.000877162 0.999988 -0.00492591 -0.00947999 -0.00171054 0.00492441 0.999986 0.950485
0.999996 -0.00101344 0.00280047 0.00739671 0.00102963 0.999983 -0.00578609 -0.0187623 -0.00279455 0.00578895 0.999979 1.90326
0.999987 -0.00319916 0.00400365 0.00742871 0.00320774 0.999993 -0.0021388 -0.0227164 -0.00399678 0.00215161 0.99999 2.86564
0.999973 -0.00688941 0.00267456 0.0118482 0.00687829 0.999968 0.0041448 -0.0268798 -0.00270303 -0.00412629 0.999988 3.80845
0.999952 -0.00970836 0.00129232 0.0178656 0.00970261 0.999943 0.00438068 -0.0304339 -0.00133478 -0.00436793 0.99999 4.75002
0.999924 -0.0122865 0.00127748 0.0169195 0.0122837 0.999922 0.00221274 -0.0328588 -0.00130456 -0.00219688 0.999997 5.69948
0.999933 -0.0115991 -0.000534365 0.0188322 0.0115984 0.999932 -0.00139703 -0.0349129 0.000550533 0.00139074 0.999999 6.6228
0.999926 -0.0121248 -0.00117205 0.0163197 0.0121223 0.999924 -0.00210666 -0.0401159 0.0011975 0.0020923 0.999997 7.55668
0.999929 -0.0118213 -0.0016865 0.0111238 0.0118208 0.99993 -0.000294022 -0.0408475 0.00168986 0.000274066 0.999999 8.4964
0.999925 -0.0118378 -0.00307477 0.00847486 0.0118451 0.999927 0.00236245 -0.0456984 0.00304658 -0.0023987 0.999992 9.41005
0.999924 -0.0116632 -0.00397067 0.00257093 0.0116783 0.999925 0.00380577 -0.0486536 0.00392598 -0.00385185 0.999985 10.338
0.999912 -0.0125773 -0.00432172 -0.00631304 0.0125975 0.99991 0.0046628 -0.0533303 0.00426269 -0.00471683 0.99998 11.2539
0.999905 -0.0126053 -0.0055073 -0.0127863 0.0126314 0.999909 0.00472847 -0.0541862 0.0054472 -0.00479758 0.999974 12.1556
0.999888 -0.0138039 -0.00582157 -0.0242117 0.0138255 0.999898 0.00369075 -0.0533721 0.00577003 -0.00377082 0.999976 13.0543
0.999876 -0.0140922 -0.00701006 -0.0333927 0.0141014 0.9999 0.00126342 -0.0554645 0.00699155 -0.00136211 0.999975 13.9646
0.999859 -0.0140022 -0.00929137 -0.0371179 0.0140055 0.999902 0.000281142 -0.0553655 0.00928652 -0.000411231 0.999957 14.8708
0.999842 -0.0141897 -0.0107097 -0.0505389 0.0141808 0.999899 -0.000911351 -0.0588723 0.0107216 0.000759335 0.999942 15.7628
0.999845 -0.0129428 -0.011918 -0.0660158 0.0129266 0.999915 -0.00143305 -0.0618532 0.0119355 0.00127877 0.999928 16.664
0.999833 -0.0118592 -0.0139255 -0.083337 0.0118346 0.999928 -0.00184832 -0.0661469 0.0139464 0.00168321 0.999901 17.537
0.99981 -0.0119196 -0.0153945 -0.100719 0.0119074 0.999929 -0.000886084 -0.0704658 0.015404 0.000702609 0.999881 18.4278
0.999793 -0.0120971 -0.0163608 -0.1172 0.0121052 0.999927 0.000393796 -0.0743665 0.0163548 -0.000591763 0.999866 19.3312
0.999764 -0.011721 -0.0182728 -0.141534 0.0117403 0.999931 0.000950582 -0.0785165 0.0182604 -0.00116488 0.999833 20.2063
0.999734 -0.0124212 -0.0194354 -0.152251 0.012444 0.999922 0.00105284 -0.0838715 0.0194208 -0.00129441 0.999811 21.0782
0.9997 -0.0125165 -0.0210701 -0.16939 0.0125336 0.999921 0.000679697 -0.0874853 0.0210599 -0.000943577 0.999778 21.9507
0.999675 -0.0123165 -0.022304 -0.191715 0.0123389 0.999924 0.000868749 -0.0879463 0.0222916 -0.00114367 0.999751 22.7747
0.99965 -0.0128601 -0.0231112 -0.216122 0.0129243 0.999913 0.00263125 -0.0885934 0.0230753 -0.00292902 0.99973 23.6667
0.999607 -0.0140124 -0.0242919 -0.241646 0.0141504 0.999885 0.00551658 -0.0900264 0.0242118 -0.00585815 0.99969 24.4898
0.999595 -0.0138309 -0.0248663 -0.265758 0.0140112 0.999877 0.0070917 -0.0917066 0.0247651 -0.00743723 0.999666 25.3293
0.999604 -0.0131207 -0.0248848 -0.289158 0.0132699 0.999895 0.00584043 -0.0937819 0.0248056 -0.00616834 0.999673 26.1615
0.999589 -0.0115568 -0.0262334 -0.317322 0.0116522 0.999926 0.00348784 -0.0955868 0.0261911 -0.00379208 0.99965 26.9734
0.999583 -0.010755 -0.0268109 -0.338188 0.0108034 0.99994 0.00166294 -0.0956579 0.0267914 -0.0019519 0.999639 27.7787
0.999583 -0.0100059 -0.0270979 -0.366426 0.0100483 0.999949 0.00142953 -0.096202 0.0270822 -0.00170122 0.999632 28.5603
0.999512 -0.0111409 -0.0291727 -0.395514 0.0111809 0.999937 0.00120982 -0.102231 0.0291574 -0.00153541 0.999574 29.3486
0.999485 -0.00990468 -0.0305297 -0.424344 0.00991967 0.999951 0.000339564 -0.106683 0.0305249 -0.000642233 0.999534 30.1294
0.999408 -0.0101859 -0.0328661 -0.448808 0.0101938 0.999948 7.32166e-05 -0.111767 0.0328637 -0.000408204 0.99946 30.8987
0.99932 -0.0101044 -0.0354744 -0.493152 0.0101542 0.999948 0.00122387 -0.11131 0.0354602 -0.00158325 0.99937 31.6589
0.999257 -0.0111044 -0.0369198 -0.510556 0.0112451 0.99993 0.0036059 -0.113868 0.0368772 -0.00401838 0.999312 32.4117
0.999186 -0.0107801 -0.0388662 -0.552926 0.010988 0.999927 0.00514095 -0.115258 0.038808 -0.00556383 0.999231 33.1543
0.999138 -0.0093065 -0.040455 -0.585996 0.00953611 0.99994 0.00548663 -0.120118 0.0404015 -0.00586769 0.999166 33.8737
0.999091 -0.00682267 -0.0420828 -0.622621 0.00703764 0.999963 0.00496212 -0.118812 0.0420474 -0.00525377 0.999102 34.5939
0.999006 -0.00460399 -0.0443373 -0.661672 0.00478756 0.999981 0.00403514 -0.120155 0.0443179 -0.0042434 0.999009 35.2987
0.998949 -0.00406391 -0.0456667 -0.69663 0.00429891 0.999978 0.005049 -0.11898 0.0456452 -0.00524 0.998944 36.0089
0.998903 -0.00374282 -0.0466877 -0.73814 0.00406417 0.999969 0.00678994 -0.11675 0.0466608 -0.00697224 0.998887 36.6968
0.998902 -0.000904055 -0.0468316 -0.778353 0.00125569 0.999971 0.00747964 -0.116335 0.0468235 -0.00753024 0.998875 37.3631
0.998964 0.00261127 -0.0454363 -0.808671 -0.00234988 0.99998 0.00580534 -0.121025 0.0454506 -0.00569256 0.99895 38.0266
0.999018 0.00478195 -0.0440368 -0.852061 -0.00467839 0.999986 0.00245444 -0.119567 0.044048 -0.002246 0.999027 38.6938
0.999111 0.00513773 -0.0418496 -0.87655 -0.00511356 0.999987 0.000684482 -0.118586 0.0418526 -0.000469871 0.999124 39.3187
0.99924 0.00605546 -0.0385059 -0.909971 -0.00600535 0.999981 0.00141693 -0.120117 0.0385138 -0.00118461 0.999258 39.9528
0.999334 0.0104437 -0.0349653 -0.938131 -0.0103066 0.999938 0.00409902 -0.122347 0.035006 -0.00373592 0.99938 40.6057
0.999385 0.0151743 -0.0316282 -0.966841 -0.0149433 0.99986 0.00752736 -0.121779 0.031738 -0.0070501 0.999471 41.2105
0.999429 0.0198457 -0.0273319 -0.991645 -0.0196092 0.999768 0.00889283 -0.123989 0.0275021 -0.0083518 0.999587 41.809
0.999473 0.0241116 -0.0217337 -1.0166 -0.0239177 0.999672 0.00913596 -0.122669 0.0219468 -0.00861132 0.999722 42.3993
0.999492 0.0276201 -0.0159057 -1.03552 -0.0274458 0.999562 0.0110723 -0.118293 0.0162046 -0.0106302 0.999812 42.9527
0.999425 0.0326295 -0.00922794 -1.04625 -0.0325167 0.999398 0.0121238 -0.118463 0.00961797 -0.0118168 0.999884 43.5084
0.999331 0.0365419 -0.0018007 -1.06453 -0.0365171 0.999258 0.0122561 -0.118294 0.00224722 -0.0121821 0.999923 44.045
0.999199 0.0396798 0.00525254 -1.05988 -0.039741 0.999137 0.0121183 -0.119723 -0.00476715 -0.0123173 0.999913 44.5426
0.998963 0.0438162 0.0124154 -1.06448 -0.0439611 0.998965 0.0116495 -0.117197 -0.0118921 -0.0121832 0.999855 45.0475
0.998607 0.0486457 0.0204219 -1.06689 -0.0488364 0.998767 0.00894556 -0.114829 -0.0199616 -0.00993043 0.999752 45.5048
0.998332 0.0503021 0.0283506 -1.05614 -0.0504892 0.998707 0.00592011 -0.118359 -0.0280161 -0.00734163 0.999581 45.9336
0.998009 0.0513773 0.0365718 -1.03755 -0.0516122 0.998652 0.00550898 -0.115231 -0.0362394 -0.00738557 0.999316 46.3644
0.997728 0.0503789 0.0447258 -1.01565 -0.0507344 0.998689 0.00684884 -0.118328 -0.0443221 -0.00910242 0.998976 46.7598
0.997274 0.0519158 0.0524391 -1.00171 -0.0523822 0.998599 0.00755871 -0.117764 -0.0519732 -0.010285 0.998596 47.1318
0.996602 0.0549518 0.0613578 -0.976455 -0.0555356 0.998426 0.00784943 -0.11775 -0.0608299 -0.0112303 0.998085 47.4875
0.995748 0.0597732 0.0701012 -0.96114 -0.0604361 0.998145 0.00737085 -0.11994 -0.0695306 -0.0115761 0.997513 47.8137
0.994844 0.0637574 0.0788705 -0.938203 -0.0645379 0.997888 0.00738388 -0.11985 -0.0782332 -0.0124359 0.996858 48.1153
0.994056 0.0631643 0.08867 -0.906715 -0.0641097 0.997912 0.00785294 -0.122726 -0.0879889 -0.0134909 0.99603 48.3994
0.993139 0.0619523 0.0991771 -0.877718 -0.0628527 0.998005 0.0059771 -0.125863 -0.098609 -0.0121696 0.995052 48.6652
0.991962 0.0607346 0.111005 -0.838004 -0.0613075 0.998117 0.0017513 -0.128319 -0.11069 -0.00854267 0.993818 48.932
0.990374 0.0614358 0.124037 -0.792604 -0.0616344 0.998096 -0.00223957 -0.130393 -0.123939 -0.00542694 0.992275 49.1954
0.988238 0.0634037 0.139161 -0.748388 -0.0633744 0.997979 -0.0046466 -0.131526 -0.139174 -0.00422727 0.990259 49.4422
0.985677 0.0650199 0.155607 -0.699654 -0.0648666 0.997876 -0.00606838 -0.134093 -0.155671 -0.00411219 0.987801 49.7064
0.982807 0.0656911 0.172555 -0.652411 -0.0654059 0.997832 -0.00734429 -0.136479 -0.172664 -0.00406813 0.984972 49.9409
0.979526 0.0650855 0.190508 -0.587039 -0.0646737 0.997871 -0.00838517 -0.139464 -0.190648 -0.00410737 0.98165 50.1917
0.975708 0.063755 0.209595 -0.513136 -0.0632917 0.997955 -0.0089239 -0.14384 -0.209735 -0.00455849 0.977748 50.4496
0.971045 0.0642887 0.230084 -0.444898 -0.063663 0.99792 -0.01015 -0.147087 -0.230258 -0.00479177 0.973118 50.6796
0.965783 0.0663001 0.250735 -0.366878 -0.0653086 0.99779 -0.0122821 -0.14911 -0.250995 -0.00451329 0.967978 50.9196
0.959407 0.067842 0.273743 -0.277883 -0.0664179 0.997687 -0.0144782 -0.154192 -0.274092 -0.00429096 0.961694 51.162
0.952162 0.0689729 0.297709 -0.191398 -0.0673495 0.997606 -0.0157203 -0.160527 -0.298081 -0.00508231 0.954527 51.4027
0.943516 0.0716607 0.323483 -0.0942466 -0.070025 0.997405 -0.0167088 -0.166284 -0.323841 -0.00688694 0.946086 51.6335
0.933579 0.0739774 0.350654 0.0268975 -0.0723191 0.997222 -0.0178417 -0.175154 -0.350999 -0.00870231 0.936335 51.8885
0.922325 0.0749059 0.379085 0.134517 -0.0730249 0.997142 -0.0193602 -0.181236 -0.379451 -0.0098262 0.92516 52.1114
0.909609 0.0734399 0.408923 0.270469 -0.0708624 0.997255 -0.0214741 -0.191602 -0.409377 -0.00944418 0.912316 52.3491
0.894628 0.070779 0.441171 0.421728 -0.0669413 0.997461 -0.0242804 -0.200987 -0.44177 -0.00781067 0.897095 52.5851
0.877235 0.0698936 0.474946 0.577386 -0.0640959 0.997539 -0.0284126 -0.210782 -0.475764 -0.00551762 0.879556 52.7941
0.857585 0.0720815 0.509267 0.7515 -0.0637827 0.997393 -0.0337633 -0.220013 -0.510372 -0.00352752 0.859946 53.0253
0.835857 0.0741186 0.54392 0.91656 -0.0635368 0.997246 -0.0382534 -0.228137 -0.545257 -0.00258457 0.838265 53.2534
0.811254 0.0771697 0.579579 1.12018 -0.0647942 0.997012 -0.0420557 -0.240455 -0.581093 -0.00343547 0.81383 53.4701
0.783835 0.0812316 0.615634 1.34865 -0.0677922 0.996675 -0.0451951 -0.255405 -0.617258 -0.00630967 0.786735 53.7158
0.753771 0.0856107 0.651537 1.56279 -0.0712215 0.99628 -0.0485123 -0.265681 -0.653267 -0.00983627 0.757064 53.9372
0.72095 0.0872384 0.687474 1.82622 -0.0716158 0.996112 -0.0513006 -0.284033 -0.689277 -0.0122488 0.724394 54.1645
0.684403 0.0852541 0.724102 2.12663 -0.0683895 0.996268 -0.0526583 -0.306118 -0.72589 -0.0134815 0.687679 54.405
0.645401 0.0839002 0.759222 2.41916 -0.0657769 0.996362 -0.0541902 -0.326459 -0.761007 -0.0149649 0.648572 54.6061
0.602943 0.0838572 0.793364 2.76635 -0.0639982 0.996339 -0.0566737 -0.344034 -0.795213 -0.0166029 0.606103 54.8272
0.557243 0.083606 0.82613 3.1084 -0.0608914 0.996354 -0.0597605 -0.368913 -0.828114 -0.0170031 0.560302 55.016
0.50922 0.082513 0.856672 3.49201 -0.0574403 0.996432 -0.061831 -0.394856 -0.858717 -0.0177218 0.512143 55.203
0.460466 0.0807023 0.884001 3.91435 -0.055732 0.996522 -0.0619444 -0.422953 -0.885926 -0.0207439 0.463363 55.393
0.411018 0.078293 0.908259 4.31855 -0.055374 0.99661 -0.0608503 -0.448888 -0.909944 -0.0252833 0.41396 55.5371
0.360923 0.0780246 0.929326 4.76159 -0.0578023 0.99645 -0.0612115 -0.46871 -0.930803 -0.0316246 0.364151 55.6878
0.311246 0.0793452 0.947011 5.24878 -0.0566286 0.996286 -0.064862 -0.488414 -0.948641 -0.0334398 0.314584 55.8263
0.26413 0.0755474 0.961524 5.7097 -0.0458887 0.996783 -0.0657122 -0.528363 -0.963395 -0.0267665 0.266747 55.9127
0.220054 0.0700478 0.972969 6.20566 -0.0324453 0.997392 -0.064468 -0.558851 -0.974948 -0.0173819 0.221753 55.9796
0.177341 0.0678124 0.981811 6.73936 -0.0226946 0.99764 -0.0648065 -0.59768 -0.983888 -0.010789 0.178461 56.0437
0.139328 0.0702897 0.987749 7.25182 -0.0188987 0.997485 -0.0683168 -0.613329 -0.990066 -0.00914871 0.140306 56.0868
0.106093 0.0705108 0.991853 7.77266 -0.0110704 0.997505 -0.0697284 -0.654387 -0.994295 -0.00358257 0.106608 56.1141
0.0768336 0.0690966 0.994647 8.34153 -0.00252248 0.997606 -0.0691073 -0.695115 -0.997041 0.00280079 0.0768239 56.133
0.0519489 0.0673641 0.996375 8.89469 0.00349327 0.997704 -0.0676361 -0.727431 -0.998644 0.00699423 0.0515943 56.1485
0.0318539 0.0665092 0.997277 9.4716 0.00948768 0.997719 -0.0668416 -0.760655 -0.999448 0.011591 0.0311502 56.1488
0.0154874 0.0677596 0.997581 10.0662 0.0115689 0.997622 -0.067942 -0.795339 -0.999813 0.0125932 0.0146667 56.1431
0.00265186 0.0679161 0.997688 10.6413 0.0126776 0.997609 -0.0679445 -0.830034 -0.999916 0.0128285 0.0017845 56.1346
-0.00929553 0.0689099 0.99758 11.2548 0.0132201 0.997544 -0.0687842 -0.862493 -0.99987 0.0125487 -0.0101837 56.122
-0.0184978 0.0716221 0.99726 11.8566 0.0178562 0.997296 -0.0712934 -0.9054 -0.99967 0.0164885 -0.0197267 56.1046
-0.0258035 0.0732186 0.996982 12.4909 0.0225604 0.997103 -0.0726436 -0.948896 -0.999413 0.0206178 -0.0273805 56.0822
-0.0301233 0.0729441 0.996881 13.124 0.0226244 0.997128 -0.0722785 -0.985287 -0.99929 0.0203765 -0.0316871 56.0602
-0.0341525 0.070161 0.996951 13.7855 0.0203705 0.997375 -0.0694929 -1.0272 -0.999209 0.017935 -0.035492 56.0457
-0.0363601 0.0634352 0.997323 14.4528 0.0184596 0.997856 -0.0627961 -1.06313 -0.999168 0.0161269 -0.0374531 56.0235
-0.0377022 0.0574769 0.997635 15.1359 0.0193224 0.9982 -0.0567792 -1.1045 -0.999102 0.017136 -0.0387449 56.0013
-0.0377026 0.0551609 0.997765 15.827 0.0220994 0.998277 -0.0543541 -1.14053 -0.999045 0.0200007 -0.0388566 55.9674
-0.037986 0.0571006 0.997645 16.5199 0.0263391 0.998076 -0.0561224 -1.1851 -0.998931 0.0241452 -0.0394169 55.9409
-0.0369279 0.0644296 0.997239 17.2124 0.0270544 0.997618 -0.0634522 -1.22057 -0.998952 0.0246365 -0.0385831 55.908
-0.0346001 0.0721082 0.996796 17.9134 0.0263137 0.997114 -0.0712177 -1.26412 -0.999055 0.0237653 -0.0363976 55.8901
-0.0332318 0.0735174 0.99674 18.6249 0.0269911 0.996993 -0.0726361 -1.30129 -0.999083 0.0244892 -0.0351162 55.8742
-0.0306794 0.0692168 0.99713 19.3605 0.0274992 0.99728 -0.0683812 -1.34531 -0.999151 0.0253223 -0.0324994 55.8532
-0.0279853 0.0628515 0.99763 20.0929 0.0273776 0.997695 -0.0620875 -1.39381 -0.999234 0.0255752 -0.0296416 55.8401
-0.0258178 0.0607226 0.997821 20.8427 0.0253156 0.997873 -0.0600707 -1.43923 -0.999346 0.0237095 -0.0273001 55.8208
-0.0221106 0.0659137 0.99758 21.5686 0.0320962 0.997357 -0.0651875 -1.49241 -0.99924 0.0305772 -0.0241678 55.807
-0.0188802 0.0714742 0.997264 22.2949 0.0350313 0.996876 -0.0707832 -1.54061 -0.999208 0.0335991 -0.0213251 55.7927
-0.0165438 0.0723422 0.997243 23.0372 0.0286546 0.997004 -0.0718495 -1.58552 -0.999453 0.0273869 -0.0185671 55.7899
-0.0133845 0.069393 0.9975 23.7772 0.0233296 0.997339 -0.0690688 -1.62874 -0.999638 0.0223468 -0.0149678 55.7935
-0.00873275 0.0649957 0.997847 24.5167 0.0278173 0.997515 -0.0647306 -1.68238 -0.999575 0.0271922 -0.0105191 55.7848
-0.00490983 0.0661364 0.997798 25.2603 0.0329692 0.997279 -0.0659397 -1.73695 -0.999444 0.0325728 -0.00707693 55.7796
-0.00217379 0.0701943 0.997531 25.9782 0.0330112 0.996995 -0.0700846 -1.78946 -0.999453 0.0327773 -0.00448446 55.7828
0.00121451 0.0716593 0.997428 26.713 0.0287451 0.997015 -0.0716645 -1.83101 -0.999586 0.0287582 -0.00084897 55.7864
0.00496999 0.0704268 0.997505 27.476 0.0269316 0.997146 -0.0705356 -1.88555 -0.999625 0.027215 0.0030591 55.8045
0.00907199 0.0682616 0.997626 28.2061 0.031791 0.997143 -0.0685177 -1.93207 -0.999453 0.0323372 0.00687597 55.8036
0.0123172 0.0678944 0.997617 28.9406 0.0364042 0.997 -0.068302 -1.98729 -0.999261 0.0371587 0.00980858 55.8078
0.0160869 0.0690026 0.997487 29.6987 0.0393812 0.996798 -0.0695901 -2.04126 -0.999095 0.0404017 0.013318 55.8146
0.0189232 0.068865 0.997446 30.436 0.0396654 0.996788 -0.069572 -2.08969 -0.999034 0.0408806 0.0161309 55.832
0.0224153 0.0677045 0.997454 31.1705 0.0408956 0.996807 -0.0685797 -2.13507 -0.998912 0.0423288 0.0195749 55.8474
0.0261001 0.0664427 0.997449 31.9274 0.0435612 0.996765 -0.067537 -2.19279 -0.99871 0.0452128 0.0231214 55.8719
0.0293035 0.0668228 0.997334 32.6557 0.0417911 0.996809 -0.0680154 -2.23702 -0.998697 0.0436728 0.0264174 55.8947
0.0318779 0.0681625 0.997165 33.4098 0.0383098 0.996855 -0.069366 -2.28505 -0.998757 0.0404124 0.0291664 55.9255
0.034837 0.0683578 0.997052 34.1698 0.0399986 0.996763 -0.0697355 -2.33952 -0.998592 0.04231 0.0319901 55.9577
0.0379788 0.0677639 0.996978 34.914 0.03802 0.996878 -0.0692054 -2.38914 -0.998555 0.0405335 0.0352838 55.9856
0.0394771 0.0682903 0.996884 35.6862 0.0362617 0.996907 -0.0697278 -2.44034 -0.998562 0.0389014 0.0368787 56.0259
0.043339 0.0685138 0.996708 36.4281 0.0341162 0.996962 -0.0700147 -2.49414 -0.998478 0.0370383 0.0408699 56.0637
0.0459379 0.0703588 0.996463 37.1827 0.0315848 0.996916 -0.0718468 -2.54333 -0.998445 0.0347736 0.043574 56.1036
0.049255 0.0736339 0.996068 37.932 0.0312174 0.996678 -0.0752227 -2.59953 -0.998298 0.0347998 0.0467927 56.1532
0.0522578 0.0758611 0.995748 38.7066 0.0309104 0.99651 -0.0775414 -2.65541 -0.998155 0.0348311 0.0497305 56.1946
0.0552656 0.0778877 0.995429 39.4766 0.0249318 0.996534 -0.0793584 -2.71253 -0.99816 0.0292037 0.0531322 56.2539
0.0577504 0.0776661 0.995305 40.2317 0.0206189 0.996664 -0.0789685 -2.75917 -0.998118 0.0250826 0.0559563 56.3063
0.0614286 0.0774833 0.995099 41.0153 0.0230456 0.996606 -0.0790233 -2.8256 -0.997846 0.027787 0.0594345 56.3621
0.0652669 0.0785567 0.994771 41.8117 0.0229385 0.996515 -0.0801994 -2.89272 -0.997604 0.028053 0.0632375 56.4196
0.0685284 0.0796027 0.994468 42.5947 0.0184175 0.996541 -0.0810378 -2.94984 -0.997479 0.0238691 0.0668253 56.4867
0.0733628 0.0784883 0.994212 43.3784 0.0171572 0.996651 -0.0799469 -3.00029 -0.997158 0.0229231 0.0717705 56.5541
0.0779386 0.0771035 0.993972 44.174 0.0186388 0.996718 -0.078778 -3.07588 -0.996784 0.0246663 0.0762456 56.6185
0.0823866 0.0816946 0.993246 44.961 0.0146582 0.996427 -0.083172 -3.1297 -0.996493 0.0214114 0.0808947 56.6951
0.0886788 0.0893264 0.992047 45.7651 0.0121795 0.995799 -0.090753 -3.20221 -0.995986 0.0201305 0.0872183 56.7778
0.0962887 0.0946235 0.990846 46.5612 0.0108169 0.995313 -0.0961013 -3.27057 -0.995295 0.0199713 0.0948139 56.8636
0.103318 0.0973186 0.989876 47.3644 0.00566275 0.995128 -0.098426 -3.34317 -0.994632 0.0157746 0.102264 56.9607
0.110612 0.0959468 0.989222 48.1601 0.00301023 0.995292 -0.0968722 -3.41362 -0.993859 0.013693 0.109802 57.067
0.117717 0.093752 0.988612 48.9828 0.00256312 0.995502 -0.0947106 -3.49387 -0.993044 0.0136829 0.116947 57.1726
0.125458 0.0908979 0.987926 49.7857 0.00231146 0.995764 -0.0919126 -3.56808 -0.992096 0.0138147 0.124717 57.2789
0.133097 0.0846721 0.98748 50.6079 0.000568638 0.996337 -0.0855083 -3.64165 -0.991103 0.0119424 0.132561 57.4
0.140242 0.0782684 0.987019 51.4219 -0.00232306 0.996894 -0.0787214 -3.70399 -0.990115 0.00874714 0.139988 57.5241
0.147835 0.0741309 0.98623 52.2274 -0.00180205 0.997205 -0.0746857 -3.7733 -0.989011 0.0092639 0.147555 57.6609
0.155053 0.0761907 0.984964 53.0229 -0.00171034 0.997041 -0.0768557 -3.83755 -0.987905 0.0102321 0.154725 57.7893
0.161348 0.0825623 0.983438 53.8136 -0.00243119 0.996525 -0.0832621 -3.90354 -0.986895 0.0110433 0.160988 57.9248
0.165932 0.0868436 0.982306 54.59 -0.00371293 0.996163 -0.0874415 -3.96735 -0.98613 0.0108621 0.165618 58.0614
0.171518 0.0891253 0.981141 55.3652 -0.00491651 0.995965 -0.0896123 -4.0402 -0.985169 0.0105464 0.171264 58.2159
0.17683 0.0894489 0.980168 56.1245 -0.00738128 0.995954 -0.0895578 -4.10604 -0.984214 0.00860161 0.176775 58.3571
0.181682 0.0861767 0.979574 56.8684 -0.00446066 0.996215 -0.0868133 -4.17564 -0.983347 0.0114029 0.181379 58.5079
0.186583 0.0804993 0.979136 57.6567 -0.0033442 0.996684 -0.0813047 -4.23943 -0.982434 0.0118956 0.186233 58.6611
0.190289 0.0727899 0.979026 58.3943 -0.00410098 0.997298 -0.0733514 -4.30466 -0.98172 0.00994302 0.190074 58.8034
0.192874 0.0698285 0.978736 59.1329 -0.00731023 0.997539 -0.0697294 -4.35891 -0.981197 0.00629418 0.192909 58.9743
0.196539 0.0695395 0.978027 59.8623 -0.00914191 0.997568 -0.0690918 -4.41986 -0.980453 0.0046382 0.196697 59.1199
0.198531 0.0716032 0.977476 60.565 -0.0114163 0.997429 -0.0707462 -4.47013 -0.980028 0.00288614 0.198838 59.2754
0.200166 0.0753325 0.976862 61.2788 -0.0144089 0.997158 -0.0739453 -4.52677 -0.979656 0.000725829 0.200683 59.4375
0.20218 0.080323 0.976049 61.9576 -0.016492 0.996769 -0.0786119 -4.5822 -0.97921 -0.000203221 0.202852 59.5848
0.20366 0.0859672 0.97526 62.6331 -0.0185039 0.996298 -0.0839575 -4.63786 -0.978867 -0.000947339 0.204497 59.7337
0.20572 0.0874817 0.974693 63.3192 -0.0171007 0.996166 -0.0857997 -4.69883 -0.978462 0.000982776 0.206427 59.895
0.206702 0.0874204 0.974491 63.977 -0.0192278 0.996171 -0.0852868 -4.75024 -0.978215 -0.0011084 0.207591 60.0386
0.207584 0.0845847 0.974553 64.64 -0.0184701 0.996416 -0.082548 -4.81567 -0.978043 -0.000864437 0.208402 60.1906
0.208669 0.0819949 0.974543 65.294 -0.0184055 0.996632 -0.0799124 -4.86754 -0.977813 -0.00126169 0.209475 60.3326
0.20848 0.0810697 0.974661 65.9485 -0.0183734 0.996707 -0.0789734 -4.92513 -0.977854 -0.00144347 0.209283 60.482
0.206706 0.0800786 0.97512 66.5825 -0.0180402 0.996787 -0.0780337 -4.98021 -0.978237 -0.00146133 0.207487 60.6189
0.205065 0.0805041 0.975432 67.2096 -0.0186535 0.996752 -0.0783422 -5.03345 -0.978571 -0.00212998 0.205901 60.7464
0.202964 0.0835936 0.975611 67.8107 -0.0196258 0.996496 -0.0813002 -5.08373 -0.97899 -0.00264613 0.203893 60.8811
0.200964 0.087516 0.975682 68.4028 -0.019089 0.996162 -0.0854212 -5.14094 -0.979413 -0.00145819 0.201863 60.9922
0.198516 0.0882235 0.976119 69.0056 -0.0167656 0.9961 -0.0866198 -5.19227 -0.979954 0.000830253 0.199221 61.1154
0.196437 0.0870702 0.976643 69.579 -0.0169065 0.996202 -0.0854134 -5.23913 -0.980371 0.000266739 0.197163 61.2292
0.194329 0.0841741 0.977318 70.1683 -0.0172592 0.996451 -0.0823901 -5.28825 -0.980785 -0.000856937 0.195092 61.3545
0.191739 0.0802795 0.978157 70.7249 -0.0157679 0.996772 -0.0787165 -5.33828 -0.981319 -0.000330386 0.192386 61.457
0.190349 0.0787003 0.978557 71.2803 -0.0124975 0.996895 -0.0777442 -5.38858 -0.981637 0.00256903 0.190741 61.5661
0.187967 0.0804543 0.978875 71.8276 -0.0089077 0.996738 -0.080212 -5.43543 -0.982135 0.00635766 0.18807 61.6694
0.185787 0.0821723 0.979148 72.3574 -0.00469528 0.99656 -0.0827426 -5.47942 -0.982579 0.0107751 0.185534 61.7539
0.183857 0.0845225 0.979312 72.9073 -0.0052654 0.996367 -0.0850059 -5.52244 -0.982939 0.0104725 0.183634 61.8747
0.182432 0.0863773 0.979417 73.4418 -0.00599626 0.996213 -0.0867417 -5.57181 -0.9832 0.00995159 0.182259 61.9862
0.181974 0.0855438 0.979575 73.9832 -0.00413863 0.996266 -0.0862326 -5.61607 -0.983295 0.011638 0.181649 62.0838
0.182676 0.0834995 0.979621 74.5308 0.00134258 0.996365 -0.0851771 -5.66424 -0.983172 0.016875 0.1819 62.1813
0.183994 0.0818547 0.979513 75.0774 0.00672427 0.996398 -0.0845288 -5.70806 -0.982905 0.0221393 0.18278 62.2825
0.186229 0.0809384 0.979167 75.6264 0.00965677 0.996402 -0.0841997 -5.75413 -0.982459 0.025136 0.184777 62.3875
0.189513 0.0808598 0.978543 76.1729 0.00764694 0.996452 -0.0838206 -5.8023 -0.981849 0.0233679 0.188222 62.5067
0.195032 0.0811029 0.977438 76.7308 0.00615314 0.996455 -0.0839085 -5.84735 -0.980778 0.0223792 0.193842 62.6267
0.201717 0.0801386 0.97616 77.2842 0.0078358 0.996483 -0.0834262 -5.89398 -0.979413 0.0244775 0.200379 62.742
0.209217 0.0799546 0.974595 77.8465 0.00584038 0.996532 -0.0830081 -5.93833 -0.977852 0.0230587 0.208025 62.872
0.217685 0.0788109 0.972832 78.414 0.00563884 0.996616 -0.0819994 -5.97847 -0.976003 0.0233357 0.216504 63.0062
0.226329 0.0778048 0.970939 78.9972 0.00323747 0.996739 -0.080627 -6.0296 -0.974046 0.0213916 0.225339 63.1582
0.236001 0.077934 0.968623 79.5676 0.000872305 0.996762 -0.0804105 -6.07371 -0.971753 0.0198219 0.235169 63.3006
0.246027 0.0809948 0.965873 80.1572 -0.00390551 0.996577 -0.0825748 -6.12084 -0.969255 0.0165434 0.245502 63.4748
0.255099 0.0838864 0.963269 80.7449 -0.00751569 0.996372 -0.0847787 -6.1646 -0.966886 0.0143874 0.254804 63.6472
0.266121 0.0861731 0.96008 81.3474 -0.0111441 0.996205 -0.0863265 -6.21048 -0.963875 0.0122741 0.266071 63.8317
0.27668 0.0879271 0.956931 81.9574 -0.0130852 0.996058 -0.0877389 -6.26637 -0.960873 0.011754 0.27674 64.018
0.286832 0.089075 0.953831 82.5707 -0.0165922 0.99598 -0.0880217 -6.31607 -0.957837 0.00942128 0.287157 64.2105
0.296748 0.089431 0.950759 83.1943 -0.017421 0.995947 -0.0882441 -6.36862 -0.954797 0.00962314 0.297103 64.4262
0.307132 0.0901183 0.94739 83.8083 -0.0209942 0.995906 -0.0879272 -6.417 -0.951435 0.0071156 0.307767 64.6314
0.318457 0.0860626 0.944022 84.5142 -0.0208841 0.996265 -0.0837803 -6.46955 -0.947707 0.0069654 0.319065 64.8841
0.328286 0.0781751 0.941338 85.1348 -0.0173777 0.996901 -0.076729 -6.52109 -0.944419 0.00883077 0.328627 65.1085
0.339544 0.0735556 0.93771 85.8203 -0.0156022 0.997241 -0.0725757 -6.57701 -0.940461 0.0100123 0.339755 65.3582
0.3501 0.0699205 0.934099 86.4945 -0.0142377 0.997492 -0.0693294 -6.61949 -0.936604 0.0109728 0.350217 65.6265
0.35881 0.0676997 0.930952 87.1733 -0.0108422 0.997601 -0.0683677 -6.66963 -0.933348 0.0144375 0.358683 65.8868
0.367848 0.0635617 0.927711 87.8681 -0.0042699 0.997766 -0.0666684 -6.70773 -0.929876 0.0205626 0.367297 66.1582
0.374982 0.0535537 0.925484 88.6129 0.0053872 0.998187 -0.0599434 -6.75466 -0.927016 0.0274635 0.374014 66.458
0.381943 0.0481987 0.922928 89.2985 0.0113636 0.998319 -0.0568386 -6.80192 -0.924116 0.0321969 0.380753 66.7389
0.389503 0.0476895 0.91979 90.0262 0.0153784 0.998183 -0.0582663 -6.84422 -0.920897 0.0368398 0.388062 67.0485
0.396621 0.0538064 0.916404 90.7334 0.0169033 0.997683 -0.0658945 -6.89437 -0.917827 0.0416254 0.394792 67.3627
0.404205 0.0591419 0.912754 91.4417 0.0194831 0.997124 -0.0732366 -6.9413 -0.914461 0.0473859 0.40189 67.666
0.410009 0.0606656 0.910062 92.1468 0.018161 0.997045 -0.074646 -6.99451 -0.911901 0.0471332 0.407696 67.9856
0.413702 0.0628496 0.90824 92.8349 0.0110701 0.997193 -0.0740475 -7.04907 -0.910345 0.0406879 0.411845 68.3267
0.418571 0.0658006 0.905797 93.5243 0.00574648 0.99716 -0.075093 -7.10291 -0.908166 0.0366369 0.417004 68.6553
0.422119 0.068963 0.903914 94.2132 0.00382234 0.996958 -0.0778467 -7.16927 -0.906533 0.0363156 0.420571 68.9928
0.426001 0.0728096 0.901788 94.8737 0.00188548 0.996683 -0.081362 -7.22698 -0.904721 0.0363606 0.424451 69.3109
0.429992 0.0759026 0.899636 95.5444 -0.00194887 0.996536 -0.0831465 -7.29078 -0.902831 0.0339991 0.42865 69.6383
0.43339 0.0747321 0.898102 96.1889 -0.00265935 0.996658 -0.0816497 -7.34518 -0.901202 0.0329978 0.432141 69.9708
0.437199 0.0709498 0.896562 96.8382 -0.00146342 0.996938 -0.0781795 -7.41045 -0.899364 0.032868 0.435964 70.2864
0.44094 0.0684125 0.894926 97.4852 -0.00143168 0.997143 -0.075521 -7.46608 -0.897536 0.032019 0.439778 70.6098
0.444219 0.0672857 0.893388 98.105 -0.00238424 0.997261 -0.0739234 -7.52599 -0.895915 0.0307081 0.443163 70.9325
0.448067 0.0689879 0.891334 98.7213 -0.00466752 0.997185 -0.0748343 -7.5766 -0.893988 0.0293704 0.447128 71.2436
0.45136 0.0695795 0.889625 99.3328 -0.00423904 0.997111 -0.0758355 -7.63381 -0.892332 0.0304579 0.450351 71.5544
0.452859 0.0677355 0.889005 99.9332 -0.00170892 0.997174 -0.0751066 -7.68239 -0.891581 0.0324935 0.451695 71.8724
0.454566 0.0665105 0.888226 100.516 -0.000104112 0.997212 -0.0746181 -7.73626 -0.890713 0.0338264 0.453306 72.168
0.456616 0.0664803 0.887177 101.107 -0.00109695 0.997246 -0.0741637 -7.78536 -0.889663 0.0328911 0.455431 72.4781
0.458596 0.0658039 0.886205 101.681 0.000619374 0.997231 -0.0743684 -7.83801 -0.888645 0.0346539 0.457285 72.7782
0.460998 0.0674719 0.884832 102.231 0.000160604 0.997099 -0.0761164 -7.88393 -0.887401 0.0352316 0.45965 73.068
0.463863 0.067593 0.883325 102.8 0.00218696 0.996995 -0.0774396 -7.93663 -0.885904 0.0378532 0.462321 73.3637
0.467105 0.0663305 0.88171 103.337 0.00488583 0.996973 -0.07759 -7.98856 -0.884188 0.0405506 0.465367 73.6468
0.469957 0.0648963 0.880301 103.868 0.00744723 0.996967 -0.0774728 -8.03421 -0.882658 0.0429647 0.468048 73.9333
0.473347 0.0640227 0.878546 104.393 0.00888885 0.996957 -0.0774409 -8.08141 -0.880831 0.0444657 0.471338 74.2148
0.476367 0.063746 0.876933 104.912 0.00931101 0.996947 -0.077528 -8.13018 -0.879197 0.0450969 0.474319 74.5
0.479889 0.0627939 0.875079 105.419 0.0103118 0.996963 -0.0771949 -8.17712 -0.877269 0.0460685 0.477784 74.7828
0.482876 0.0623783 0.873464 105.927 0.0119072 0.9969 -0.0777761 -8.22332 -0.875608 0.0479567 0.480636 75.0682
0.487062 0.0635186 0.871055 106.428 0.0114365 0.996802 -0.0790832 -8.26716 -0.873293 0.0484802 0.484778 75.3464
0.491765 0.063392 0.868417 106.939 0.0137462 0.996657 -0.0805372 -8.31811 -0.87062 0.0515428 0.489249 75.6349
0.496371 0.0667166 0.865543 107.43 0.0118183 0.996431 -0.083583 -8.36554 -0.86803 0.0517174 0.49381 75.9269
0.501631 0.0722941 0.862056 107.91 0.00850439 0.996042 -0.0884793 -8.41533 -0.86504 0.0517152 0.499031 76.2168
0.507365 0.0795664 0.85805 108.391 0.00317963 0.995549 -0.0941967 -8.46343 -0.861725 0.0505204 0.504854 76.5109
0.513402 0.08613 0.853815 108.866 -0.00230165 0.995085 -0.0989969 -8.51157 -0.858145 0.04886 0.511077 76.8164
0.519529 0.0906401 0.849632 109.342 -0.00637392 0.994741 -0.102223 -8.56467 -0.854429 0.0476924 0.517374 77.1254
0.525053 0.0911182 0.846178 109.826 -0.00991413 0.99484 -0.100975 -8.61599 -0.851012 0.0446279 0.523247 77.4445
0.530915 0.0900525 0.842627 110.323 -0.0162005 0.995235 -0.0961544 -8.66776 -0.84727 0.0373988 0.529844 77.7813
0.536419 0.0878728 0.839365 110.814 -0.0225311 0.995701 -0.0898405 -8.72136 -0.843651 0.0292803 0.536093 78.116
0.542755 0.0859671 0.83548 111.315 -0.0289084 0.996071 -0.0837113 -8.77527 -0.839394 0.0212823 0.543107 78.4626
0.548387 0.0841619 0.831979 111.825 -0.0317752 0.996301 -0.0798403 -8.82564 -0.835621 0.0173471 0.549033 78.8178
0.554158 0.0871948 0.827832 112.328 -0.0363464 0.996085 -0.0805861 -8.87236 -0.831618 0.0145687 0.555158 79.1776
0.560714 0.0912619 0.822965 112.846 -0.040759 0.995745 -0.0826517 -8.91762 -0.827006 0.0128008 0.562048 79.5473
0.56678 0.0948686 0.818389 113.371 -0.0436882 0.995411 -0.0851327 -8.96758 -0.82271 0.0124977 0.568324 79.9323
0.572465 0.0971993 0.814147 113.9 -0.0461805 0.995195 -0.0863425 -9.01332 -0.818627 0.0118303 0.574203 80.3158
0.579291 0.0982543 0.809177 114.441 -0.0493002 0.995115 -0.0855376 -9.06452 -0.813628 0.00965861 0.581305 80.7249
0.585696 0.0999218 0.804348 114.987 -0.0547867 0.994983 -0.0837102 -9.11417 -0.808677 0.00496123 0.588232 81.145
0.592019 0.0982566 0.799912 115.542 -0.0554022 0.995154 -0.0812356 -9.16607 -0.804018 0.00377613 0.594593 81.5741
0.600116 0.0962836 0.794097 116.12 -0.0556834 0.99535 -0.0786041 -9.21865 -0.797973 0.0029535 0.602686 82.02
0.607309 0.0962422 0.788615 116.68 -0.0567363 0.995355 -0.0777803 -9.27343 -0.792437 0.00249356 0.609948 82.4688
0.614936 0.098416 0.782412 117.249 -0.060607 0.995145 -0.0775407 -9.32103 -0.786245 0.000262898 0.617915 82.9394
0.622797 0.099118 0.77608 117.83 -0.0619541 0.995076 -0.0773698 -9.37274 -0.779927 0.000104328 0.625871 83.4313
0.629864 0.0998684 0.770259 118.416 -0.0637338 0.995 -0.0768904 -9.42036 -0.774086 -0.000661054 0.63308 83.9304
0.634283 0.0988869 0.766751 118.997 -0.0637416 0.995098 -0.0756073 -9.47307 -0.770469 -0.0009175 0.637477 84.4213
0.638848 0.0974256 0.763139 119.612 -0.0623052 0.995243 -0.0748992 -9.52781 -0.766806 0.000301716 0.641879 84.9422
0.642338 0.0951876 0.760488 120.213 -0.059373 0.995456 -0.0744489 -9.58081 -0.764119 0.00266891 0.64507 85.4524
0.645967 0.0912675 0.75789 120.842 -0.0538089 0.995801 -0.074055 -9.63751 -0.761467 0.00705592 0.648166 85.997
0.649649 0.0847886 0.755491 121.471 -0.0460185 0.996325 -0.0722458 -9.69179 -0.75884 0.0121679 0.651163 86.5294
0.653536 0.0789655 0.752765 122.102 -0.0397896 0.996752 -0.0700154 -9.74826 -0.755849 0.0158054 0.654556 87.0755
0.657086 0.0735045 0.750223 122.738 -0.0349115 0.997134 -0.0671187 -9.80607 -0.753007 0.0179113 0.657769 87.6293
0.660553 0.0715635 0.747361 123.375 -0.0334374 0.997263 -0.0659394 -9.85412 -0.750035 0.0185667 0.661138 88.2078
0.663215 0.0732196 0.744839 123.99 -0.0349503 0.997147 -0.0669019 -9.91276 -0.747613 0.0183379 0.663882 88.7612
0.666586 0.0775625 0.741382 124.664 -0.0400026 0.996861 -0.0683235 -9.96416 -0.744354 0.0158863 0.667596 89.3915
0.669422 0.0809945 0.738454 125.283 -0.045759 0.996647 -0.0678321 -10.0142 -0.741472 0.0116174 0.670883 89.9773
0.672449 0.0788101 0.735936 125.927 -0.0471746 0.996857 -0.0636466 -10.0677 -0.738639 0.00808164 0.674053 90.579
0.675607 0.075816 0.733353 126.576 -0.0494285 0.997118 -0.0575484 -10.1139 -0.735603 0.0026316 0.677408 91.2017
0.679401 0.0697546 0.730444 127.209 -0.04868 0.997563 -0.0499852 -10.1592 -0.732151 -0.00159806 0.681141 91.7965
0.683623 0.0648412 0.726949 127.88 -0.0450085 0.997895 -0.0466826 -10.2011 -0.728446 -0.000805549 0.685103 92.4415
0.688024 0.0623252 0.723006 128.52 -0.0405385 0.99805 -0.0474577 -10.2444 -0.724555 0.00334247 0.689209 93.0423
0.694324 0.0589267 0.717246 129.174 -0.0300902 0.998148 -0.0528762 -10.2901 -0.719034 0.0151311 0.694811 93.6748
0.698683 0.0607873 0.712844 129.819 -0.0247977 0.997843 -0.0607852 -10.3366 -0.715002 0.0247927 0.698683 94.307
0.704206 0.0612654 0.707348 130.473 -0.0221653 0.997681 -0.0643452 -10.391 -0.70965 0.0296337 0.703931 94.958
0.710762 0.0567926 0.701136 131.103 -0.0183665 0.997894 -0.0622116 -10.4325 -0.703193 0.0313402 0.710308 95.6008
0.716824 0.0506569 0.695412 131.759 -0.0141051 0.998207 -0.0581744 -10.4948 -0.697112 0.031892 0.716253 96.2784
0.721741 0.0472565 0.690548 132.386 -0.00853721 0.998199 -0.0593872 -10.5419 -0.692111 0.0369669 0.720844 96.9473
0.726694 0.0499188 0.685145 133.025 -0.00821549 0.997917 -0.0639933 -10.6025 -0.686912 0.0408748 0.725591 97.6202
0.729808 0.0517619 0.681689 133.639 -0.00865193 0.997749 -0.0664983 -10.6507 -0.683597 0.0426331 0.728614 98.2906
0.73351 0.0489706 0.677913 134.282 -0.00660345 0.997868 -0.0649383 -10.7085 -0.679647 0.0431563 0.732269 98.9914
0.736483 0.0425124 0.675119 134.913 -0.00187651 0.998148 -0.0608065 -10.7671 -0.676454 0.0435161 0.735199 99.6749
0.738467 0.0381232 0.673211 135.544 0.000828913 0.998348 -0.0574446 -10.8235 -0.67429 0.042979 0.737215 100.36
0.738845 0.0336993 0.673032 136.172 0.00457717 0.998475 -0.0550192 -10.8755 -0.67386 0.0437313 0.737564 101.052
0.738095 0.0325793 0.67391 136.818 0.00459803 0.998567 -0.0533103 -10.9297 -0.674682 0.0424467 0.736887 101.772
0.738449 0.0327277 0.673515 137.421 0.0040333 0.998589 -0.0529459 -10.9748 -0.674298 0.0418143 0.737275 102.447
0.738154 0.0353611 0.673705 138.059 0.00130728 0.998549 -0.0538437 -11.0267 -0.674631 0.0406256 0.737037 103.151
0.736882 0.0389118 0.6749 138.661 -0.00180228 0.998452 -0.0555985 -11.0725 -0.676019 0.0397532 0.735811 103.84
0.7347 0.0432517 0.677012 139.312 -0.00663534 0.998376 -0.0565816 -11.1275 -0.67836 0.0370783 0.733793 104.558
0.732637 0.0451728 0.67912 139.922 -0.00920507 0.998362 -0.0564773 -11.1767 -0.680558 0.035126 0.731852 105.253
0.73076 0.0474726 0.680982 140.559 -0.0128959 0.998361 -0.0557592 -11.2306 -0.682513 0.0319647 0.730174 105.949
0.727802 0.0468584 0.684184 141.179 -0.0136627 0.998456 -0.0538485 -11.2819 -0.685651 0.0298433 0.727319 106.619
0.725929 0.0454952 0.686263 141.831 -0.0143078 0.998593 -0.051066 -11.3282 -0.687621 0.0272514 0.725558 107.319
0.723595 0.0415673 0.688972 142.46 -0.0101514 0.998718 -0.0495935 -11.3754 -0.69015 0.0288916 0.72309 107.997
0.720485 0.0441467 0.692064 143.109 -0.00953797 0.998508 -0.0537651 -11.4385 -0.693405 0.0321361 0.719831 108.681
0.716744 0.0565181 0.695042 143.709 -0.0178497 0.997871 -0.0627359 -11.481 -0.697108 0.0325593 0.716227 109.312
0.713294 0.062865 0.698039 144.357 -0.021217 0.99745 -0.068149 -11.5406 -0.700543 0.0338 0.712809 109.987
0.70983 0.0609217 0.701734 144.985 -0.0202997 0.997608 -0.0660745 -11.5948 -0.704081 0.0326567 0.709369 110.644
0.706184 0.0595415 0.70552 145.636 -0.0244643 0.997915 -0.0597305 -11.6555 -0.707606 0.0249207 0.706168 111.308
0.702952 0.0572049 0.708933 146.254 -0.0250182 0.998132 -0.0557337 -11.7045 -0.710797 0.0214419 0.70307 111.933
0.699185 0.0577255 0.712607 146.905 -0.0263015 0.998137 -0.0550491 -11.759 -0.714457 0.0197469 0.699401 112.588
0.696446 0.0557457 0.715441 147.544 -0.0231225 0.998204 -0.0552694 -11.8063 -0.717237 0.0219493 0.696483 113.222
0.69254 0.0552611 0.71926 148.185 -0.0205088 0.998167 -0.0569427 -11.8599 -0.721088 0.0246839 0.692403 113.837
0.689999 0.0544417 0.72176 148.85 -0.0159904 0.998071 -0.0599968 -11.9123 -0.723634 0.0298565 0.689538 114.47
0.685665 0.0549894 0.725838 149.477 -0.0149096 0.997994 -0.0615236 -11.9663 -0.727765 0.0313626 0.685109 115.068
0.682001 0.0560333 0.729202 150.15 -0.0148819 0.997917 -0.0627633 -12.0173 -0.7312 0.0319527 0.681415 115.697
0.677547 0.0571852 0.733253 150.808 -0.0166001 0.997908 -0.0624862 -12.0706 -0.735292 0.0301652 0.677078 116.318
0.672559 0.0569066 0.737852 151.477 -0.0156603 0.99791 -0.0626889 -12.131 -0.739878 0.030607 0.672045 116.939
0.667192 0.0602074 0.742449 152.127 -0.018834 0.997773 -0.0639875 -12.1792 -0.744648 0.0287087 0.66684 117.531
0.66104 0.0664341 0.747404 152.809 -0.022304 0.997372 -0.0689262 -12.2467 -0.75002 0.0288929 0.660784 118.142
0.654582 0.0731715 0.752442 153.479 -0.0258603 0.99689 -0.0744459 -12.3013 -0.755549 0.0292726 0.654438 118.749
0.648691 0.0769835 0.757148 154.153 -0.0291267 0.996653 -0.0763809 -12.365 -0.760494 0.0274943 0.648762 119.311
0.641899 0.0714218 0.763456 154.881 -0.0287365 0.997194 -0.069127 -12.4311 -0.766251 0.0224335 0.64215 119.932
0.635219 0.0653358 0.769564 155.604 -0.031212 0.997773 -0.0589474 -12.4751 -0.771701 0.0134249 0.635843 120.535
0.627796 0.0604987 0.776023 156.308 -0.030433 0.99812 -0.0531933 -12.5388 -0.777783 0.00977787 0.628457 121.118
0.621129 0.0623886 0.781221 157.047 -0.0363289 0.998047 -0.0508202 -12.5767 -0.782866 0.00318505 0.622183 121.714
0.611957 0.0643877 0.788266 157.755 -0.0367952 0.997919 -0.0529474 -12.6286 -0.790035 0.00339712 0.613053 122.286
0.60669 0.0628673 0.792448 158.536 -0.027462 0.99793 -0.0581442 -12.6739 -0.794464 0.0135134 0.607161 122.882
0.599218 0.072698 0.797278 159.253 -0.0315796 0.99724 -0.0671965 -12.7404 -0.799963 0.0150876 0.59986 123.417
0.591674 0.0742281 0.802753 159.973 -0.0277263 0.997037 -0.071757 -12.8018 -0.8057 0.0201994 0.591979 123.958
0.584824 0.0697855 0.808153 160.76 -0.0235777 0.997334 -0.0690595 -12.8575 -0.810818 0.0213333 0.58491 124.533
0.578519 0.0632984 0.813209 161.542 -0.0180814 0.997735 -0.0647983 -12.9236 -0.815468 0.0227831 0.578353 125.082
0.570795 0.0633809 0.818642 162.269 -0.0191416 0.997773 -0.0639031 -12.9841 -0.820869 0.0208055 0.570737 125.602
0.563675 0.064198 0.823498 163.047 -0.0193817 0.997729 -0.064514 -13.0402 -0.825769 0.0204042 0.563639 126.151
0.558029 0.0625105 0.827464 163.775 -0.0164853 0.997797 -0.0642608 -13.0996 -0.829658 0.0222184 0.55783 126.63
0.55258 0.0563134 0.831556 164.571 -0.00992869 0.998089 -0.0609934 -13.1612 -0.833401 0.0254475 0.552083 127.169
0.547143 0.0536274 0.83532 165.3 -0.00945022 0.998278 -0.0578993 -13.2173 -0.836986 0.0237853 0.546707 127.66
0.543356 0.0528041 0.83784 166.043 -0.0109092 0.99838 -0.0558471 -13.2672 -0.839431 0.0212047 0.543052 128.146
0.538138 0.0547446 0.841077 166.769 -0.0119763 0.998284 -0.0573144 -13.3243 -0.842772 0.0207701 0.537871 128.619
0.534745 0.0573349 0.843066 167.516 -0.0105301 0.99807 -0.0611973 -13.38 -0.844948 0.0238474 0.534316 129.097
