1 -4.1311e-11 9.68377e-11 0 -4.12612e-11 1 -1.70424e-11 0 -2.58458e-10 -1.70424e-11 1 -2.98023e-08
0.999997 -0.00194073 -0.0015066 0.0048612 0.00193945 0.999998 -0.000849322 -0.026191 0.00150824 0.000846398 0.999999 0.560039
0.999994 -0.00273757 -0.00231415 -0.00359305 0.00273293 0.999994 -0.00200404 -0.0448456 0.00231962 0.0019977 0.999995 1.12805
0.999987 -0.00301719 -0.00424257 -0.0081192 0.00300216 0.999989 -0.00354389 -0.0620635 0.00425322 0.00353111 0.999985 1.67564
0.999971 -0.00486504 -0.00587804 -0.0102226 0.00483454 0.999975 -0.00519302 -0.0784799 0.00590316 0.00516445 0.999969 2.22831
0.999946 -0.00744158 -0.00720585 -0.016555 0.00739078 0.999948 -0.0070518 -0.0947629 0.00725795 0.00699816 0.999949 2.78844
0.999922 -0.00897131 -0.00866729 -0.0199537 0.00890453 0.999931 -0.00771239 -0.109905 0.00873587 0.00763461 0.999933 3.35298
0.999912 -0.00923228 -0.00955603 -0.0277073 0.00916392 0.999932 -0.00717301 -0.126508 0.00962161 0.00708481 0.999929 3.93101
0.999894 -0.00967316 -0.0108753 -0.0418299 0.00959136 0.999926 -0.00754865 -0.14379 0.0109475 0.00744355 0.999912 4.51401
0.999893 -0.00895863 -0.011594 -0.0498055 0.00884109 0.999909 -0.0101503 -0.165654 0.0116839 0.0100468 0.999881 5.10204
0.999891 -0.0073182 -0.0128637 -0.0699435 0.00714047 0.999879 -0.0138081 -0.187422 0.0129632 0.0137148 0.999822 5.70808
0.999899 -0.0061544 -0.0128478 -0.0791322 0.00592411 0.999822 -0.0178862 -0.203384 0.0129556 0.0178083 0.999757 6.30699
0.999895 -0.00438026 -0.0138153 -0.0966765 0.00412493 0.999821 -0.0184562 -0.221131 0.0138936 0.0183973 0.999734 6.93139
0.999841 -0.00218207 -0.0176843 -0.114588 0.00197084 0.999927 -0.0119531 -0.234577 0.0177091 0.0119164 0.999772 7.57132
0.999846 -0.00180209 -0.0174392 -0.132643 0.00177674 0.999997 -0.00146895 -0.252235 0.0174418 0.00143774 0.999847 8.23257
0.999768 -0.00135308 -0.0214859 -0.142302 0.00147966 0.999982 0.00587672 -0.270601 0.0214776 -0.00590715 0.999752 8.90781
0.999692 -0.000941118 -0.0247913 -0.169079 0.00107549 0.999985 0.00540751 -0.288605 0.0247858 -0.00543251 0.999678 9.58858
0.999671 0.0015833 -0.0255845 -0.204147 -0.00162839 0.999997 -0.0017416 -0.299016 0.0255816 0.00178269 0.999671 10.2785
0.999583 0.00142808 -0.0288544 -0.22982 -0.00165686 0.999967 -0.00790652 -0.304954 0.0288421 0.00795103 0.999552 10.9981
0.999554 -0.000554815 -0.0298691 -0.258752 0.000355682 0.999978 -0.00667179 -0.312548 0.0298721 0.00665819 0.999532 11.7162
0.999538 -0.0020297 -0.030329 -0.280034 0.00210607 0.999995 0.00248662 -0.323935 0.0303238 -0.00254935 0.999537 12.4863
0.999449 -0.00296361 -0.0330441 -0.307069 0.00330651 0.999941 0.0103273 -0.332834 0.0330115 -0.0104308 0.9994 13.2525
0.999317 -0.00384334 -0.0367473 -0.338057 0.00433159 0.999903 0.0132165 -0.339696 0.0366929 -0.0133666 0.999237 14.0469
0.999275 -0.0060163 -0.0375798 -0.379031 0.00649271 0.9999 0.012568 -0.344214 0.0375005 -0.0128029 0.999215 14.8469
0.999327 -0.00602255 -0.0361844 -0.411249 0.00639352 0.999928 0.0101452 -0.349797 0.0361206 -0.0103697 0.999294 15.6643
0.999351 -0.00414579 -0.0357899 -0.447466 0.00437681 0.99997 0.00637888 -0.347555 0.0357624 -0.00653139 0.999339 16.4986
0.999398 -0.00694401 -0.0339912 -0.483817 0.0069845 0.999975 0.00107266 -0.361155 0.0339829 -0.00130943 0.999422 17.3509
0.999407 -0.010004 -0.0329493 -0.510431 0.00984783 0.99994 -0.00489914 -0.375942 0.0329964 0.00457175 0.999445 18.2172
0.999485 -0.00853329 -0.0309492 -0.548127 0.00822651 0.999916 -0.0100262 -0.395804 0.0310322 0.0097664 0.999471 19.1024
0.999465 -0.00730168 -0.0318986 -0.579286 0.00693881 0.99991 -0.0114715 -0.409625 0.0319795 0.011244 0.999425 19.9993
0.999467 -0.0075332 -0.0317592 -0.615929 0.00718573 0.999913 -0.0110408 -0.434792 0.0318396 0.0108067 0.999435 20.9278
0.999483 -0.0067643 -0.0314484 -0.655187 0.00639771 0.999911 -0.0117429 -0.462446 0.031525 0.0115356 0.999436 21.8689
0.999542 -0.00345422 -0.0300509 -0.699362 0.0030302 0.999895 -0.0141442 -0.490306 0.0300966 0.0140467 0.999448 22.7962
0.999575 0.000654899 -0.0291555 -0.742427 -0.00109626 0.999885 -0.0151247 -0.516496 0.0291422 0.0151503 0.999461 23.7538
0.999606 0.00231837 -0.0279774 -0.770965 -0.00273857 0.999884 -0.0149902 -0.549485 0.0279394 0.0150609 0.999496 24.7047
0.999596 0.00293874 -0.0282811 -0.807023 -0.00335612 0.999886 -0.014722 -0.581221 0.0282346 0.014811 0.999492 25.7036
0.999531 0.00345703 -0.0304186 -0.834715 -0.00390166 0.999886 -0.0145698 -0.614652 0.0303647 0.0146816 0.999431 26.6837
0.999585 0.00380099 -0.0285604 -0.883794 -0.00419239 0.999898 -0.0136568 -0.646681 0.0285055 0.0137709 0.999499 27.6691
0.999604 0.00459262 -0.0277666 -0.915378 -0.00492575 0.999917 -0.0119409 -0.67912 0.0277095 0.012073 0.999543 28.6886
0.999625 0.00463514 -0.026996 -0.931763 -0.00492982 0.999929 -0.0108596 -0.70665 0.0269437 0.0109886 0.999577 29.6678
0.999694 0.00459773 -0.024292 -0.97786 -0.00487816 0.999922 -0.0114974 -0.742619 0.0242372 0.0116124 0.999639 30.682
0.999691 0.00676851 -0.0238994 -0.997641 -0.00706947 0.999897 -0.012531 -0.774435 0.0238121 0.0126961 0.999636 31.6894
0.999615 0.00727803 -0.0267624 -1.04978 -0.00758989 0.999904 -0.0115696 -0.805502 0.0266756 0.0117683 0.999575 32.7302
0.99958 0.00632266 -0.0282645 -1.08259 -0.00657445 0.999939 -0.00882434 -0.837792 0.028207 0.00900647 0.999562 33.7785
0.999524 0.00697811 -0.0300419 -1.12058 -0.00714253 0.99996 -0.00536914 -0.866456 0.0300033 0.00558116 0.999534 34.8155
0.999538 0.00612926 -0.0297601 -1.17241 -0.00620963 0.999977 -0.0026089 -0.890818 0.0297435 0.0027925 0.999554 35.8881
0.999569 0.00593809 -0.0287394 -1.20709 -0.00599709 0.99998 -0.00196724 -0.915456 0.0287271 0.00213875 0.999585 36.9462
0.999569 0.00673029 -0.0285793 -1.23914 -0.00682848 0.999971 -0.00333938 -0.941849 0.028556 0.00353309 0.999586 38.0177
0.999484 0.00753726 -0.0312153 -1.27396 -0.0076553 0.999964 -0.00366345 -0.965627 0.0311866 0.00390053 0.999506 39.0904
0.999477 0.007177 -0.031526 -1.32317 -0.00725499 0.999971 -0.0023603 -0.989069 0.0315081 0.00258779 0.9995 40.1513
0.999417 0.00708357 -0.0333875 -1.35734 -0.00709359 0.999975 -0.000181683 -1.01725 0.0333854 0.000418415 0.999443 41.2536
0.99939 0.00678981 -0.0342689 -1.3993 -0.00671278 0.999975 0.00236251 -1.04094 0.0342841 -0.00213103 0.99941 42.3365
0.99936 0.00807101 -0.0348427 -1.43051 -0.00798976 0.999965 0.00247045 -1.06417 0.0348614 -0.00219048 0.99939 43.4039
0.999329 0.00949662 -0.0353877 -1.48091 -0.0095415 0.999954 -0.0010995 -1.08939 0.0353756 0.00143641 0.999373 44.4609
0.999273 0.0121529 -0.0361229 -1.52943 -0.0123509 0.99991 -0.00526372 -1.11829 0.0360557 0.00570604 0.999334 45.548
0.999266 0.0131369 -0.0359804 -1.5716 -0.0133397 0.999896 -0.00540364 -1.14511 0.0359057 0.00587964 0.999338 46.6146
0.999286 0.011714 -0.0359165 -1.62883 -0.0118273 0.999926 -0.0029422 -1.17244 0.0358793 0.00336489 0.999351 47.6947
0.999395 0.0128643 -0.0323152 -1.65978 -0.0129026 0.999916 -0.000977885 -1.19587 0.0322999 0.00139424 0.999477 48.7575
0.999422 0.0111172 -0.0321333 -1.71007 -0.0111118 0.999938 0.000348318 -1.22242 0.0321352 8.94102e-06 0.999484 49.8191
0.999413 0.0122648 -0.0319851 -1.74421 -0.0122653 0.999925 0.000179628 -1.24667 0.0319849 0.000212785 0.999488 50.9066
0.999497 0.0107907 -0.0298288 -1.78732 -0.0108452 0.99994 -0.00166692 -1.27226 0.029809 0.00198958 0.999554 51.9723
0.999497 0.0118738 -0.0293923 -1.83354 -0.0120041 0.999919 -0.00426062 -1.29735 0.0293393 0.00461131 0.999559 53.0369
0.999503 0.0102748 -0.0298098 -1.86186 -0.0104792 0.999923 -0.00670751 -1.32829 0.0297386 0.00701655 0.999533 54.1185
0.999525 0.00887173 -0.0295123 -1.90071 -0.00916654 0.999909 -0.00986916 -1.36115 0.0294221 0.010135 0.999516 55.1792
0.999552 0.0083834 -0.0287184 -1.93182 -0.00871971 0.999895 -0.0116056 -1.39886 0.0286181 0.0118508 0.99952 56.2545
0.999563 0.00691747 -0.0287423 -1.95548 -0.00719201 0.999929 -0.00945945 -1.43359 0.0286749 0.00966203 0.999542 57.3336
0.999605 0.00555489 -0.0275361 -1.99144 -0.00564879 0.999979 -0.00333352 -1.46311 0.027517 0.00348775 0.999615 58.3859
0.999628 0.00331388 -0.0270612 -2.0255 -0.0032519 0.999992 0.00233389 -1.48716 0.0270687 -0.00224502 0.999631 59.5042
0.99963 0.00128491 -0.0271535 -2.06124 -0.00118238 0.999992 0.0037914 -1.50961 0.0271581 -0.00375789 0.999624 60.5834
0.999632 -0.000210576 -0.0271239 -2.08753 0.000226334 1 0.000577852 -1.53703 0.0271237 -0.000583778 0.999632 61.6404
0.999626 -0.00219664 -0.0272727 -2.12051 0.00212486 0.999994 -0.00266073 -1.55895 0.0272784 0.00260178 0.999624 62.7293
0.999622 0.000421277 -0.0275023 -2.15449 -0.000598531 0.999979 -0.00643713 -1.58986 0.027499 0.00645115 0.999601 63.8005
0.999595 0.00168173 -0.0283938 -2.18488 -0.00197547 0.999945 -0.0103204 -1.62309 0.0283749 0.0103723 0.999544 64.8864
0.999588 0.00501421 -0.0282559 -2.23452 -0.00532942 0.999924 -0.0110913 -1.65457 0.0281981 0.0112373 0.999539 65.9497
0.999625 0.00821151 -0.026107 -2.28042 -0.00841892 0.999934 -0.00784457 -1.682 0.0260409 0.00806142 0.999628 67.0239
0.999631 0.00921771 -0.0255418 -2.31658 -0.0093522 0.999943 -0.00515094 -1.71419 0.0254928 0.00538792 0.999661 68.1147
0.999678 0.00942465 -0.0235706 -2.35545 -0.0095347 0.999944 -0.00456079 -1.74406 0.0235263 0.00478406 0.999712 69.2073
0.999666 0.00763661 -0.0246795 -2.3764 -0.00772633 0.999964 -0.00354197 -1.77307 0.0246516 0.00373147 0.999689 70.2957
0.999653 0.00731508 -0.0253054 -2.40663 -0.00736536 0.999971 -0.00189433 -1.80396 0.0252908 0.00208006 0.999678 71.3736
0.99963 0.00548365 -0.0266453 -2.43343 -0.0054822 0.999985 0.000127382 -1.83124 0.0266456 1.87394e-05 0.999645 72.4541
0.999684 0.0037149 -0.0248655 -2.46559 -0.00366132 0.999991 0.00220008 -1.85576 0.0248734 -0.00210834 0.999688 73.5423
0.999716 0.003137 -0.0236192 -2.49811 -0.00311591 0.999995 0.000929244 -1.88443 0.023622 -0.000855385 0.999721 74.5975
0.999669 0.00387796 -0.0254271 -2.51964 -0.00394695 0.999989 -0.00266362 -1.91235 0.0254165 0.0027631 0.999673 75.6633
0.999614 0.0056089 -0.0271991 -2.55537 -0.00574075 0.999972 -0.00477223 -1.94208 0.0271716 0.00492654 0.999619 76.7455
0.999578 0.00679572 -0.0282313 -2.59712 -0.00688404 0.999972 -0.00303255 -1.96926 0.0282099 0.00322562 0.999597 77.8053
0.999576 0.00812106 -0.0279599 -2.63902 -0.00808459 0.999966 0.00141708 -1.99659 0.0279705 -0.00119044 0.999608 78.8761
0.999513 0.00879026 -0.0299368 -2.67829 -0.00862686 0.999947 0.00558315 -2.01766 0.0299843 -0.00532217 0.999536 79.9738
0.999445 0.0100505 -0.0317712 -2.72101 -0.00984774 0.99993 0.00653225 -2.04034 0.0318346 -0.00621575 0.999474 81.0277
0.999413 0.0106759 -0.0325391 -2.76715 -0.0105224 0.999933 0.00488626 -2.05847 0.0325891 -0.00454101 0.999459 82.0963
0.999447 0.0105459 -0.0315346 -2.81695 -0.0104193 0.999937 0.00417792 -2.07993 0.0315767 -0.00384705 0.999494 83.1392
0.999381 0.0106363 -0.0335436 -2.85591 -0.0105049 0.999937 0.00409146 -2.10254 0.033585 -0.00373655 0.999429 84.1964
0.999371 0.0089532 -0.0343163 -2.90364 -0.00880031 0.999951 0.00460379 -2.12721 0.0343559 -0.0042989 0.9994 85.2483
0.999382 0.00880405 -0.0340303 -2.94222 -0.00859127 0.999943 0.00639381 -2.15101 0.0340847 -0.0060975 0.9994 86.2573
0.999395 0.00785345 -0.0338707 -2.9806 -0.00755988 0.999933 0.00878683 -2.16888 0.0339374 -0.00852545 0.999388 87.2309
0.99937 0.00740664 -0.0347084 -3.02194 -0.00706113 0.999924 0.0100667 -2.19207 0.0347804 -0.00981525 0.999347 88.2157
0.999307 0.00620837 -0.0366911 -3.06305 -0.00584641 0.999933 0.00996398 -2.21114 0.0367506 -0.00974257 0.999277 89.1734
0.999187 0.00540306 -0.0399637 -3.11154 -0.00502281 0.999941 0.00960924 -2.231 0.0400132 -0.00940069 0.999155 90.0993
0.999044 0.0057104 -0.0433386 -3.15392 -0.0053326 0.999947 0.00882794 -2.24895 0.0433868 -0.00858839 0.999021 91.0007
0.998968 0.00523216 -0.0451186 -3.20744 -0.00483327 0.999948 0.00894536 -2.26572 0.0451631 -0.00871805 0.998942 91.8644
0.998809 0.00620331 -0.0484046 -3.26157 -0.00571232 0.999931 0.0102752 -2.28365 0.048465 -0.00998643 0.998775 92.74
0.998678 0.00764176 -0.0508338 -3.31283 -0.00707403 0.999911 0.0113389 -2.30219 0.0509159 -0.0109643 0.998643 93.5864
0.998535 0.00803405 -0.0535133 -3.35643 -0.00735862 0.999891 0.0128068 -2.31524 0.0536104 -0.0123943 0.998485 94.3896
0.998433 0.0101417 -0.0550291 -3.41052 -0.0093935 0.99986 0.0138388 -2.32939 0.0551617 -0.0133002 0.998389 95.1762
0.998305 0.0117198 -0.0570092 -3.46138 -0.0109321 0.999841 0.014111 -2.34307 0.0571655 -0.0134638 0.998274 95.9277
0.998081 0.0135797 -0.0604187 -3.51321 -0.0128076 0.999832 0.0131484 -2.3589 0.060587 -0.0123494 0.998087 96.6376
0.9979 0.01547 -0.0629065 -3.56917 -0.0148687 0.999839 0.0100145 -2.37546 0.0630514 -0.00905811 0.997969 97.3378
0.997705 0.0181282 -0.0652407 -3.62233 -0.0177789 0.999824 0.00593169 -2.39181 0.0653367 -0.00475817 0.997852 97.9819
0.997733 0.0202471 -0.0641799 -3.68261 -0.0200891 0.999793 0.00310647 -2.40514 0.0642295 -0.00181011 0.997934 98.6103
0.997684 0.0218587 -0.0644058 -3.73396 -0.0217509 0.999761 0.00237389 -2.42002 0.0644423 -0.000967505 0.997921 99.2076
0.997731 0.0245181 -0.0627026 -3.77187 -0.0243997 0.999699 0.00265345 -2.43737 0.0627488 -0.00111751 0.998029 99.7869
0.997817 0.0279707 -0.0598156 -3.82667 -0.0277616 0.999605 0.00432335 -2.45272 0.0599129 -0.00265334 0.9982 100.352
0.99805 0.0313291 -0.0539808 -3.84106 -0.0310544 0.9995 0.00592 -2.46817 0.0541393 -0.00423212 0.998524 100.877
0.99836 0.031961 -0.0475019 -3.87385 -0.0316265 0.99947 0.00777672 -2.48032 0.0477252 -0.00626164 0.998841 101.398
0.998773 0.0318547 -0.0379333 -3.88869 -0.0314857 0.999451 0.0102869 -2.48923 0.0382402 -0.00907995 0.999227 101.886
0.999188 0.0310273 -0.0257068 -3.89532 -0.0307421 0.999462 0.011416 -2.50129 0.0260472 -0.0106165 0.999604 102.344
0.999467 0.0302258 -0.0123713 -3.895 -0.0300852 0.999482 0.0113906 -2.51164 0.0127092 -0.0110124 0.999859 102.811
0.999559 0.0296251 0.00211634 -3.88123 -0.0296458 0.999505 0.0105465 -2.5224 -0.00180285 -0.0106046 0.999942 103.245
0.999412 0.0283617 0.0192489 -3.86585 -0.028514 0.999564 0.00768302 -2.5354 -0.0190226 -0.00822737 0.999785 103.662
0.998806 0.0275616 0.0403264 -3.84156 -0.0277077 0.999611 0.00306713 -2.54508 -0.0402262 -0.00418082 0.999182 104.071
0.997493 0.0262492 0.0657153 -3.7965 -0.0261881 0.999655 -0.00179179 -2.55692 -0.0657397 6.63421e-05 0.997837 104.464
0.995469 0.0236273 0.0921049 -3.74501 -0.0232915 0.999718 -0.00471978 -2.56724 -0.0921905 0.00255313 0.995738 104.853
0.992296 0.0208899 0.122114 -3.67414 -0.0202858 0.999775 -0.00618858 -2.57791 -0.122216 0.00366373 0.992497 105.237
0.987785 0.0182756 0.154751 -3.58893 -0.01722 0.999818 -0.00815887 -2.59051 -0.154872 0.00539439 0.98792 105.613
0.98147 0.0161536 0.190932 -3.48503 -0.0145536 0.999846 -0.00977947 -2.60281 -0.19106 0.00681953 0.981555 105.979
0.973397 0.0123153 0.228794 -3.3665 -0.0101715 0.999893 -0.010547 -2.61779 -0.228899 0.00793927 0.973418 106.328
0.963261 0.00977449 0.268391 -3.22897 -0.00694809 0.99991 -0.0114788 -2.63433 -0.268479 0.00919224 0.963242 106.685
0.950815 0.0103086 0.309586 -3.08464 -0.00675657 0.999899 -0.0125435 -2.65131 -0.309684 0.00983485 0.950789 107
0.935683 0.0127379 0.352612 -2.93085 -0.0085672 0.999874 -0.0133861 -2.66038 -0.352738 0.00950429 0.935674 107.326
0.917809 0.0120827 0.396838 -2.75232 -0.00777276 0.999892 -0.0124672 -2.67584 -0.396946 0.008358 0.917804 107.652
0.897807 0.0111203 0.440248 -2.5767 -0.006696 0.99991 -0.0116017 -2.6826 -0.440338 0.00746821 0.897801 107.938
0.87448 0.00975969 0.484964 -2.3641 -0.00432509 0.999915 -0.0123239 -2.69855 -0.485043 0.00867949 0.874447 108.241
0.85004 0.00967549 0.52663 -2.15002 -0.00255296 0.999895 -0.0142498 -2.71586 -0.526712 0.0107684 0.849975 108.5
0.822724 0.0115148 0.568324 -1.92623 -0.00184835 0.999844 -0.0175821 -2.73179 -0.568437 0.0134147 0.822617 108.764
0.792331 0.015773 0.609888 -1.68955 -0.00302143 0.999755 -0.0219306 -2.74743 -0.610085 0.0155335 0.792184 109.008
0.758406 0.0217573 0.65142 -1.44316 -0.00650312 0.999646 -0.0258168 -2.76369 -0.651751 0.0153433 0.758278 109.266
0.72154 0.0267696 0.691855 -1.18254 -0.00899633 0.99953 -0.029292 -2.77022 -0.692314 0.0149112 0.721442 109.487
0.682453 0.0269453 0.730433 -0.8835 -0.00695261 0.999514 -0.0303756 -2.78583 -0.730897 0.0156515 0.682309 109.704
0.641534 0.0235452 0.766733 -0.569459 -0.0028025 0.999594 -0.0283512 -2.8085 -0.767089 0.0160395 0.64134 109.908
0.597935 0.0215932 0.801253 -0.253562 -0.000855655 0.999654 -0.0263014 -2.81552 -0.801544 0.015041 0.597747 110.081
0.55143 0.0194654 0.833994 0.0891246 -9.84472e-07 0.999728 -0.023333 -2.83286 -0.834221 0.0128657 0.55128 110.261
0.50418 0.0173421 0.863424 0.426857 0.00143716 0.99978 -0.0209201 -2.84153 -0.863597 0.0117884 0.504044 110.409
0.453622 0.012291 0.891109 0.810231 0.00436741 0.999862 -0.0160142 -2.86892 -0.891183 0.0111562 0.453506 110.55
0.402323 0.0126352 0.915411 1.1683 0.00256361 0.999885 -0.0149279 -2.87978 -0.915494 0.00835262 0.402245 110.666
0.351322 0.0169543 0.936101 1.52599 -0.000358807 0.999838 -0.017974 -2.89581 -0.936255 0.00597879 0.351271 110.773
0.300472 0.0222655 0.953531 1.92997 -0.00251042 0.999743 -0.0225535 -2.91077 -0.953787 0.00438293 0.300451 110.865
0.254444 0.0245225 0.966776 2.32611 -0.000164666 0.99968 -0.0253137 -2.92144 -0.967087 0.00628174 0.254367 110.934
0.212155 0.0240356 0.976941 2.75607 0.00705967 0.999634 -0.026127 -2.94165 -0.977211 0.0124398 0.211907 110.993
0.177145 0.0234757 0.983905 3.18002 0.0153657 0.999528 -0.0266149 -2.95824 -0.984065 0.0198331 0.1767 111.025
0.146434 0.0242084 0.988924 3.6296 0.0189184 0.999449 -0.0272674 -2.97713 -0.98904 0.0227018 0.145895 111.07
0.118579 0.0225132 0.992689 4.08815 0.0174493 0.999541 -0.0247529 -2.99482 -0.992791 0.020257 0.118132 111.106
0.093289 0.0198044 0.995442 4.57318 0.012124 0.999705 -0.0210255 -3.00547 -0.995565 0.0140302 0.0930214 111.151
0.0687449 0.0163693 0.9975 5.08059 0.00780182 0.999826 -0.0169451 -3.01824 -0.997604 0.0089472 0.0686052 111.187
0.0468128 0.0134841 0.998813 5.59442 0.0122481 0.999826 -0.0140718 -3.03911 -0.998829 0.0128923 0.0466394 111.186
0.0263775 0.0135293 0.999561 6.12676 0.0188944 0.999723 -0.0140301 -3.06085 -0.999474 0.0192562 0.0261146 111.176
0.00833576 0.0155309 0.999845 6.68537 0.0249509 0.999565 -0.0157346 -3.08294 -0.999654 0.0250782 0.00794462 111.163
-0.00548272 0.0210298 0.999764 7.24558 0.0252833 0.999462 -0.0208848 -3.0972 -0.999665 0.0251628 -0.00601148 111.153
-0.0173615 0.025855 0.999515 7.84557 0.021283 0.999449 -0.0254836 -3.10788 -0.999623 0.0208302 -0.0179022 111.153
-0.0231549 0.0262417 0.999387 8.45983 0.022877 0.999408 -0.0257122 -3.12511 -0.99947 0.0222676 -0.0237415 111.129
-0.026517 0.0225177 0.999395 9.1068 0.030859 0.999288 -0.0216965 -3.15111 -0.999172 0.030265 -0.027193 111.106
-0.0262746 0.0208463 0.999437 9.76374 0.0327328 0.999264 -0.0199821 -3.17225 -0.999119 0.0321894 -0.0269377 111.087
-0.0239069 0.0200317 0.999513 10.4292 0.0317217 0.999311 -0.0192689 -3.19898 -0.999211 0.0312456 -0.0245259 111.074
-0.0219344 0.021141 0.999536 11.1393 0.0278397 0.999402 -0.0205272 -3.22158 -0.999372 0.0273765 -0.0225098 111.068
-0.0204505 0.0220234 0.999548 11.8531 0.0263794 0.999421 -0.0214809 -3.24498 -0.999443 0.0259282 -0.0210196 111.056
-0.0195731 0.022643 0.999552 12.5555 0.0257534 0.999423 -0.0221358 -3.26954 -0.999477 0.0253086 -0.0201449 111.051
-0.0194397 0.0221425 0.999566 13.2689 0.0257465 0.999434 -0.0216389 -3.29594 -0.999479 0.0253147 -0.0199988 111.047
-0.0186876 0.0207593 0.99961 14.0258 0.0243442 0.999497 -0.0203019 -3.32265 -0.999529 0.0239553 -0.0191836 111.042
-0.0179633 0.0195598 0.999647 14.8095 0.0238413 0.999533 -0.0191291 -3.35467 -0.999554 0.0234893 -0.0184212 111.028
-0.0181819 0.0168944 0.999692 15.5803 0.02516 0.999548 -0.0164344 -3.37995 -0.999518 0.0248535 -0.0185987 111.018
-0.0184002 0.0156496 0.999708 16.3678 0.0245443 0.999583 -0.0151959 -3.40462 -0.999529 0.0242576 -0.0187766 111.005
-0.0202041 0.0149076 0.999685 17.1525 0.0207888 0.999679 -0.0144873 -3.43269 -0.99958 0.0204896 -0.0205075 111
-0.021399 0.0122174 0.999696 17.9662 0.0242562 0.999637 -0.0116975 -3.45641 -0.999477 0.0239985 -0.0216876 110.983
-0.0223159 0.010096 0.9997 18.7676 0.0254539 0.999631 -0.00952707 -3.48399 -0.999427 0.0252337 -0.0225647 110.967
-0.0235533 0.00951339 0.999677 19.5845 0.0251314 0.999644 -0.00892096 -3.50706 -0.999407 0.0249132 -0.023784 110.947
-0.0240896 0.0137097 0.999616 20.3917 0.0208185 0.999696 -0.0132091 -3.5319 -0.999493 0.0204923 -0.0243677 110.94
-0.0252683 0.0185234 0.999509 21.2152 0.0207221 0.999623 -0.0180016 -3.55907 -0.999466 0.020257 -0.0256426 110.927
-0.0262276 0.0199791 0.999456 22.0668 0.0225767 0.999557 -0.0193887 -3.59274 -0.999401 0.0220559 -0.0266671 110.905
-0.0275393 0.0178675 0.999461 22.8847 0.0186629 0.999675 -0.0173571 -3.62029 -0.999447 0.0181748 -0.0278639 110.89
-0.028278 0.0138483 0.999504 23.7321 0.0158322 0.999785 -0.0134042 -3.64915 -0.999475 0.0154453 -0.0284911 110.877
-0.0285415 0.00874419 0.999554 24.5757 0.0146616 0.999858 -0.00832819 -3.6784 -0.999485 0.0144173 -0.0286657 110.857
-0.029009 0.00285116 0.999575 25.4305 0.0112662 0.999933 -0.00252522 -3.70211 -0.999516 0.0111882 -0.0290392 110.845
-0.0287522 0.00147873 0.999586 26.2637 0.00891807 0.99996 -0.00122276 -3.72235 -0.999547 0.00887922 -0.0287642 110.83
-0.0276367 0.00820332 0.999584 27.1031 0.0119674 0.999897 -0.00787501 -3.75525 -0.999546 0.0117448 -0.0277321 110.812
-0.0266047 0.0182724 0.999479 27.9242 0.013658 0.999746 -0.0179137 -3.7882 -0.999553 0.0131743 -0.0268475 110.796
-0.0263289 0.0235169 0.999377 28.7661 0.0149659 0.99962 -0.0231284 -3.82186 -0.999541 0.0143476 -0.0266708 110.777
-0.0247266 0.0196777 0.999501 29.5906 0.0170559 0.999669 -0.0192591 -3.84548 -0.999549 0.0165712 -0.025054 110.756
-0.0237068 0.0115044 0.999653 30.4344 0.0200965 0.999737 -0.0110288 -3.87738 -0.999517 0.0198281 -0.0239318 110.743
-0.0234772 0.0079176 0.999693 31.2643 0.021743 0.999736 -0.00740732 -3.90858 -0.999488 0.0215624 -0.0236432 110.723
-0.0235496 0.00853642 0.999686 32.0822 0.0200753 0.999766 -0.00806419 -3.93787 -0.999521 0.0198791 -0.0237155 110.715
-0.0245079 0.00932006 0.999656 32.9014 0.0170899 0.999814 -0.00890255 -3.96526 -0.999554 0.0168659 -0.0246627 110.702
-0.026093 0.00935891 0.999616 33.7141 0.0148914 0.999849 -0.00897238 -3.98979 -0.999549 0.0146515 -0.0262284 110.692
-0.0289075 0.00932063 0.999539 34.5234 0.0149299 0.999849 -0.00889173 -4.01923 -0.999471 0.014666 -0.0290423 110.677
-0.0302735 0.00963384 0.999495 35.3335 0.0135148 0.999866 -0.00922807 -4.04842 -0.99945 0.0132286 -0.0303996 110.66
-0.0322252 0.00960751 0.999434 36.1275 0.012017 0.999885 -0.00922437 -4.07456 -0.999408 0.0117129 -0.0323369 110.644
-0.034741 0.00880786 0.999358 36.927 0.0100611 0.999914 -0.008463 -4.09886 -0.999346 0.00976066 -0.0348266 110.621
-0.0363854 0.00779955 0.999307 37.7112 0.0107434 0.999915 -0.00741311 -4.12923 -0.99928 0.0104662 -0.0364661 110.604
-0.0384063 0.00782216 0.999232 38.4949 0.0100054 0.999922 -0.007443 -4.15506 -0.999212 0.00971189 -0.0384816 110.576
-0.0400545 0.00863774 0.99916 39.2737 0.0103656 0.999912 -0.0082287 -4.18112 -0.999144 0.0100273 -0.0401405 110.552
-0.0414714 0.00869006 0.999102 40.0592 0.00952283 0.99992 -0.0083019 -4.20525 -0.999094 0.00916999 -0.0415508 110.528
-0.042231 0.00787941 0.999077 40.8164 0.0116613 0.999905 -0.00739302 -4.23271 -0.99904 0.0113383 -0.0423189 110.497
-0.0436946 0.00694516 0.999021 41.592 0.0121398 0.999906 -0.00642035 -4.25739 -0.998971 0.0118473 -0.0437748 110.467
-0.0451428 0.006444 0.99896 42.3509 0.0107727 0.999924 -0.00596341 -4.28261 -0.998923 0.0104923 -0.0452088 110.44
-0.0458635 0.00583253 0.998931 43.0984 0.00916184 0.999943 -0.0054178 -4.30815 -0.998906 0.00890356 -0.0459143 110.412
-0.0474264 0.00439884 0.998865 43.8415 0.00854039 0.999956 -0.00399814 -4.32822 -0.998838 0.00834108 -0.0474618 110.39
-0.0475522 0.00447189 0.998859 44.5687 0.00867194 0.999954 -0.00406395 -4.35115 -0.998831 0.0084688 -0.0475888 110.358
-0.0477959 0.0064944 0.998836 45.2482 0.00877454 0.999943 -0.00608172 -4.37615 -0.998819 0.00847365 -0.0478501 110.332
-0.0474332 0.00929027 0.998831 45.96 0.00820093 0.999927 -0.00891101 -4.40166 -0.998841 0.00776867 -0.047506 110.301
-0.0476745 0.0109406 0.998803 46.6381 0.00731376 0.999917 -0.0106037 -4.42534 -0.998836 0.00679948 -0.0477505 110.28
-0.047785 0.0116436 0.99879 47.3425 0.00723415 0.99991 -0.0113106 -4.44846 -0.998832 0.00668492 -0.0478649 110.251
-0.0474153 0.0114163 0.99881 48.0361 0.00916463 0.999898 -0.0109937 -4.47276 -0.998833 0.00863246 -0.0475151 110.223
-0.0481883 0.0111413 0.998776 48.7299 0.00994041 0.999894 -0.0106742 -4.50074 -0.998789 0.00941388 -0.0482939 110.196
-0.0482167 0.0110555 0.998776 49.4312 0.0071368 0.999917 -0.0107236 -4.51734 -0.998811 0.006611 -0.0482916 110.171
-0.0481246 0.0110613 0.99878 50.0927 0.00355239 0.999934 -0.0109029 -4.54428 -0.998835 0.00302336 -0.0481608 110.155
-0.0479997 0.00979747 0.998799 50.7671 0.00597881 0.999937 -0.0095213 -4.56503 -0.99883 0.00551462 -0.0480553 110.125
-0.048891 0.00910448 0.998763 51.4418 0.00501681 0.999948 -0.0088697 -4.58641 -0.998792 0.00457696 -0.0489342 110.098
-0.0522844 0.00850312 0.998596 52.0952 0.00114748 0.999964 -0.00845469 -4.61156 -0.998632 0.000703819 -0.0522923 110.075
-0.0573645 0.00886146 0.998314 52.781 0.00139574 0.99996 -0.00879588 -4.6312 -0.998352 0.000888815 -0.0573746 110.049
-0.0629655 0.0120076 0.997944 53.4263 0.000415271 0.999928 -0.0120053 -4.65633 -0.998016 -0.000341503 -0.0629659 110.002
-0.0695147 0.0147475 0.997472 54.0962 0.00300667 0.999889 -0.0145737 -4.67642 -0.997576 0.00198598 -0.0695514 109.956
-0.0768645 0.0160632 0.996912 54.7913 0.00325355 0.999869 -0.01586 -4.7001 -0.997036 0.00202443 -0.0769067 109.906
-0.08303 0.0156094 0.996425 55.459 0.000868254 0.999878 -0.0155912 -4.72471 -0.996547 -0.000429385 -0.0830334 109.86
-0.0886404 0.0146468 0.995956 56.1326 -0.000162256 0.999892 -0.0147192 -4.74967 -0.996064 -0.00146631 -0.0886284 109.81
-0.093333 0.0143353 0.995532 56.7977 -0.00284154 0.999888 -0.0146645 -4.77574 -0.995631 -0.00419752 -0.0932819 109.751
-0.0971349 0.0139742 0.995173 57.5059 -0.00516209 0.999881 -0.0145441 -4.79708 -0.995258 -0.00654992 -0.0970511 109.689
-0.0999996 0.0107491 0.994929 58.207 -0.00567959 0.999919 -0.0113739 -4.81649 -0.994971 -0.00678818 -0.0999305 109.632
-0.10172 0.00819523 0.994779 58.9133 -0.00147698 0.999964 -0.00838896 -4.84088 -0.994812 -0.0023226 -0.101705 109.56
-0.103416 0.00562646 0.994622 59.6244 -0.00234642 0.99998 -0.00590073 -4.85898 -0.994635 -0.00294403 -0.103401 109.495
-0.104499 0.00547937 0.99451 60.3566 -0.00257673 0.99998 -0.00578026 -4.87901 -0.994522 -0.00316661 -0.104482 109.424
-0.105161 0.0083136 0.994421 61.0773 -0.00127999 0.999963 -0.0084953 -4.89985 -0.994454 -0.00216622 -0.105146 109.352
-0.105278 0.0124841 0.994364 61.8023 0.00440738 0.999917 -0.0120872 -4.92079 -0.994433 0.00311002 -0.105325 109.275
-0.105807 0.0163591 0.994252 62.5698 0.010021 0.999831 -0.0153845 -4.9512 -0.994336 0.00833564 -0.105953 109.186
-0.106353 0.0179832 0.994166 63.2822 0.0108794 0.999798 -0.0169212 -4.97427 -0.994269 0.00901626 -0.106527 109.111
-0.10654 0.0155688 0.994187 64.0267 0.00945268 0.999848 -0.0146445 -4.99476 -0.994263 0.00783749 -0.106671 109.045
-0.106356 0.0120367 0.994255 64.7785 0.0109845 0.99988 -0.0109298 -5.01696 -0.994267 0.00975896 -0.106476 108.969
-0.106897 0.00984245 0.994221 65.5095 0.0158521 0.999841 -0.00819369 -5.04483 -0.994144 0.0148846 -0.107036 108.894
-0.10756 0.0101444 0.994147 66.2591 0.0175697 0.999811 -0.0083013 -5.07017 -0.994043 0.0165739 -0.107718 108.81
-0.109457 0.0103779 0.993937 67.0036 0.0155254 0.999841 -0.0087298 -5.0949 -0.99387 0.0144758 -0.109601 108.733
-0.111319 0.0111519 0.993722 67.7982 0.0150633 0.999841 -0.00953316 -5.12351 -0.993671 0.0139075 -0.111469 108.65
-0.114028 0.0111818 0.993415 68.4957 0.0156151 0.999833 -0.00946173 -5.14495 -0.993355 0.0144333 -0.114183 108.58
-0.115486 0.0113219 0.993245 69.2547 0.0161174 0.999825 -0.00952289 -5.17217 -0.993178 0.0149087 -0.115648 108.495
-0.117428 0.0106836 0.993024 69.9857 0.0144152 0.999855 -0.00905247 -5.19207 -0.992977 0.0132517 -0.117565 108.417
-0.118799 0.0112539 0.992855 70.7395 0.0126411 0.999872 -0.00982088 -5.21225 -0.992838 0.0113841 -0.118926 108.333
-0.119899 0.0122901 0.99271 71.4671 0.0109831 0.999879 -0.0110523 -5.24197 -0.992725 0.00957784 -0.120019 108.254
-0.120891 0.0126716 0.992585 72.2593 0.0106888 0.999877 -0.0114629 -5.25995 -0.992608 0.00922382 -0.121012 108.171
-0.122143 0.0125 0.992434 73.0133 0.00955788 0.999889 -0.0114175 -5.28424 -0.992466 0.00809098 -0.122249 108.082
-0.123095 0.0109467 0.992335 73.7786 0.00993431 0.999903 -0.00979792 -5.30755 -0.992345 0.00865209 -0.123192 107.996
-0.124412 0.0089613 0.99219 74.5824 0.00781203 0.999937 -0.00805171 -5.3315 -0.9922 0.00674929 -0.124474 107.903
-0.125741 0.00707227 0.992038 75.3646 0.00600071 0.999962 -0.00636817 -5.35236 -0.992045 0.0051522 -0.125778 107.812
-0.12789 0.00639742 0.991768 76.1214 0.0055221 0.999968 -0.00573823 -5.37101 -0.991773 0.00474277 -0.127922 107.722
-0.12991 0.00646957 0.991505 76.9263 0.00579116 0.999967 -0.00576601 -5.39679 -0.991509 0.0049929 -0.129943 107.619
-0.131774 0.00764914 0.99125 77.6954 0.00436196 0.999965 -0.00713652 -5.41445 -0.99127 0.00338339 -0.131803 107.521
-0.132817 0.0112958 0.991076 78.5121 0.00610177 0.999925 -0.0105789 -5.43975 -0.991122 0.00464225 -0.132877 107.418
-0.133941 0.0149752 0.990876 79.2972 0.00794775 0.99987 -0.0140367 -5.46732 -0.990957 0.00599514 -0.134043 107.317
-0.134711 0.0184316 0.990714 80.1108 0.00824387 0.999813 -0.0174799 -5.49758 -0.990851 0.00581258 -0.134838 107.204
-0.134097 0.0195681 0.990775 80.9258 0.0113571 0.99977 -0.0182086 -5.52201 -0.990903 0.00881063 -0.134289 107.093
-0.133889 0.0189799 0.990815 81.74 0.0143643 0.999749 -0.01721 -5.55695 -0.990892 0.0119281 -0.134128 106.988
-0.133291 0.0176679 0.990919 82.5862 0.0156914 0.999753 -0.0157148 -5.58493 -0.990953 0.0134542 -0.133535 106.872
-0.132596 0.0157189 0.991046 83.4132 0.0156031 0.999783 -0.0137699 -5.61596 -0.991047 0.0136376 -0.132813 106.768
-0.131014 0.0136459 0.991287 84.2543 0.0153405 0.999813 -0.0117358 -5.64411 -0.991262 0.0136692 -0.131198 106.664
-0.129178 0.0107478 0.991563 85.0989 0.0163384 0.999829 -0.00870884 -5.66828 -0.991487 0.0150755 -0.129332 106.556
-0.127478 0.00702565 0.991816 85.9521 0.0164035 0.999853 -0.00497423 -5.6945 -0.991706 0.0156352 -0.127575 106.452
-0.125929 0.00739869 0.992012 86.8021 0.0149223 0.999873 -0.00556303 -5.72118 -0.991927 0.0141026 -0.126023 106.353
-0.124415 0.0109308 0.99217 87.6539 0.0165351 0.999823 -0.0089417 -5.74688 -0.992092 0.0152931 -0.124573 106.251
-0.122539 0.0171583 0.992315 88.5172 0.016787 0.999743 -0.0152137 -5.77625 -0.992322 0.0147937 -0.122795 106.154
-0.121541 0.0201418 0.992382 89.3793 0.0137984 0.999732 -0.018601 -5.80792 -0.992491 0.0114325 -0.121786 106.058
-0.119683 0.0185549 0.992639 90.2392 0.0128417 0.999771 -0.0171399 -5.82952 -0.992729 0.0106958 -0.119894 105.961
-0.118818 0.015956 0.992788 91.0885 0.0143063 0.999795 -0.0143564 -5.86677 -0.992813 0.0124974 -0.119022 105.868
-0.11778 0.0143188 0.992937 91.9452 0.0151195 0.999806 -0.0126245 -5.89423 -0.992925 0.0135258 -0.117974 105.772
-0.117444 0.0137561 0.992984 92.8224 0.0147607 0.999818 -0.012105 -5.93073 -0.99297 0.0132355 -0.117625 105.675
-0.116879 0.0133708 0.993056 93.6726 0.0151063 0.999818 -0.0116839 -5.96188 -0.993031 0.0136358 -0.11706 105.586
-0.116324 0.0122459 0.993136 94.5397 0.0165117 0.99981 -0.0103942 -5.98537 -0.993074 0.0151893 -0.116504 105.483
-0.115259 0.0116853 0.993267 95.3713 0.020338 0.999749 -0.00940152 -6.01951 -0.993127 0.0191174 -0.115468 105.392
-0.114433 0.012213 0.993356 96.2342 0.020818 0.999734 -0.00989322 -6.04658 -0.993213 0.0195476 -0.114657 105.294
-0.113718 0.0148825 0.993402 97.0891 0.0239398 0.999639 -0.0122355 -6.08101 -0.993225 0.0223905 -0.114033 105.21
-0.112597 0.0150483 0.993527 97.9433 0.018334 0.999747 -0.0130647 -6.11053 -0.993472 0.0167443 -0.112845 105.119
-0.112437 0.012443 0.993581 98.7825 0.0154804 0.999822 -0.0107694 -6.13476 -0.993538 0.0141701 -0.11261 105.042
-0.112766 0.010033 0.993571 99.6289 0.0112059 0.999898 -0.00882507 -6.16654 -0.993558 0.0101386 -0.112867 104.958
-0.113305 0.0105464 0.993504 100.481 0.0072488 0.999926 -0.00978784 -6.19485 -0.993534 0.0060927 -0.113373 104.873
-0.114633 0.0141594 0.993307 101.308 0.00294757 0.999899 -0.0139132 -6.23073 -0.993404 0.00133293 -0.114663 104.797
-0.115623 0.0166651 0.993153 102.136 0.00146641 0.999861 -0.0166069 -6.26044 -0.993292 -0.000463763 -0.115631 104.704
-0.115549 0.0174559 0.993149 102.97 0.00365588 0.999846 -0.0171482 -6.29454 -0.993295 0.00164938 -0.115595 104.624
-0.116757 0.0167306 0.99302 103.777 0.00347054 0.999859 -0.0164377 -6.32339 -0.993155 0.0015271 -0.116798 104.521
-0.116836 0.0178015 0.992992 104.603 0.00441758 0.999839 -0.0174045 -6.36025 -0.993141 0.00235315 -0.116896 104.436
-0.117435 0.0199484 0.99288 105.407 0.00521882 0.999797 -0.0194701 -6.40106 -0.993067 0.0028952 -0.117515 104.35
-0.11772 0.0215383 0.992813 106.216 0.0046705 0.999766 -0.0211353 -6.43502 -0.993036 0.00214889 -0.117793 104.258
-0.119372 0.0216364 0.992614 107.022 0.00366717 0.999765 -0.0213513 -6.47243 -0.992843 0.00109134 -0.119424 104.167
-0.121212 0.0208583 0.992408 107.828 0.00196161 0.999782 -0.0207737 -6.50698 -0.992625 -0.000571303 -0.121226 104.078
-0.12397 0.0219819 0.992043 108.618 0.00130191 0.999757 -0.0219902 -6.5452 -0.992285 -0.00143456 -0.123968 103.983
-0.127783 0.0242433 0.991506 109.399 0.00116128 0.999704 -0.0242941 -6.58643 -0.991802 -0.00195297 -0.127774 103.891
-0.130623 0.0254485 0.991105 110.189 -0.000237781 0.99967 -0.0256997 -6.62367 -0.991432 -0.00359264 -0.130574 103.791
-0.134149 0.0254629 0.990634 110.96 0.00070786 0.999672 -0.0255994 -6.65791 -0.990961 -0.00273289 -0.134123 103.692
-0.136653 0.0247695 0.990309 111.736 0.00177044 0.999692 -0.0247599 -6.69811 -0.990617 -0.00163023 -0.136655 103.587
-0.13986 0.0252818 0.989849 112.509 0.00284155 0.99968 -0.0251314 -6.73586 -0.990167 -0.000702174 -0.139887 103.479
-0.141187 0.030049 0.989527 113.28 -0.00100094 0.999534 -0.0304957 -6.77713 -0.989983 -0.00529604 -0.141091 103.384
-0.142974 0.0360015 0.989072 114.039 -0.00404945 0.999309 -0.0369595 -6.82086 -0.989718 -0.00928942 -0.142729 103.285
-0.146142 0.0388649 0.9885 114.795 0.000249111 0.999229 -0.0392499 -6.8631 -0.989264 -0.0054898 -0.146039 103.173
-0.148412 0.0364563 0.988254 115.556 0.00170816 0.999328 -0.0366083 -6.90587 -0.988924 -0.003745 -0.148374 103.055
-0.152499 0.0307905 0.987824 116.332 0.00160795 0.999521 -0.0309068 -6.948 -0.988302 -0.0031249 -0.152476 102.946
-0.153885 0.0280669 0.98769 117.09 0.000257696 0.999598 -0.0283651 -6.98938 -0.988089 -0.00411043 -0.15383 102.838
-0.156771 0.0297837 0.987186 117.843 -0.000408772 0.999543 -0.0302214 -7.03404 -0.987635 -0.00514138 -0.156688 102.722
-0.158854 0.0327986 0.986757 118.591 -0.00380414 0.99942 -0.0338319 -7.07372 -0.987295 -0.00912811 -0.158637 102.609
-0.161414 0.0361452 0.986225 119.337 -0.00380857 0.999299 -0.0372477 -7.11105 -0.986879 -0.00976841 -0.161163 102.498
-0.163899 0.0402372 0.985656 120.08 -0.00049207 0.999164 -0.0408705 -7.16315 -0.986477 -0.00718366 -0.163743 102.369
-0.165184 0.043978 0.985282 120.806 0.00029163 0.999008 -0.0445417 -7.20899 -0.986263 -0.00707022 -0.165032 102.246
-0.168676 0.0457201 0.984611 121.554 -0.00152319 0.99891 -0.0466451 -7.25293 -0.98567 -0.00936765 -0.168422 102.131
-0.170754 0.0441372 0.984325 122.291 -7.09818e-05 0.998996 -0.0448074 -7.2947 -0.985314 -0.00772089 -0.170579 102.009
-0.174903 0.0409422 0.983734 123.021 0.00507183 0.999159 -0.0406824 -7.34865 -0.984573 -0.00212613 -0.174963 101.871
-0.179912 0.0386227 0.982924 123.739 0.00592404 0.999253 -0.03818 -7.39632 -0.983665 -0.00104616 -0.180006 101.736
-0.186464 0.0377617 0.981736 124.462 0.00601669 0.999286 -0.037294 -7.43773 -0.982443 -0.00104721 -0.186559 101.601
-0.19535 0.0379179 0.98 125.19 0.00515586 0.999278 -0.037636 -7.48582 -0.98072 -0.00229947 -0.195405 101.464
-0.20553 0.038219 0.977904 125.899 0.0042431 0.999263 -0.038162 -7.52804 -0.978642 -0.00369408 -0.20554 101.32
-0.217639 0.0390561 0.975248 126.619 0.00486821 0.99923 -0.0389301 -7.57754 -0.976017 -0.003725 -0.217662 101.16
-0.229573 0.0396874 0.972482 127.328 0.00636433 0.999208 -0.0392757 -7.62017 -0.973271 -0.00282746 -0.229644 100.988
-0.241479 0.0399484 0.969583 128.023 0.0091655 0.999202 -0.0388861 -7.66443 -0.970363 -0.000503459 -0.241653 100.814
-0.252463 0.0397348 0.96679 128.725 0.0118007 0.999209 -0.0379856 -7.70693 -0.967535 0.00181881 -0.252732 100.624
-0.262445 0.0399959 0.964118 129.431 0.0162094 0.999182 -0.0370381 -7.75265 -0.964811 0.00590726 -0.262879 100.427
-0.271872 0.04041 0.961485 130.112 0.0217943 0.99912 -0.0358292 -7.79281 -0.962087 0.0112139 -0.272513 100.226
-0.279413 0.040629 0.959311 130.814 0.0264731 0.99905 -0.0346013 -7.83792 -0.959806 0.0157279 -0.280223 100.011
-0.285714 0.0403097 0.957467 131.476 0.02706 0.999056 -0.0339858 -7.87892 -0.957933 0.0161988 -0.286535 99.811
-0.290469 0.0381952 0.956122 132.174 0.0297363 0.999081 -0.0308775 -7.91555 -0.956422 0.0194625 -0.291338 99.6024
-0.292774 0.0361261 0.955499 132.829 0.0363292 0.998985 -0.0266386 -7.94879 -0.955491 0.0269134 -0.293789 99.3869
-0.293449 0.0340981 0.955366 133.52 0.0423314 0.998847 -0.0226475 -7.98799 -0.955037 0.0337961 -0.294554 99.1652
-0.294849 0.0347333 0.954912 134.196 0.0471472 0.998651 -0.0217665 -8.01656 -0.95438 0.0386036 -0.296089 98.9545
-0.294969 0.0380795 0.954748 134.847 0.0480067 0.998534 -0.0249943 -8.05623 -0.9543 0.0384618 -0.296364 98.7538
-0.293411 0.0402675 0.955138 135.494 0.0460065 0.99855 -0.0279648 -8.08532 -0.954879 0.0357373 -0.294838 98.5563
-0.292602 0.0410183 0.955354 136.166 0.0479651 0.998452 -0.0281782 -8.11836 -0.955031 0.0375786 -0.294116 98.3513
-0.290813 0.0392849 0.955973 136.821 0.0494194 0.99844 -0.0259963 -8.1504 -0.955503 0.0396835 -0.292301 98.1539
-0.289308 0.0379752 0.956482 137.451 0.0519915 0.998361 -0.023912 -8.18591 -0.955823 0.042811 -0.290808 97.9597
-0.287428 0.0373538 0.957074 138.105 0.0523615 0.998358 -0.02324 -8.21967 -0.95637 0.043434 -0.288911 97.7715
-0.284981 0.0397149 0.95771 138.744 0.0534271 0.998246 -0.0254979 -8.25315 -0.957043 0.0439013 -0.286603 97.5789
-0.281369 0.0408456 0.95873 139.375 0.0548034 0.998147 -0.0264411 -8.28391 -0.958033 0.045102 -0.283086 97.3917
-0.275653 0.0403094 0.960412 139.988 0.0562643 0.998084 -0.0257418 -8.31589 -0.959609 0.0469411 -0.277393 97.2167
-0.270557 0.0392022 0.961905 140.627 0.0572619 0.998057 -0.0245694 -8.34747 -0.961 0.0484331 -0.272276 97.0351
-0.265364 0.0368626 0.963443 141.24 0.0570537 0.998118 -0.0224748 -8.38049 -0.962459 0.049004 -0.266967 96.8744
-0.261328 0.0356119 0.964593 141.865 0.0573184 0.998128 -0.0213213 -8.4134 -0.963547 0.0497171 -0.26288 96.7078
-0.257005 0.0346638 0.965788 142.483 0.058375 0.998089 -0.020289 -8.44282 -0.964646 0.0511635 -0.258537 96.5436
-0.253602 0.032945 0.966747 143.075 0.0613965 0.997953 -0.0179026 -8.46572 -0.965358 0.0548147 -0.255106 96.3822
-0.249583 0.0311447 0.967852 143.694 0.0634139 0.997863 -0.0157576 -8.49788 -0.966275 0.0574425 -0.251025 96.2171
-0.245925 0.0298115 0.96883 144.305 0.0615665 0.997989 -0.0150808 -8.52462 -0.967332 0.0559387 -0.247266 96.0693
-0.242132 0.0305934 0.969761 144.906 0.059922 0.998066 -0.0165249 -8.55018 -0.968391 0.0541088 -0.243497 95.9271
-0.237877 0.0338518 0.970705 145.485 0.0602175 0.997984 -0.0200464 -8.57775 -0.969427 0.0536849 -0.239436 95.7813
-0.232022 0.036927 0.972009 146.084 0.06273 0.997767 -0.0229317 -8.60406 -0.970686 0.0556535 -0.23382 95.6517
-0.22574 0.038019 0.973446 146.653 0.0617437 0.997788 -0.0246515 -8.62533 -0.972229 0.0545393 -0.227588 95.5179
-0.217365 0.0364118 0.975411 147.24 0.0583418 0.998002 -0.024254 -8.65413 -0.974345 0.0516352 -0.219055 95.4095
-0.206696 0.0345846 0.977794 147.796 0.0576048 0.998072 -0.0231247 -8.6818 -0.976708 0.0515459 -0.20829 95.2997
