1 8.43646e-10 5.90861e-11 0 3.29294e-10 1 1.62786e-10 3.72529e-09 -5.83998e-11 5.46116e-11 1 0
0.999991 -0.00304478 -0.00316549 -0.00376157 0.00304175 0.999995 -0.000960512 -0.0234639 0.0031684 0.000950874 0.999995 0.681497
0.999962 -0.00271035 -0.00832264 -0.00912732 0.00269147 0.999994 -0.00227914 -0.0362126 0.00832877 0.00225665 0.999963 1.38582
0.99993 -0.0023224 -0.0116131 -0.022798 0.00227717 0.99999 -0.00390677 -0.0450416 0.0116221 0.00388005 0.999925 2.10347
0.999857 -0.000846598 -0.0168838 -0.0369003 0.000778578 0.999992 -0.00403488 -0.0577193 0.016887 0.00402115 0.999849 2.83354
0.999762 -0.00189961 -0.0217249 -0.0546036 0.00181869 0.999991 -0.00374391 -0.0721622 0.0217318 0.00370351 0.999757 3.58004
0.999659 -0.000524904 -0.0261007 -0.0830673 0.000406775 0.99999 -0.00453098 -0.0871892 0.0261028 0.00451881 0.999649 4.34174
0.999509 0.00261365 -0.0312246 -0.118598 -0.00277127 0.999984 -0.00500564 -0.101719 0.031211 0.00508972 0.9995 5.11038
0.99935 0.00394099 -0.0358284 -0.15618 -0.00408755 0.999984 -0.00401834 -0.111507 0.035812 0.00416218 0.99935 5.90758
0.999208 0.00375805 -0.0396138 -0.196754 -0.00383437 0.999991 -0.00185093 -0.123403 0.0396065 0.00200136 0.999213 6.71145
0.999104 0.00311171 -0.0422157 -0.231567 -0.00308466 0.999995 0.000705709 -0.142942 0.0422177 -0.000574855 0.999108 7.51635
0.998978 0.00424404 -0.0449948 -0.28139 -0.00419476 0.999991 0.0011897 -0.155171 0.0449994 -0.000999743 0.998987 8.35093
0.998874 0.00442006 -0.0472448 -0.322516 -0.00441095 0.99999 0.000296963 -0.165597 0.0472457 -8.82357e-05 0.998883 9.16129
0.998786 0.00220171 -0.0492227 -0.364392 -0.00220199 0.999998 4.8624e-05 -0.182337 0.0492227 5.98229e-05 0.998788 10.0012
0.998643 0.0019929 -0.0520498 -0.403155 -0.0019422 0.999998 0.00102468 -0.191985 0.0520518 -0.000922201 0.998644 10.8405
0.998615 -0.000325427 -0.0526097 -0.462245 0.000327815 1 3.674e-05 -0.207515 0.0526097 -5.39344e-05 0.998615 11.7043
0.998534 0.00236207 -0.0540735 -0.510083 -0.00246225 0.999995 -0.00178615 -0.222632 0.0540691 0.00191667 0.998535 12.5568
0.998422 0.00354446 -0.0560432 -0.5628 -0.00381306 0.999982 -0.00468666 -0.241515 0.0560256 0.00489296 0.998417 13.4263
0.99832 0.00749536 -0.05746 -0.625722 -0.00783464 0.999953 -0.00568166 -0.254251 0.0574147 0.0061223 0.998332 14.2941
0.998258 0.00848173 -0.0583912 -0.686016 -0.00882516 0.999945 -0.00562629 -0.269131 0.0583403 0.0061318 0.998278 15.1874
0.998181 0.00778053 -0.0597873 -0.738079 -0.00804887 0.999959 -0.00424872 -0.289082 0.0597517 0.00472221 0.998202 16.0838
0.998113 0.00797604 -0.0608833 -0.798992 -0.00815262 0.999963 -0.00265243 -0.305962 0.0608599 0.00314378 0.998141 16.9807
0.998021 0.00766941 -0.0624115 -0.858597 -0.00783822 0.999966 -0.00246043 -0.326927 0.0623905 0.00294475 0.998048 17.889
0.997959 0.00814255 -0.0633304 -0.92795 -0.00838447 0.999959 -0.00355515 -0.342905 0.0632988 0.00407889 0.997986 18.8034
0.997893 0.00656726 -0.0645449 -0.985295 -0.00682532 0.99997 -0.00377839 -0.362206 0.0645181 0.00421097 0.997908 19.7117
0.99784 0.00694504 -0.0653303 -1.04915 -0.00707683 0.999973 -0.00178612 -0.380913 0.0653161 0.00224459 0.997862 20.6372
0.997915 0.00803184 -0.064036 -1.11757 -0.00792963 0.999967 0.00185009 -0.392416 0.0640487 -0.00133845 0.997946 21.5683
0.99796 0.00852535 -0.063277 -1.17727 -0.00819998 0.999952 0.00539995 -0.406759 0.06332 -0.00487007 0.997981 22.5081
0.998025 0.0075199 -0.062375 -1.23785 -0.00701354 0.999941 0.00833291 -0.417256 0.062434 -0.00787898 0.998018 23.4623
0.998161 0.00657143 -0.060258 -1.30124 -0.00602468 0.999939 0.00925056 -0.42499 0.0603151 -0.00887052 0.99814 24.3913
0.998258 0.00759423 -0.0585094 -1.35724 -0.00724173 0.999954 0.00623425 -0.437595 0.058554 -0.00579968 0.998268 25.3478
0.998321 0.0088027 -0.057249 -1.42147 -0.00872176 0.999961 0.00166353 -0.444123 0.0572614 -0.00116142 0.998359 26.2966
0.998391 0.00813798 -0.0561135 -1.47546 -0.00822995 0.999965 -0.00140804 -0.457991 0.0561001 0.00186759 0.998424 27.2477
0.998474 0.00620869 -0.0548764 -1.53024 -0.00622047 0.999981 -4.37459e-05 -0.473157 0.054875 0.000385036 0.998493 28.2235
0.998469 0.00292947 -0.0552342 -1.57982 -0.00267794 0.999986 0.00462734 -0.48731 0.055247 -0.00447234 0.998463 29.2014
0.998395 -0.000757083 -0.0566296 -1.63576 0.00123054 0.999965 0.00832624 -0.497575 0.0566213 -0.00838256 0.998361 30.1747
0.998323 -0.00870568 -0.0572264 -1.68599 0.00916646 0.999928 0.00779434 -0.513894 0.0571544 -0.00830583 0.998331 31.1674
0.998242 -0.0103901 -0.05836 -1.74462 0.0106432 0.999935 0.00402676 -0.524674 0.0583144 -0.00464081 0.998288 32.1255
0.998163 -0.0099644 -0.0597701 -1.80048 0.00998929 0.99995 0.000117624 -0.537168 0.059766 -0.000714469 0.998212 33.112
0.998093 -0.00976737 -0.0609559 -1.87223 0.00973682 0.999952 -0.000798072 -0.547272 0.0609608 0.000203035 0.99814 34.0892
0.998022 -0.0112206 -0.061862 -1.93164 0.011309 0.999936 0.00107812 -0.567806 0.0618459 -0.00177559 0.998084 35.0845
0.997898 -0.00931645 -0.0641394 -2.00519 0.00955603 0.999949 0.00342956 -0.577788 0.0641042 -0.00403526 0.997935 36.0919
0.997797 -0.00733294 -0.0659315 -2.07422 0.00768797 0.999957 0.00513278 -0.594086 0.065891 -0.00562835 0.997811 37.0938
0.997824 -0.0075432 -0.0654951 -2.15051 0.00806021 0.999938 0.0076333 -0.600878 0.0654335 -0.0081446 0.997824 38.0919
0.997894 -0.00697472 -0.0644933 -2.21983 0.0076878 0.999912 0.0108151 -0.62421 0.0644121 -0.0112882 0.99786 39.0992
0.99785 -0.00172962 -0.0655187 -2.29435 0.00257085 0.999915 0.0127574 -0.623157 0.0654911 -0.0128984 0.99777 40.1075
0.997796 -0.00142062 -0.0663404 -2.36555 0.00225267 0.99992 0.012469 -0.632546 0.0663173 -0.0125909 0.997719 41.0865
0.997791 -0.00203017 -0.0663979 -2.42817 0.00275037 0.999938 0.0107572 -0.644868 0.0663719 -0.010916 0.997735 42.0856
0.99779 0.00135014 -0.0664264 -2.49419 -0.000799129 0.999965 0.00832089 -0.654636 0.0664353 -0.00824942 0.997757 43.074
0.997707 0.000674019 -0.0676825 -2.56656 -9.35887e-05 0.999963 0.00857858 -0.666405 0.0676858 -0.00855257 0.99767 44.057
0.997614 -0.00176509 -0.0690128 -2.63921 0.00244477 0.999949 0.00976537 -0.677619 0.068992 -0.0099108 0.997568 45.0514
0.997597 -0.00148499 -0.0692735 -2.71278 0.00223912 0.999939 0.0108099 -0.688989 0.0692532 -0.010939 0.997539 46.0423
0.997555 0.000381769 -0.0698826 -2.7909 0.000197764 0.999966 0.00828582 -0.707027 0.0698834 -0.00827939 0.997521 47.0113
0.99751 0.00238189 -0.0704798 -2.86632 -0.00217029 0.999993 0.00307877 -0.715154 0.0704867 -0.00291814 0.997509 47.996
0.997455 0.00270061 -0.0712522 -2.94244 -0.00256382 0.999995 0.0020111 -0.731047 0.0712572 -0.0018233 0.997456 48.9582
0.997429 0.00148361 -0.071642 -3.01237 -0.00112581 0.999987 0.00503441 -0.74259 0.0716485 -0.00494081 0.997418 49.9341
0.997428 -0.00185155 -0.0716467 -3.0903 0.00249123 0.999958 0.00883985 -0.763043 0.0716273 -0.0089956 0.997391 50.9173
0.997311 -0.00271988 -0.0732382 -3.15465 0.0034273 0.999949 0.00953523 -0.77089 0.0732085 -0.0097606 0.997269 51.8593
0.997241 -0.00626362 -0.0739668 -3.22692 0.00690798 0.99994 0.00845874 -0.783897 0.0739094 -0.00894636 0.997225 52.8229
0.997274 -0.00883073 -0.073258 -3.29881 0.00936273 0.999932 0.00692174 -0.804151 0.0731919 -0.00758877 0.997289 53.7844
0.997162 -0.00955446 -0.0746757 -3.36672 0.010178 0.999916 0.00797394 -0.813748 0.0745933 -0.00871136 0.997176 54.7207
0.997064 -0.0124915 -0.0755457 -3.43676 0.0134594 0.999834 0.0123163 -0.821443 0.0753792 -0.0132969 0.997066 55.6942
0.996966 -0.0150497 -0.0763688 -3.50851 0.0164451 0.999709 0.0176762 -0.834413 0.0760805 -0.0188784 0.996923 56.6307
0.996925 -0.0138914 -0.0771274 -3.58021 0.0154588 0.999685 0.019763 -0.829068 0.0768286 -0.0208945 0.996825 57.5825
0.996847 -0.0133581 -0.0782224 -3.66816 0.0146662 0.999762 0.0161716 -0.835786 0.0779878 -0.0172678 0.996805 58.5546
0.996827 -0.0104679 -0.0789046 -3.74458 0.011172 0.999902 0.00848747 -0.845197 0.078808 -0.00934206 0.996846 59.4361
0.996754 -0.00920109 -0.0799852 -3.82456 0.00949686 0.999949 0.00331823 -0.861888 0.0799506 -0.00406707 0.996791 60.3565
0.996712 -0.00384386 -0.0809336 -3.90788 0.00414767 0.999985 0.00358599 -0.868026 0.0809186 -0.00390988 0.996713 61.273
0.99666 -0.0018215 -0.0816472 -3.98941 0.00233685 0.999978 0.00621682 -0.886431 0.0816341 -0.00638686 0.996642 62.1637
0.996566 0.000196415 -0.0828085 -4.07171 0.000502463 0.999965 0.00841875 -0.903164 0.0828072 -0.00843145 0.99653 63.039
0.996499 0.00122099 -0.0835933 -4.14846 -0.000526773 0.999965 0.00832621 -0.917554 0.0836006 -0.00825303 0.996465 63.9143
0.996326 0.002611 -0.0855981 -4.22583 -0.00185798 0.999959 0.0088756 -0.928497 0.0856178 -0.00868395 0.99629 64.7394
0.996181 0.00358513 -0.0872417 -4.31027 -0.00279336 0.999954 0.00919609 -0.943134 0.0872706 -0.00891727 0.996145 65.614
0.99605 0.00359912 -0.0887177 -4.38354 -0.00273013 0.999947 0.00991441 -0.956306 0.0887486 -0.00963305 0.996008 66.4191
0.995944 0.00372726 -0.0898977 -4.4619 -0.00277697 0.999939 0.0106935 -0.968913 0.089932 -0.0104005 0.995894 67.2276
0.9958 0.00599909 -0.0913618 -4.54525 -0.00480241 0.9999 0.0133124 -0.975635 0.0914325 -0.0128177 0.995729 68.0541
0.995628 0.00701848 -0.0931395 -4.63121 -0.00543014 0.999836 0.0172958 -0.980477 0.0932456 -0.0167144 0.995503 68.8557
0.995379 0.00895779 -0.0956053 -4.71073 -0.00714702 0.999789 0.0192658 -0.987363 0.0957577 -0.0184934 0.995233 69.6208
0.995246 0.0120725 -0.0966412 -4.79421 -0.010596 0.999819 0.0157767 -0.998124 0.0968142 -0.0146777 0.995194 70.377
0.995066 0.013227 -0.0983266 -4.87341 -0.0124854 0.999889 0.00815346 -1.00687 0.0984235 -0.00688559 0.995121 71.1015
0.994984 0.0121049 -0.0992967 -4.94984 -0.0119209 0.999926 0.00244586 -1.02112 0.099319 -0.00124989 0.995055 71.795
0.994931 0.0142071 -0.099556 -5.02145 -0.0142032 0.999899 0.00074701 -1.03061 0.0995565 0.000670795 0.995032 72.4742
0.99483 0.0154024 -0.100376 -5.10069 -0.0150267 0.999877 0.00449799 -1.04214 0.100433 -0.00296641 0.99494 73.1656
0.994669 0.0142369 -0.102135 -5.17256 -0.0136245 0.999885 0.00669163 -1.05749 0.102218 -0.00526442 0.994748 73.7962
0.994633 0.0122319 -0.102738 -5.23354 -0.0119518 0.999923 0.00334191 -1.07581 0.102771 -0.00209607 0.994703 74.4396
0.994713 0.00480039 -0.102579 -5.28773 -0.00499715 0.999986 -0.00166121 -1.09401 0.10257 0.00216503 0.994723 75.0407
0.994904 0.0012939 -0.100815 -5.34929 -0.00193342 0.999979 -0.00624597 -1.11078 0.100805 0.00640906 0.994886 75.6409
0.995223 0.0031455 -0.0975792 -5.40388 -0.00380319 0.999971 -0.00655481 -1.12647 0.0975558 0.0068946 0.995206 76.2019
0.995678 0.00800654 -0.0925295 -5.46383 -0.00841678 0.999956 -0.00404422 -1.13253 0.0924931 0.00480554 0.995702 76.7673
0.996154 0.0071315 -0.0873291 -5.51421 -0.00725381 0.999973 -0.00108335 -1.15143 0.087319 0.00171265 0.996179 77.3141
0.996727 0.00271906 -0.0807943 -5.55094 -0.00246413 0.999992 0.00325483 -1.16446 0.0808024 -0.00304509 0.996725 77.8466
0.997368 -0.00255387 -0.0724604 -5.58016 0.00303625 0.999974 0.00654787 -1.18233 0.0724418 -0.00675064 0.99735 78.3859
0.998084 0.00102881 -0.0618699 -5.60713 -0.000599292 0.999976 0.00696043 -1.19465 0.0618755 -0.00691002 0.99806 78.899
0.998879 0.00581348 -0.0469716 -5.63394 -0.00551949 0.999964 0.00638614 -1.20075 0.047007 -0.00611972 0.998876 79.3962
0.999549 0.0107382 -0.0280583 -5.64925 -0.0105536 0.999922 0.00672104 -1.20528 0.0281282 -0.00642189 0.999584 79.8877
0.999936 0.00962203 -0.00593465 -5.63799 -0.0095782 0.999927 0.00736916 -1.2129 0.00600512 -0.00731185 0.999955 80.3549
0.999764 0.00544963 0.0210458 -5.60859 -0.00562684 0.999949 0.00836974 -1.22396 -0.0209992 -0.00848619 0.999744 80.8206
0.998701 0.00419231 0.0507863 -5.563 -0.00470431 0.999939 0.00996608 -1.23243 -0.0507414 -0.010192 0.99866 81.2625
0.996556 0.00347316 0.0828528 -5.50128 -0.00446035 0.999921 0.0117329 -1.23934 -0.0828055 -0.012062 0.996493 81.7052
0.992713 0.00293295 0.120471 -5.42909 -0.00446455 0.999913 0.0124455 -1.24438 -0.120424 -0.0128927 0.992639 82.1556
0.986914 0.00295518 0.161224 -5.33033 -0.00509033 0.999905 0.0128319 -1.24746 -0.16117 -0.0134847 0.986835 82.5721
0.978541 0.00245288 0.206039 -5.21626 -0.00521655 0.999904 0.0128712 -1.25294 -0.205988 -0.0136698 0.978459 82.9901
0.967036 0.00413813 0.254607 -5.07502 -0.0072068 0.999912 0.0111209 -1.26035 -0.254539 -0.0125892 0.966981 83.4062
0.951834 0.00463688 0.306578 -4.91607 -0.00773884 0.99993 0.00890321 -1.2689 -0.306516 -0.0108469 0.951804 83.7699
0.932364 0.00465914 0.36149 -4.73104 -0.00768412 0.999946 0.00693106 -1.27428 -0.361438 -0.00924001 0.93235 84.1556
0.908804 0.00475599 0.417196 -4.53594 -0.00765638 0.999957 0.00527898 -1.279 -0.417153 -0.00799177 0.908801 84.4902
0.880266 0.00498948 0.474455 -4.30929 -0.00734938 0.999968 0.00311954 -1.27732 -0.474424 -0.00623297 0.880274 84.8161
0.846925 0.00269603 0.531705 -4.04952 -0.00436968 0.999989 0.00188978 -1.28953 -0.531694 -0.00392388 0.846928 85.1402
0.810569 0.00193647 0.58564 -3.79611 -0.00322385 0.999994 0.00115548 -1.29744 -0.585634 -0.00282462 0.810571 85.4095
0.770961 -0.000158031 0.636882 -3.50466 -0.00185204 0.999995 0.00249007 -1.30873 -0.63688 -0.00309928 0.770957 85.6879
0.728478 -0.000976649 0.685068 -3.2267 -0.00297613 0.999985 0.00459032 -1.31047 -0.685062 -0.00538281 0.728465 85.9227
0.682861 -0.00202599 0.730545 -2.92144 -0.00248099 0.999984 0.00509227 -1.31287 -0.730544 -0.00528979 0.682845 86.1503
0.635139 -0.00365192 0.77239 -2.58353 0.000728034 0.999991 0.00412938 -1.32054 -0.772398 -0.0020604 0.635136 86.3739
0.587106 -0.00721781 0.809478 -2.27071 0.00563738 0.999973 0.00482764 -1.33415 -0.809491 0.001729 0.58713 86.539
0.539287 -0.00543771 0.842104 -1.92025 0.0041474 0.999984 0.00380118 -1.34027 -0.842112 0.00144261 0.539301 86.718
0.494808 -0.00284566 0.868998 -1.60066 0.00083319 0.999996 0.00280021 -1.34254 -0.869002 -0.000661525 0.494808 86.8621
0.45094 -0.00116346 0.892554 -1.25198 -9.8896e-05 0.999999 0.00135349 -1.34965 -0.892554 -0.000698611 0.450939 86.9922
0.410135 -0.00287641 0.91202 -0.884103 0.00659425 0.999978 0.000188384 -1.35102 -0.912001 0.00593682 0.410145 87.1131
0.372483 -0.0115439 0.927967 -0.526 0.0205517 0.99978 0.00418787 -1.36404 -0.927811 0.0175114 0.372638 87.192
0.339838 -0.0157569 0.940352 -0.165938 0.026173 0.999631 0.00729137 -1.36345 -0.94012 0.0221339 0.340125 87.2816
0.309205 -0.0125355 0.950913 0.198307 0.0229569 0.99972 0.00571414 -1.37017 -0.950718 0.0200632 0.309406 87.3792
0.280023 -0.00404246 0.959985 0.559931 0.0122408 0.999925 0.000640068 -1.37497 -0.959915 0.0115717 0.280051 87.4864
0.254005 0.00087305 0.967203 0.935729 0.00670183 0.999974 -0.00266266 -1.3866 -0.96718 0.00715836 0.253993 87.5718
0.23007 0.0023754 0.973171 1.33506 0.00785706 0.99996 -0.0042983 -1.40035 -0.973142 0.00863517 0.230042 87.645
0.207457 0.00320172 0.978239 1.72883 0.0158191 0.999853 -0.00662725 -1.40635 -0.978116 0.0168497 0.207376 87.7083
0.187581 0.0085525 0.982212 2.12099 0.0220934 0.999672 -0.0129239 -1.4113 -0.982001 0.0241246 0.18733 87.753
0.168098 0.0160641 0.98564 2.54655 0.0218227 0.999562 -0.0200128 -1.40931 -0.985529 0.0248734 0.167673 87.8151
0.150101 0.0171354 0.988522 2.98444 0.0196094 0.999602 -0.0203051 -1.41947 -0.988476 0.0224321 0.149705 87.8792
0.133792 0.0129399 0.990925 3.44142 0.0196332 0.999684 -0.0157051 -1.43065 -0.990815 0.0215563 0.133496 87.9372
0.118782 0.00931951 0.992877 3.91872 0.0205899 0.999718 -0.011847 -1.44913 -0.992707 0.0218505 0.118556 87.9868
0.105685 0.00685071 0.994376 4.39796 0.0222158 0.999711 -0.00924862 -1.46355 -0.994151 0.0230683 0.105502 88.0356
0.0944238 0.00574921 0.995516 4.88038 0.0263248 0.999619 -0.00826979 -1.47634 -0.995184 0.0269876 0.0942365 88.0729
0.0836706 0.00602328 0.996475 5.38711 0.028782 0.99955 -0.00845859 -1.48739 -0.996078 0.0293883 0.0834596 88.097
0.0769083 0.00647928 0.997017 5.91834 0.0308279 0.999485 -0.00887334 -1.49908 -0.996562 0.0314184 0.076669 88.1301
0.0693397 0.00671541 0.997571 6.47178 0.032904 0.999418 -0.00901495 -1.50798 -0.99705 0.0334491 0.0690784 88.1699
0.0627678 0.00761633 0.997999 7.01517 0.0335135 0.999391 -0.00973473 -1.5197 -0.997465 0.0340574 0.0624743 88.2019
0.0576445 0.00820978 0.998304 7.60639 0.0333298 0.999393 -0.0101433 -1.52869 -0.997781 0.033858 0.0573359 88.2271
0.0537231 0.00835462 0.998521 8.22085 0.0362173 0.999291 -0.0103096 -1.54065 -0.997899 0.0367176 0.0533824 88.2504
0.0496614 0.00803371 0.998734 8.83927 0.0377365 0.999239 -0.0099142 -1.55561 -0.998053 0.0381811 0.0493204 88.2802
0.0468943 0.0073191 0.998873 9.47119 0.0389441 0.9992 -0.00914981 -1.57163 -0.99814 0.0393293 0.0465717 88.3075
0.0424742 0.00704553 0.999073 10.1289 0.041064 0.999118 -0.00879162 -1.58097 -0.998253 0.0413993 0.0421474 88.3408
0.0435964 0.00608678 0.999031 10.7749 0.0441425 0.998993 -0.00801287 -1.59687 -0.998074 0.0444491 0.0432838 88.3597
0.0442656 0.00563504 0.999004 11.4696 0.0478837 0.998823 -0.00775573 -1.61013 -0.997872 0.0481793 0.0439437 88.3827
0.0482949 0.00555927 0.998818 12.1493 0.049482 0.998743 -0.00795141 -1.62594 -0.997607 0.0498075 0.0479592 88.4154
0.0527749 0.00567042 0.99859 12.8652 0.0512928 0.998649 -0.00838154 -1.63798 -0.997288 0.0516629 0.0524127 88.4499
0.055267 0.00536414 0.998457 13.6161 0.0519812 0.998614 -0.00824227 -1.65166 -0.997118 0.0523565 0.0549116 88.5063
0.0600405 0.00375346 0.998189 14.3665 0.0539614 0.998519 -0.00700044 -1.66706 -0.996736 0.054284 0.059749 88.5355
0.0640624 0.00200727 0.997944 15.1262 0.053787 0.998537 -0.00546129 -1.68018 -0.996495 0.0540263 0.0638608 88.588
0.0669677 8.43897e-05 0.997755 15.9157 0.0513844 0.998673 -0.00353331 -1.69261 -0.996431 0.0515057 0.0668745 88.6527
0.0702918 -0.00113899 0.997526 16.7366 0.0497915 0.998757 -0.00236822 -1.70688 -0.996283 0.0498348 0.0702611 88.7185
0.0741096 -0.000518203 0.99725 17.5607 0.0481359 0.998836 -0.00305815 -1.72317 -0.996088 0.0482302 0.0740483 88.7859
0.0786585 0.0033852 0.996896 18.3472 0.0449539 0.998965 -0.00693925 -1.743 -0.995888 0.0453602 0.0784249 88.8487
0.0799226 0.00898232 0.996761 19.1553 0.0407108 0.999096 -0.0122676 -1.75897 -0.995969 0.0415594 0.0794847 88.9358
0.0799942 0.0122157 0.996721 19.9722 0.0372302 0.999191 -0.015234 -1.78632 -0.9961 0.0383268 0.0794747 89.0066
0.0788754 0.0116869 0.996816 20.7888 0.0349486 0.999284 -0.0144812 -1.8071 -0.996272 0.0359795 0.0784105 89.0799
0.0798151 0.00989213 0.996761 21.6011 0.0329483 0.999378 -0.0125564 -1.83467 -0.996265 0.0338438 0.0794395 89.1428
0.0789848 0.00846331 0.99684 22.4059 0.0330405 0.999392 -0.011103 -1.86304 -0.996328 0.033813 0.0786572 89.2182
0.0788124 0.00772865 0.99686 23.2454 0.0314242 0.999454 -0.0102332 -1.88756 -0.996394 0.032132 0.0785265 89.2963
0.0779528 0.00765915 0.996928 24.0501 0.0291773 0.999525 -0.00996056 -1.91328 -0.99653 0.0298641 0.0776922 89.3569
0.0780543 0.00860086 0.996912 24.8673 0.0269533 0.999579 -0.0107342 -1.93822 -0.996585 0.027708 0.0777896 89.4344
0.0768386 0.00982927 0.996995 25.6635 0.0235714 0.999654 -0.0116721 -1.96364 -0.996765 0.0243975 0.0765803 89.5059
0.0738615 0.00966181 0.997222 26.4591 0.0202326 0.999733 -0.0111847 -1.9879 -0.997063 0.0210025 0.0736463 89.5737
0.0713539 0.00824273 0.997417 27.2776 0.0177533 0.999797 -0.00953244 -2.0121 -0.997293 0.0183876 0.0711931 89.6354
0.0657357 0.00628654 0.997817 28.0878 0.0156364 0.999851 -0.00732947 -2.03815 -0.997715 0.016084 0.0656276 89.6937
0.0594096 0.00416087 0.998225 28.9033 0.0141756 0.999887 -0.00501146 -2.0591 -0.998133 0.0144482 0.0593439 89.7489
0.0515665 0.00370934 0.998663 29.7223 0.0128934 0.999907 -0.00437972 -2.08443 -0.998586 0.013102 0.0515139 89.7971
0.042992 0.00476212 0.999064 30.5014 0.0128373 0.999904 -0.00531854 -2.10301 -0.998993 0.0130539 0.0429267 89.8314
0.0331134 0.00512208 0.999439 31.2911 0.0125824 0.999906 -0.00554135 -2.12449 -0.999372 0.0127588 0.0330459 89.8545
0.0243399 0.00443368 0.999694 32.0628 0.0132205 0.999901 -0.00475648 -2.143 -0.999616 0.0133322 0.0242789 89.8744
0.0137282 0.00337016 0.9999 32.8687 0.0123705 0.999917 -0.00354006 -2.16249 -0.999829 0.0124179 0.0136853 89.8851
0.00396529 0.0028812 0.999988 33.6673 0.0132109 0.999909 -0.00293336 -2.18619 -0.999905 0.0132224 0.00392687 89.8885
-0.00788086 0.00267648 0.999965 34.4434 0.0135698 0.999905 -0.00256938 -2.20474 -0.999877 0.0135491 -0.00791642 89.8836
-0.0209214 0.0028436 0.999777 35.2221 0.0133948 0.999907 -0.00256367 -2.22348 -0.999691 0.0133382 -0.0209575 89.8657
-0.0318984 0.00403498 0.999483 35.9963 0.0138939 0.999897 -0.00359323 -2.24245 -0.999395 0.0137721 -0.0319512 89.8485
-0.0428365 0.00499134 0.99907 36.7773 0.0134685 0.9999 -0.004418 -2.26509 -0.998991 0.0132667 -0.0428994 89.8021
-0.0525126 0.00558358 0.998605 37.5175 0.0148266 0.999879 -0.00481103 -2.28233 -0.99851 0.0145533 -0.052589 89.7685
-0.0612158 0.00594691 0.998107 38.2686 0.0153576 0.99987 -0.0050155 -2.30193 -0.998006 0.0150215 -0.0612991 89.7121
-0.0699408 0.00641422 0.997531 39.02 0.0151907 0.99987 -0.00536418 -2.32448 -0.997435 0.014778 -0.0700292 89.6589
-0.0789231 0.00597341 0.996863 39.7422 0.0175669 0.999835 -0.00460043 -2.34413 -0.996726 0.0171487 -0.079015 89.603
-0.0869754 0.00483155 0.996199 40.4762 0.0189629 0.999815 -0.00319349 -2.36052 -0.99603 0.018613 -0.087051 89.5351
-0.0915023 0.00304601 0.9958 41.2058 0.022018 0.999757 -0.00103492 -2.38255 -0.995561 0.0218308 -0.0915472 89.4647
-0.0961207 0.000985018 0.995369 41.8952 0.0255371 0.999673 0.00147679 -2.39955 -0.995042 0.0255608 -0.0961144 89.4025
-0.0986388 -0.000361837 0.995123 42.597 0.0268755 0.999634 0.00302744 -2.41699 -0.99476 0.0270431 -0.098593 89.3249
-0.100972 -0.00107579 0.994889 43.3032 0.0272925 0.99962 0.00385085 -2.43263 -0.994515 0.0275418 -0.100905 89.2529
-0.102845 -0.000828549 0.994697 43.9746 0.0276911 0.99961 0.00369572 -2.44435 -0.994312 0.0279244 -0.102782 89.1859
-0.100177 0.000293906 0.99497 44.6245 0.028719 0.999584 0.00259626 -2.45915 -0.994555 0.0288347 -0.100144 89.1181
-0.097783 0.00153204 0.995207 45.2695 0.0293881 0.999567 0.00134874 -2.47439 -0.994774 0.0293791 -0.0977857 89.0576
-0.0922985 0.00233303 0.995729 45.8841 0.0296622 0.99956 0.000407513 -2.48818 -0.99529 0.0295731 -0.0923271 89.0063
-0.0859525 0.00271804 0.996296 46.5007 0.0290798 0.999577 -0.000218218 -2.50281 -0.995875 0.0289533 -0.0859952 88.9635
-0.0746441 0.00289355 0.997206 47.083 0.0282313 0.999601 -0.000787294 -2.51724 -0.996811 0.0280936 -0.074696 88.9261
-0.061217 0.00284618 0.998121 47.6427 0.027937 0.999609 -0.00113698 -2.53461 -0.997733 0.0278149 -0.0612726 88.9037
-0.0443304 0.00433216 0.999008 48.1817 0.0272185 0.999625 -0.00312703 -2.54896 -0.998646 0.0270528 -0.0444317 88.8973
-0.0232798 0.00669904 0.999707 48.7194 0.0258138 0.999648 -0.00609753 -2.56793 -0.999396 0.0256642 -0.0234445 88.9021
0.00148535 0.010106 0.999948 49.2386 0.0239867 0.999661 -0.0101387 -2.58441 -0.999711 0.0240005 0.00124244 88.9227
0.0288312 0.0118096 0.999515 49.7525 0.0219883 0.999681 -0.0124458 -2.59892 -0.999342 0.0223364 0.0285623 88.9558
0.063195 0.011474 0.997935 50.2743 0.0207985 0.999702 -0.0128114 -2.61694 -0.997784 0.0215651 0.0629375 89.0085
0.101829 0.00910052 0.99476 50.7862 0.0195574 0.999747 -0.0111481 -2.63195 -0.99461 0.0205901 0.101626 89.0902
0.143156 0.00522991 0.989686 51.2825 0.0182877 0.999801 -0.00792865 -2.64818 -0.989531 0.0192341 0.143032 89.1951
0.18787 0.00116891 0.982193 51.7851 0.0156517 0.999869 -0.00418376 -2.66563 -0.982069 0.016159 0.187827 89.3278
0.234634 -0.00206356 0.972082 52.2623 0.0122942 0.999924 -0.000844811 -2.67907 -0.972006 0.0121492 0.234641 89.4903
0.283646 -0.00388306 0.958921 52.7146 0.00932839 0.999956 0.00128991 -2.68987 -0.958884 0.00857931 0.28367 89.6691
0.337087 -0.0036942 0.941467 53.1752 0.00871483 0.999962 0.000803439 -2.69626 -0.941433 0.00793389 0.337106 89.8842
0.392722 -0.00350613 0.919651 53.6081 0.0106699 0.999943 -0.000744155 -2.71451 -0.919596 0.0101048 0.392737 90.112
0.451781 -2.15464e-05 0.892129 54.0073 0.0124354 0.999903 -0.00627324 -2.72672 -0.892042 0.0139281 0.451738 90.3589
0.509417 0.00327289 0.860514 54.4029 0.0141772 0.999825 -0.0121955 -2.74366 -0.860403 0.0184122 0.509281 90.6492
0.566059 0.00791956 0.824327 54.7552 0.0106346 0.999801 -0.0169081 -2.75411 -0.824296 0.0183373 0.565862 90.942
0.6208 0.0110057 0.783892 55.1059 0.00760914 0.99977 -0.0200626 -2.76493 -0.783932 0.0184196 0.620574 91.2833
0.672704 0.0121599 0.739812 55.4198 0.00605669 0.999741 -0.0219395 -2.78122 -0.739887 0.0192396 0.672456 91.6288
0.721202 0.0109048 0.692639 55.7096 0.00622098 0.999734 -0.0222172 -2.79556 -0.692697 0.020332 0.720942 91.971
0.766631 0.00683041 0.642052 55.986 0.00502334 0.999849 -0.0166348 -2.81499 -0.642069 0.015978 0.766481 92.382
0.807963 0.0022653 0.589228 56.2226 0.00502731 0.99993 -0.0107378 -2.82689 -0.589211 0.011638 0.807895 92.7826
0.844498 -0.00031224 0.535558 56.4233 0.00334064 0.999983 -0.00468471 -2.8402 -0.535548 0.00574534 0.844486 93.1889
0.876284 -0.00267286 0.481787 56.6233 0.00227301 0.999996 0.00141357 -2.84617 -0.481789 -0.00014358 0.876287 93.6378
0.90222 -0.00307985 0.431266 56.7846 4.09424e-05 0.999975 0.00705558 -2.85916 -0.431277 -0.00634803 0.902197 94.0754
0.922622 -0.000935494 0.385706 56.9222 -0.00326847 0.999942 0.0102436 -2.87241 -0.385693 -0.0107116 0.922565 94.5226
0.938462 0.00476134 0.345349 57.0531 -0.00941399 0.999886 0.0117964 -2.87267 -0.345254 -0.0143216 0.9384 95.0139
0.950575 0.0101262 0.310329 57.1644 -0.0143238 0.999834 0.0112505 -2.87653 -0.310163 -0.0151395 0.950563 95.4636
0.960234 0.0122425 0.27893 57.2794 -0.0156139 0.999829 0.0098685 -2.86632 -0.278761 -0.0138313 0.960261 95.9423
0.966495 0.00761196 0.256573 57.3979 -0.0107944 0.999881 0.0109975 -2.87796 -0.256459 -0.0133986 0.966462 96.4225
0.970435 0.00462734 0.24132 57.5052 -0.00759204 0.999907 0.011357 -2.88408 -0.241245 -0.0128534 0.970379 96.9096
0.973685 0.00816816 0.227752 57.6176 -0.0109705 0.999879 0.0110412 -2.8867 -0.227634 -0.0132492 0.973657 97.42
0.975694 0.0137607 0.218705 57.7053 -0.0165859 0.999801 0.0110873 -2.88131 -0.218509 -0.0144453 0.975728 97.9137
0.976991 0.0201827 0.212323 57.7957 -0.0227745 0.999693 0.00976815 -2.88249 -0.21206 -0.0143789 0.977151 98.4261
0.977344 0.0271228 0.20991 57.8889 -0.0290354 0.99956 0.00603447 -2.8852 -0.209654 -0.0119926 0.977702 98.9417
0.977558 0.0287457 0.208694 58.0029 -0.0301739 0.999538 0.00366228 -2.89554 -0.208492 -0.00987721 0.977974 99.4778
0.977107 0.0269748 0.211034 58.1248 -0.0276191 0.999619 0.000105734 -2.90167 -0.21095 -0.00593187 0.977479 100.028
0.976261 0.0260188 0.215028 58.2516 -0.0253342 0.999661 -0.00593954 -2.91179 -0.215109 0.000350993 0.97659 100.569
0.975374 0.0277467 0.218805 58.3809 -0.0260825 0.999605 -0.0104913 -2.92017 -0.219009 0.00452593 0.975712 101.129
0.974181 0.0312799 0.223592 58.5113 -0.0297436 0.999505 -0.0102364 -2.9282 -0.223802 0.00332171 0.974629 101.713
0.972818 0.0336024 0.229121 58.6401 -0.0329886 0.999435 -0.00650977 -2.93539 -0.22921 -0.00122555 0.973376 102.315
0.97169 0.0316258 0.234135 58.7871 -0.0320569 0.999484 -0.00196498 -2.95002 -0.234077 -0.0055963 0.972202 102.915
0.970814 0.0272098 0.238287 58.9435 -0.0289216 0.999575 0.00369014 -2.95914 -0.238085 -0.0104741 0.971188 103.52
0.970172 0.0237639 0.24125 59.1006 -0.0266207 0.999609 0.00858851 -2.96562 -0.240952 -0.0147546 0.970425 104.143
0.969437 0.019996 0.244525 59.2679 -0.0230169 0.99969 0.0095026 -2.97129 -0.244259 -0.0148404 0.969597 104.791
0.969299 0.0169656 0.2453 59.4357 -0.0191063 0.999797 0.00634952 -2.9786 -0.245143 -0.0108414 0.969426 105.423
0.969523 0.0150716 0.244536 59.6013 -0.0155129 0.99988 -0.000121393 -2.98924 -0.244508 -0.00367577 0.96964 106.064
0.96963 0.019295 0.243813 59.7625 -0.018261 0.999812 -0.00650095 -2.99894 -0.243893 0.00185125 0.969801 106.724
0.970242 0.0228574 0.241056 59.9181 -0.0211163 0.999729 -0.00980383 -3.00717 -0.241215 0.00442187 0.970462 107.379
0.970894 0.0213476 0.238558 60.0893 -0.020499 0.999772 -0.00603784 -3.01524 -0.238632 0.000971908 0.97111 108.077
0.971207 0.0173147 0.237609 60.2615 -0.0181155 0.999835 0.00118715 -3.02918 -0.237549 -0.00545737 0.97136 108.791
0.97202 0.0156238 0.234378 60.4329 -0.0176508 0.999823 0.00655342 -3.04116 -0.234234 -0.010507 0.972124 109.508
0.972311 0.0193346 0.232892 60.5964 -0.0214785 0.999747 0.00667316 -3.05086 -0.232704 -0.0114906 0.97248 110.233
0.97265 0.0249252 0.230933 60.7529 -0.0261088 0.999657 0.00207055 -3.05607 -0.230802 -0.00804332 0.972968 110.958
0.97346 0.0270815 0.22725 60.9279 -0.0271289 0.999628 -0.00291546 -3.0676 -0.227244 -0.00332694 0.973832 111.722
0.974344 0.0274217 0.223389 61.0888 -0.0268476 0.999624 -0.00560722 -3.06941 -0.223459 -0.000534096 0.974713 112.468
0.975249 0.0237077 0.219836 61.2627 -0.0232913 0.999719 -0.00448621 -3.08481 -0.21988 -0.000745085 0.975527 113.232
0.976251 0.0206066 0.215661 61.4407 -0.0205786 0.999785 -0.00237538 -3.10233 -0.215663 -0.00211904 0.976466 114.022
0.976694 0.0181373 0.213869 61.6115 -0.0186077 0.999827 0.000186506 -3.11632 -0.213828 -0.00416177 0.976862 114.821
0.976932 0.0146589 0.213047 61.7865 -0.0155407 0.999876 0.00246495 -3.12373 -0.212985 -0.00571899 0.977039 115.602
0.977148 0.0112889 0.212261 61.9627 -0.0124818 0.999913 0.00428052 -3.13701 -0.212194 -0.00683209 0.977204 116.413
0.977265 0.0101294 0.211781 62.1328 -0.0116134 0.999916 0.00576464 -3.14456 -0.211705 -0.00809308 0.9773 117.221
0.977253 0.0154734 0.21151 62.3078 -0.0167188 0.999852 0.00410077 -3.15796 -0.211415 -0.00754368 0.977367 118.042
0.976984 0.021654 0.21221 62.4711 -0.0223407 0.99975 0.000838411 -3.16703 -0.212138 -0.00556002 0.977224 118.859
0.976503 0.0300399 0.2134 62.6355 -0.0306503 0.99953 -0.00044824 -3.17884 -0.213313 -0.00610306 0.976965 119.669
0.975764 0.036081 0.215831 62.8065 -0.0370548 0.999313 0.000466006 -3.19001 -0.215666 -0.00845229 0.976431 120.498
0.974999 0.037789 0.218972 62.9807 -0.0391189 0.999233 0.00173964 -3.20006 -0.218739 -0.0102621 0.97573 121.334
0.97439 0.0381201 0.221612 63.1665 -0.0393625 0.999224 0.00119059 -3.21578 -0.221394 -0.0098833 0.975134 122.17
0.97394 0.0389609 0.223434 63.3551 -0.0397772 0.999208 -0.000847814 -3.22926 -0.22329 -0.00806188 0.974719 122.998
0.973893 0.0305722 0.224941 63.5543 -0.0312977 0.99951 -0.000340762 -3.24424 -0.224841 -0.00670825 0.974373 123.836
0.974137 0.0250599 0.224565 63.752 -0.0255324 0.999674 -0.000800052 -3.26151 -0.224512 -0.00495433 0.974459 124.662
0.973867 0.0237138 0.225879 63.9478 -0.0242201 0.999707 -0.000530124 -3.28693 -0.225826 -0.00495455 0.974155 125.513
0.973359 0.0264691 0.227754 64.1397 -0.0276683 0.999615 0.00207355 -3.29704 -0.227611 -0.00831986 0.973717 126.341
0.973066 0.0283298 0.228779 64.3234 -0.0308926 0.999494 0.00762776 -3.30714 -0.228447 -0.0144899 0.973449 127.179
0.972756 0.0305918 0.229804 64.5141 -0.0340696 0.999357 0.0111805 -3.31741 -0.229314 -0.0187053 0.973173 128.017
0.972472 0.0307864 0.230976 64.7076 -0.0328392 0.999448 0.00504754 -3.33251 -0.230693 -0.0124937 0.972946 128.856
0.972644 0.0261848 0.230819 64.9026 -0.02484 0.999653 -0.00873065 -3.34921 -0.230968 0.00275827 0.972958 129.662
0.97285 0.0254453 0.230032 65.1023 -0.0222248 0.999616 -0.0165811 -3.38133 -0.230366 0.0110185 0.973042 130.473
0.972964 0.0234286 0.229767 65.2975 -0.0218822 0.999718 -0.00927643 -3.39008 -0.229919 0.00399783 0.973202 131.313
0.973527 0.0156023 0.228041 65.4984 -0.018616 0.999765 0.0110708 -3.40164 -0.227815 -0.0150229 0.973589 132.158
0.973636 0.00798133 0.227967 65.6913 -0.0146905 0.999507 0.0277489 -3.41618 -0.227633 -0.0303663 0.973274 133.003
0.973956 0.0133943 0.226339 65.8762 -0.0188355 0.999583 0.0218974 -3.42043 -0.225951 -0.0255903 0.973802 133.815
0.974017 0.0245512 0.225139 66.048 -0.0268874 0.999612 0.00731588 -3.43188 -0.224872 -0.0131792 0.974299 134.617
0.974123 0.0263377 0.224481 66.2247 -0.0266124 0.999644 -0.00180213 -3.43051 -0.224448 -0.00421848 0.974477 135.415
0.974819 0.0219202 0.22192 66.411 -0.0218729 0.999757 -0.00267089 -3.44961 -0.221924 -0.0022504 0.975061 136.226
0.975409 0.0190379 0.219579 66.5859 -0.019345 0.999813 -0.000751813 -3.46797 -0.219552 -0.00351443 0.975595 137.025
0.976077 0.0203004 0.216474 66.7597 -0.0204149 0.99979 -0.00170734 -3.48743 -0.216464 -0.00275281 0.976287 137.846
0.977186 0.0232662 0.21111 66.9279 -0.0230982 0.999728 -0.00326189 -3.5043 -0.211128 -0.00168877 0.977457 138.64
0.977648 0.0263239 0.208596 67.0883 -0.0261158 0.999652 -0.00375209 -3.52613 -0.208623 -0.00177945 0.977995 139.442
0.977979 0.0340455 0.20591 67.2394 -0.0340434 0.999414 -0.00355421 -3.53713 -0.205911 -0.00353394 0.978564 140.247
0.978213 0.0356665 0.204518 67.3904 -0.0361549 0.999345 -0.00134944 -3.55715 -0.204432 -0.00607429 0.978862 141.046
0.9786 0.0323995 0.203205 67.5522 -0.0337286 0.999426 0.00308031 -3.57156 -0.202989 -0.00986822 0.979131 141.829
0.979008 0.0315053 0.201375 67.716 -0.0328077 0.999457 0.00313209 -3.59137 -0.201167 -0.00967298 0.979509 142.632
0.979536 0.0302819 0.198978 67.8706 -0.0311 0.999516 0.000986714 -3.60476 -0.198852 -0.00715474 0.980003 143.423
0.980476 0.0257118 0.194952 68.026 -0.0257132 0.999666 -0.00252409 -3.6227 -0.194951 -0.00253801 0.98081 144.216
0.981846 0.0243736 0.18811 68.1814 -0.0241571 0.999702 -0.00344339 -3.63393 -0.188137 -0.00116331 0.982142 145.005
0.983192 0.0222416 0.181213 68.3219 -0.0228233 0.999739 0.00112551 -3.64466 -0.181141 -0.00524249 0.983443 145.795
0.984271 0.0177966 0.17577 68.4569 -0.0198154 0.999756 0.00973703 -3.65959 -0.175553 -0.0130668 0.984383 146.588
0.98501 0.0173994 0.171617 68.5975 -0.0210587 0.999588 0.0195252 -3.67586 -0.171207 -0.0228466 0.98497 147.4
0.985631 0.0198837 0.167737 68.7198 -0.0239548 0.999465 0.0222819 -3.67003 -0.167204 -0.0259798 0.98558 148.176
0.986449 0.0234719 0.162378 68.8385 -0.0266137 0.999498 0.0172003 -3.67404 -0.161893 -0.0212887 0.986579 148.98
0.987486 0.0251393 0.155693 68.9546 -0.0266935 0.999613 0.0078995 -3.68537 -0.155435 -0.0119567 0.987774 149.76
0.988471 0.0246562 0.149391 69.0693 -0.0252166 0.99968 0.00185794 -3.68748 -0.149298 -0.00560366 0.988777 150.542
0.989574 0.0229159 0.142191 69.1766 -0.0235852 0.999717 0.00302315 -3.70027 -0.142081 -0.00634523 0.989835 151.352
0.99057 0.0258703 0.134542 69.2731 -0.0269602 0.999617 0.00628504 -3.70838 -0.134328 -0.00985307 0.990888 152.159
0.991427 0.0318512 0.12672 69.3522 -0.0327664 0.99945 0.00514353 -3.71984 -0.126487 -0.00925161 0.991925 152.963
0.992467 0.0363073 0.117008 69.4346 -0.0365062 0.999333 -0.000442925 -3.72975 -0.116946 -0.00383193 0.993131 153.778
0.99352 0.0353693 0.108013 69.5259 -0.0352274 0.999374 -0.00322203 -3.74539 -0.108059 -0.000603855 0.994144 154.586
0.994306 0.0350249 0.100639 69.5932 -0.035143 0.999382 -0.000599889 -3.75767 -0.100598 -0.00294028 0.994923 155.408
0.995007 0.0372265 0.092607 69.6597 -0.0379443 0.999262 0.00600182 -3.76809 -0.0923151 -0.00948576 0.995685 156.241
0.995622 0.0394663 0.0847337 69.712 -0.040672 0.999094 0.0125502 -3.77782 -0.0841616 -0.0159416 0.996325 157.072
0.996294 0.039105 0.0766129 69.7695 -0.040439 0.999055 0.0159387 -3.7839 -0.0759172 -0.0189777 0.996934 157.896
0.996727 0.0395709 0.0704937 69.8216 -0.040938 0.998999 0.0180557 -3.78769 -0.0697086 -0.0208825 0.997349 158.722
0.996992 0.0393717 0.0667565 69.8644 -0.0405292 0.999049 0.0160741 -3.79216 -0.0660602 -0.0187313 0.99764 159.553
0.997138 0.0441347 0.0613841 69.9072 -0.0448963 0.99893 0.0110839 -3.79865 -0.0608292 -0.0138081 0.998053 160.373
0.997067 0.0501264 0.0578297 69.9353 -0.0505115 0.99871 0.00521479 -3.80186 -0.0574937 -0.00812056 0.998313 161.186
0.997079 0.0527723 0.0552093 69.9653 -0.0529647 0.998594 0.00202815 -3.80969 -0.0550247 -0.00494637 0.998473 162.017
0.9972 0.0535597 0.0521957 69.9946 -0.0540552 0.998505 0.00812792 -3.81908 -0.0516823 -0.0109266 0.998604 162.855
0.997215 0.0550961 0.0502697 70.0269 -0.0560384 0.998275 0.017532 -3.81585 -0.049217 -0.0203002 0.998582 163.693
0.99741 0.0549388 0.0464145 70.0569 -0.0561871 0.998081 0.0260319 -3.8191 -0.0448953 -0.0285724 0.998583 164.528
0.997856 0.0504543 0.0416917 70.0876 -0.051416 0.998428 0.0223265 -3.81548 -0.0404996 -0.0244222 0.998881 165.341
0.998434 0.0423451 0.0365672 70.1204 -0.0428896 0.998978 0.0142355 -3.83233 -0.035927 -0.0157816 0.99923 166.155
0.998748 0.0408398 0.0288982 70.1398 -0.0411101 0.999116 0.00882462 -3.83258 -0.0285122 -0.0100016 0.999543 166.964
0.998699 0.0459244 0.0221752 70.1496 -0.0461554 0.998884 0.0100165 -3.82745 -0.0216905 -0.0110269 0.999704 167.779
0.999044 0.0412037 0.0146302 70.158 -0.041432 0.999019 0.01566 -3.82938 -0.0139706 -0.0162512 0.99977 168.612
0.999385 0.0343894 0.0069349 70.1657 -0.0345235 0.999199 0.0202487 -3.83391 -0.00623301 -0.0204756 0.999771 169.448
0.999612 0.0278393 0.00126094 70.1708 -0.0278615 0.999328 0.0238114 -3.82615 -0.000597199 -0.0238373 0.999716 170.271
0.999744 0.0221677 -0.00465556 70.1702 -0.0220475 0.999458 0.0244428 -3.83128 0.00519487 -0.0243338 0.99969 171.114
0.999762 0.0183005 -0.0118912 70.158 -0.0180795 0.999667 0.018431 -3.83804 0.0122245 -0.0182117 0.999759 171.947
0.999751 0.0124709 -0.0185034 70.1438 -0.0123259 0.999893 0.00793452 -3.83261 0.0186003 -0.00770447 0.999797 172.749
0.999657 0.00527562 -0.02564 70.1388 -0.00517005 0.999978 0.004182 -3.83939 0.0256615 -0.00404801 0.999663 173.58
0.999474 0.00573077 -0.0319347 70.0991 -0.00538289 0.999925 0.0109687 -3.84192 0.0319952 -0.010791 0.99943 174.428
0.999206 0.0153793 -0.0367608 70.0494 -0.0144996 0.999605 0.0240795 -3.83897 0.0371166 -0.0235274 0.999034 175.287
0.998915 0.0209717 -0.041576 70.0017 -0.0196322 0.999283 0.0323693 -3.84172 0.0422251 -0.0315179 0.998611 176.132
0.998782 0.0197942 -0.0452076 69.9526 -0.0184626 0.999389 0.0296844 -3.83417 0.0457675 -0.0288136 0.998537 176.968
0.998627 0.0221686 -0.0474669 69.9059 -0.0212634 0.999584 0.0194907 -3.84099 0.0478792 -0.0184546 0.998683 177.81
0.998183 0.032508 -0.050744 69.84 -0.0320506 0.999438 0.0098014 -3.82787 0.0510341 -0.00815722 0.998664 178.642
0.998102 0.032361 -0.0524013 69.7853 -0.0320717 0.999466 0.00635159 -3.83006 0.0525788 -0.00465893 0.998606 179.491
0.998172 0.0264271 -0.0543478 69.7384 -0.025845 0.999601 0.0113865 -3.84279 0.054627 -0.00996106 0.998457 180.341
0.998199 0.0246039 -0.0547183 69.6957 -0.0235704 0.999533 0.0194529 -3.84097 0.0551714 -0.0181281 0.998312 181.195
0.998149 0.0270298 -0.0544849 69.6409 -0.0256796 0.999349 0.0253312 -3.83674 0.0551341 -0.0238852 0.998193 182.073
0.998062 0.0265901 -0.0562539 69.5878 -0.0252317 0.999376 0.0247225 -3.83893 0.0568761 -0.0232553 0.99811 182.912
0.998079 0.0218183 -0.0579929 69.5312 -0.0209452 0.999659 0.0156194 -3.8369 0.0583138 -0.0143747 0.998195 183.761
0.998064 0.0140042 -0.0605982 69.4959 -0.0137287 0.999893 0.00496095 -3.84846 0.0606612 -0.00411942 0.99815 184.59
0.998025 0.00549645 -0.0625747 69.4554 -0.00545103 0.999985 0.000896507 -3.85597 0.0625786 -0.000553641 0.99804 185.436
0.997962 0.00599597 -0.06353 69.3934 -0.00567486 0.99997 0.00523362 -3.86537 0.0635595 -0.00486243 0.997966 186.296
0.997804 0.0107534 -0.0653557 69.3297 -0.0098356 0.999849 0.0143491 -3.86516 0.0655001 -0.0136748 0.997759 187.15
0.997754 0.0117338 -0.065948 69.2622 -0.0105328 0.999773 0.0185296 -3.87412 0.0661505 -0.0177934 0.997651 187.989
0.997674 0.0112125 -0.0672443 69.2067 -0.0101863 0.999827 0.0155838 -3.8859 0.0674074 -0.0148626 0.997615 188.826
0.997697 0.0123711 -0.066688 69.1456 -0.0117169 0.999879 0.010191 -3.89334 0.066806 -0.00938611 0.997722 189.663
0.997569 0.0182959 -0.067239 69.0717 -0.0177014 0.999799 0.00942774 -3.89044 0.0673979 -0.0082146 0.997692 190.504
0.997509 0.0207364 -0.0674274 69.0098 -0.0199623 0.999727 0.0121346 -3.89924 0.0676606 -0.0107584 0.997651 191.349
0.997354 0.0249112 -0.0683049 68.9435 -0.0239055 0.999594 0.0155026 -3.90765 0.0686633 -0.0138287 0.997544 192.178
0.997219 0.0285221 -0.0688599 68.88 -0.0273369 0.999463 0.0180932 -3.91156 0.0693389 -0.0161605 0.997462 192.998
0.997179 0.0307317 -0.0684845 68.8102 -0.0295791 0.999404 0.0177814 -3.91008 0.0689901 -0.0157056 0.997494 193.827
0.997141 0.0297468 -0.06947 68.7493 -0.0288003 0.999479 0.0145861 -3.9248 0.0698677 -0.0125437 0.997477 194.655
