1 8.43646e-10 -8.6433e-11 0 3.29294e-10 1 1.62786e-10 3.72529e-09 8.71194e-11 5.46116e-11 1 0
0.99999 -0.00291156 -0.0035006 -0.00321785 0.00290842 0.999995 -0.000899315 -0.0197686 0.0035032 0.000889125 0.999994 0.685141
0.999972 -0.0025054 -0.00707536 -0.0113255 0.00248872 0.999994 -0.00236447 -0.0308645 0.00708124 0.0023468 0.999972 1.38974
0.999923 -0.00187409 -0.012268 -0.0196681 0.00183829 0.999994 -0.00292849 -0.0410844 0.0122734 0.00290571 0.999921 2.10436
0.999838 -0.000757256 -0.0179743 -0.034997 0.000701017 0.999995 -0.00313504 -0.0502911 0.0179766 0.00312193 0.999834 2.83815
0.999725 -0.00166332 -0.0233734 -0.0533536 0.00158586 0.999993 -0.00333215 -0.0638431 0.0233788 0.00329417 0.999721 3.58856
0.999623 -0.000250948 -0.0274457 -0.0832331 0.000138459 0.999992 -0.00410049 -0.0778755 0.0274465 0.00409514 0.999615 4.34588
0.999461 0.00267039 -0.0327075 -0.119215 -0.00282462 0.999985 -0.00467028 -0.0918832 0.0326945 0.00476015 0.999454 5.11952
0.999298 0.00382705 -0.0372787 -0.160172 -0.00397084 0.999985 -0.00378398 -0.100515 0.0372636 0.00392934 0.999298 5.9127
0.999103 0.00390115 -0.042168 -0.201449 -0.00394897 0.999992 -0.0010508 -0.113827 0.0421636 0.00121638 0.99911 6.71861
0.99896 0.00313313 -0.0454866 -0.239778 -0.0030548 0.999994 0.00179151 -0.130303 0.0454919 -0.00165069 0.998963 7.52179
0.998834 0.00439021 -0.0480882 -0.288605 -0.00429725 0.999989 0.00203621 -0.141665 0.0480966 -0.00182718 0.998841 8.34441
0.998685 0.00452922 -0.0510676 -0.331208 -0.00447094 0.999989 0.00125545 -0.151086 0.0510727 -0.00102548 0.998694 9.15217
0.998585 0.00236654 -0.053128 -0.378842 -0.00231364 0.999997 0.00105714 -0.167187 0.0531303 -0.000932726 0.998587 10.0051
0.998446 0.00190889 -0.0557055 -0.42581 -0.00180703 0.999997 0.00187892 -0.175728 0.0557088 -0.00177534 0.998446 10.8636
0.99835 -0.000323655 -0.0574165 -0.482372 0.000442118 0.999998 0.00205054 -0.190826 0.0574157 -0.00207254 0.998348 11.7143
0.998231 0.00224252 -0.0594132 -0.537823 -0.00226054 0.999997 -0.000236112 -0.206724 0.0594125 0.000370001 0.998233 12.5761
0.998156 0.00287997 -0.0606279 -0.596475 -0.00306396 0.999991 -0.00294215 -0.219321 0.0606189 0.00312249 0.998156 13.4397
0.99805 0.00661396 -0.0620742 -0.661572 -0.00689498 0.999967 -0.00431394 -0.23071 0.0620436 0.00473353 0.998062 14.3122
0.997979 0.00773147 -0.0630678 -0.724255 -0.00800969 0.999959 -0.00415988 -0.245879 0.0630331 0.00465662 0.998001 15.2062
0.997901 0.00703726 -0.0643699 -0.782813 -0.00722663 0.99997 -0.00270967 -0.263654 0.0643489 0.00316916 0.997922 16.0963
0.997842 0.00689172 -0.0652985 -0.845673 -0.00697584 0.999975 -0.00106039 -0.279318 0.0652896 0.00151361 0.997865 16.9885
0.997876 0.00693861 -0.0647779 -0.908605 -0.00700833 0.999975 -0.000849089 -0.299755 0.0647704 0.00130127 0.997899 17.8981
0.997805 0.00686354 -0.0658616 -0.978433 -0.00701155 0.999973 -0.00201645 -0.311784 0.065846 0.00247381 0.997827 18.8039
0.997673 0.00548327 -0.0679603 -1.03203 -0.00566386 0.999981 -0.00246495 -0.330934 0.0679455 0.00284414 0.997685 19.7178
0.997575 0.005994 -0.0693383 -1.09924 -0.00602374 0.999982 -0.000219734 -0.347265 0.0693358 0.000636876 0.997593 20.6446
0.99761 0.00656936 -0.0687887 -1.17339 -0.00636094 0.999975 0.00324848 -0.357638 0.0688083 -0.00280315 0.997626 21.5722
0.997653 0.00699468 -0.0681192 -1.24048 -0.00652396 0.999953 0.00713018 -0.370437 0.0681659 -0.00666903 0.997652 22.5179
0.997766 0.00626141 -0.0665195 -1.30569 -0.00561774 0.999936 0.00985912 -0.37908 0.0665769 -0.0094634 0.997737 23.4618
0.997976 0.00524758 -0.0633792 -1.36912 -0.00457769 0.999932 0.0107101 -0.386788 0.0634311 -0.0103983 0.997932 24.395
0.998066 0.00608486 -0.0618608 -1.43056 -0.00562347 0.999955 0.00762994 -0.396277 0.0619044 -0.00726731 0.998056 25.3547
0.998121 0.00749065 -0.0608229 -1.49397 -0.00730193 0.999968 0.00332453 -0.400901 0.0608459 -0.00287416 0.998143 26.2955
0.998164 0.00676872 -0.0602001 -1.55552 -0.00677732 0.999977 6.11259e-05 -0.41327 0.0601991 0.000346982 0.998186 27.2681
0.998247 0.00478924 -0.0589963 -1.61524 -0.00471464 0.999988 0.0014036 -0.427619 0.0590023 -0.00112299 0.998257 28.2251
0.998295 0.00177055 -0.05834 -1.67104 -0.00139644 0.999978 0.00645268 -0.438722 0.0583501 -0.00636021 0.998276 29.1961
0.998238 -0.00235521 -0.059297 -1.72639 0.00295807 0.999945 0.0100809 -0.448155 0.05927 -0.0102386 0.99819 30.1842
0.998173 -0.0103695 -0.0595202 -1.78016 0.0109551 0.999895 0.00952113 -0.462471 0.0594152 -0.0101558 0.998182 31.1536
0.99812 -0.0112231 -0.0602555 -1.83545 0.0115948 0.999916 0.00582313 -0.471757 0.0601851 -0.00651084 0.998166 32.1169
0.998079 -0.0108881 -0.0609939 -1.89398 0.01102 0.999938 0.00182732 -0.481503 0.0609702 -0.00249596 0.998137 33.1029
0.997966 -0.0106973 -0.062841 -1.96226 0.0107737 0.999942 0.00087633 -0.49103 0.062828 -0.00155158 0.998023 34.0706
0.997986 -0.0120335 -0.0622834 -2.02955 0.0122322 0.999921 0.00280903 -0.510535 0.0622447 -0.00356523 0.998055 35.0703
0.997889 -0.0103351 -0.0641234 -2.09862 0.0107014 0.999928 0.00537033 -0.519895 0.0640633 -0.0060452 0.997928 36.061
0.997805 -0.00832324 -0.0656927 -2.16948 0.00880888 0.999936 0.0071064 -0.534187 0.0656293 -0.00766948 0.997815 37.0871
0.99783 -0.00815109 -0.0653337 -2.24226 0.00880866 0.999913 0.00978301 -0.541912 0.0652483 -0.0103373 0.997816 38.068
0.997805 -0.00735802 -0.0658118 -2.30871 0.00823338 0.999881 0.0130397 -0.559886 0.065708 -0.0135529 0.997747 39.078
0.997817 -0.00276443 -0.065987 -2.39019 0.00374375 0.999885 0.014722 -0.55731 0.0659387 -0.0149369 0.997712 40.0834
0.997833 -0.00207313 -0.0657717 -2.45531 0.00304092 0.999889 0.0146177 -0.565786 0.065734 -0.014786 0.997728 41.082
0.997792 -0.00283401 -0.0663576 -2.51656 0.00369774 0.99991 0.012897 -0.571469 0.066315 -0.0131139 0.997713 42.0538
0.997742 0.000801803 -0.0671536 -2.58946 -9.00565e-05 0.999944 0.0106011 -0.581788 0.0671583 -0.0105711 0.997686 43.0503
0.997661 1.63191e-05 -0.0683634 -2.66149 0.000713215 0.999943 0.010647 -0.588615 0.0683597 -0.0106708 0.997604 44.0321
0.997607 -0.00221393 -0.0690985 -2.73184 0.00305719 0.999922 0.0121004 -0.599535 0.0690663 -0.0122827 0.997537 45.0168
0.997574 -0.00215106 -0.069584 -2.80279 0.00306728 0.99991 0.013063 -0.607783 0.0695497 -0.0132447 0.997491 46.0205
0.997489 -0.000309328 -0.0708266 -2.87973 0.00107603 0.999941 0.0107872 -0.622802 0.0708191 -0.0108363 0.99743 46.9836
0.997383 0.00137531 -0.0722845 -2.95796 -0.00100196 0.999986 0.00520096 -0.626049 0.0722906 -0.00511493 0.997371 47.9772
0.997389 0.00209978 -0.0721837 -3.04152 -0.00178449 0.999989 0.00443202 -0.64155 0.0721922 -0.00429164 0.997382 48.9373
0.997332 0.000767971 -0.073002 -3.11451 -0.000205871 0.99997 0.00770699 -0.649675 0.0730057 -0.00767139 0.997302 49.9078
0.997339 -0.00235029 -0.0728698 -3.19244 0.00321479 0.999926 0.0117485 -0.667382 0.0728368 -0.0119515 0.997272 50.8914
0.997306 -0.00310236 -0.0732817 -3.26069 0.00399623 0.999919 0.0120542 -0.675604 0.0732384 -0.0123145 0.997239 51.8401
0.99725 -0.00642459 -0.0738385 -3.33893 0.00726361 0.999912 0.0111001 -0.687073 0.0737607 -0.0116059 0.997209 52.7985
0.997263 -0.00904952 -0.0733756 -3.40596 0.00977923 0.999906 0.0095917 -0.702109 0.0732819 -0.010283 0.997258 53.7904
0.99722 -0.00961957 -0.0738949 -3.47971 0.0104435 0.999887 0.0107722 -0.708476 0.073783 -0.011514 0.997208 54.7138
0.997168 -0.0125794 -0.0741531 -3.54443 0.0137389 0.999791 0.0151469 -0.716357 0.0739471 -0.0161227 0.997132 55.6891
0.997062 -0.0158188 -0.0749471 -3.60888 0.0174106 0.999636 0.0206332 -0.722826 0.0745934 -0.0218775 0.996974 56.6161
0.997017 -0.0143557 -0.075843 -3.68515 0.0161219 0.999612 0.022726 -0.715461 0.0754873 -0.0238809 0.996861 57.5792
0.996868 -0.0138096 -0.0778672 -3.76797 0.0153318 0.999702 0.0189844 -0.72082 0.0775818 -0.0201188 0.996783 58.5422
0.996769 -0.0105667 -0.0796313 -3.84531 0.0115172 0.999868 0.0114862 -0.726225 0.0794994 -0.0123662 0.996758 59.4297
0.996724 -0.00894569 -0.0803885 -3.92955 0.00947217 0.999936 0.0061703 -0.741337 0.0803282 -0.00691154 0.996745 60.3478
0.99675 -0.00372634 -0.0804718 -4.0168 0.00429046 0.999967 0.00683838 -0.746505 0.0804437 -0.00716142 0.996734 61.2745
0.996719 -0.00244208 -0.0809039 -4.09706 0.00320268 0.999952 0.00927284 -0.760677 0.0808774 -0.00950152 0.996679 62.1436
0.996689 -0.000559976 -0.0813116 -4.17132 0.00148626 0.999935 0.0113317 -0.773679 0.0812999 -0.011415 0.996624 63.0245
0.996586 0.000576998 -0.0825619 -4.25081 0.000327677 0.99994 0.0109436 -0.785494 0.0825633 -0.0109332 0.996526 63.9229
0.99638 0.00204374 -0.0849893 -4.33238 -0.00103924 0.999929 0.0118616 -0.794949 0.0850075 -0.0117303 0.996311 64.7478
0.996256 0.00267532 -0.0864121 -4.41012 -0.00158836 0.999919 0.0126451 -0.805256 0.0864389 -0.0124605 0.996179 65.6169
0.996098 0.00331767 -0.0881895 -4.48265 -0.0021629 0.999911 0.0131866 -0.81892 0.0882254 -0.0129444 0.996017 66.4453
0.995881 0.00363669 -0.0905953 -4.56535 -0.00234911 0.999895 0.014315 -0.825216 0.0906378 -0.0140432 0.995785 67.2669
0.995727 0.00564379 -0.0921739 -4.65195 -0.00409753 0.999848 0.0169561 -0.831096 0.0922555 -0.0165059 0.995599 68.1033
0.995636 0.00684598 -0.0930757 -4.73565 -0.00494617 0.999775 0.0206268 -0.833337 0.0931959 -0.0200764 0.995445 68.8651
0.995424 0.00880815 -0.0951557 -4.81557 -0.00667609 0.99972 0.0227012 -0.838466 0.0953291 -0.021962 0.995204 69.6539
0.995274 0.0116696 -0.0964034 -4.90088 -0.00984179 0.999763 0.0194141 -0.84599 0.0966071 -0.0183735 0.995153 70.4332
0.995132 0.0126144 -0.0977466 -4.98162 -0.0115126 0.999864 0.0118282 -0.852434 0.0978825 -0.0106453 0.995141 71.1427
0.994922 0.0119126 -0.099939 -5.05476 -0.0113579 0.999917 0.006117 -0.861543 0.100004 -0.00495084 0.994975 71.8521
0.994849 0.0137884 -0.100427 -5.12809 -0.0133958 0.9999 0.00458192 -0.866983 0.10048 -0.00321302 0.994934 72.528
0.994669 0.015609 -0.101936 -5.20959 -0.0147917 0.999852 0.00876868 -0.878166 0.102058 -0.00721412 0.994752 73.2081
0.994621 0.0138306 -0.102659 -5.28432 -0.0127563 0.999857 0.0111136 -0.891842 0.102798 -0.00974427 0.994655 73.8619
0.994605 0.0121393 -0.103024 -5.34165 -0.0114107 0.999906 0.00765816 -0.906106 0.103107 -0.00644126 0.994649 74.483
0.994787 0.00457666 -0.101877 -5.40205 -0.00435904 0.999988 0.00235865 -0.920593 0.101886 -0.00190227 0.994794 75.0822
0.995009 0.00151225 -0.0997795 -5.45428 -0.00176643 0.999996 -0.00245905 -0.932728 0.0997753 0.00262303 0.995007 75.6586
0.995353 0.00294136 -0.0962506 -5.50491 -0.00321742 0.999991 -0.0027131 -0.946523 0.0962418 0.00301017 0.995354 76.2242
0.99579 0.00770281 -0.0913358 -5.565 -0.0077471 0.99997 -0.000130406 -0.952462 0.091332 0.000837444 0.99582 76.7904
0.99621 0.00792565 -0.0866236 -5.6156 -0.00769783 0.999966 0.00296367 -0.969543 0.0866442 -0.00228562 0.996237 77.3416
0.996679 0.00289495 -0.081378 -5.65294 -0.0023062 0.999971 0.00732784 -0.978894 0.0813968 -0.00711584 0.996656 77.8893
0.997304 -0.00184517 -0.0733641 -5.68945 0.00265382 0.999937 0.0109266 -0.995242 0.0733393 -0.0110918 0.997245 78.4274
0.998077 0.00180268 -0.06196 -5.71857 -0.00111574 0.999938 0.0111196 -1.00511 0.0619761 -0.0110291 0.998017 78.926
0.998954 0.00636509 -0.0452905 -5.74282 -0.00588709 0.999926 0.0106798 -1.00913 0.0453551 -0.010402 0.998917 79.4203
0.999599 0.0111154 -0.0260596 -5.75765 -0.0108237 0.999878 0.0113076 -1.012 0.0261821 -0.011021 0.999597 79.913
0.999941 0.00986344 -0.00447427 -5.74233 -0.00980945 0.999881 0.0119333 -1.01689 0.00459144 -0.0118887 0.999919 80.3805
0.999736 0.00624311 0.0221268 -5.71326 -0.00653707 0.999891 0.0132379 -1.02529 -0.0220418 -0.013379 0.999668 80.8588
0.998685 0.00475809 0.0510483 -5.66763 -0.00552575 0.999874 0.0149073 -1.03037 -0.0509709 -0.0151698 0.998585 81.311
0.996512 0.00399638 0.083361 -5.60852 -0.00539213 0.999849 0.0165251 -1.03522 -0.0832823 -0.0169169 0.996382 81.7595
0.992665 0.0036571 0.120844 -5.53478 -0.00576508 0.999837 0.0170988 -1.03829 -0.120762 -0.01767 0.992524 82.2038
0.986795 0.00356469 0.161933 -5.43736 -0.00648861 0.999825 0.0175311 -1.03977 -0.161843 -0.0183503 0.986646 82.626
0.978393 0.00312109 0.206732 -5.3205 -0.00686683 0.999825 0.0174038 -1.04336 -0.206641 -0.0184473 0.978243 83.0347
0.966771 0.00470133 0.255603 -5.18285 -0.00897504 0.999839 0.0155563 -1.04853 -0.255489 -0.0173334 0.966657 83.4492
0.951534 0.00520451 0.307499 -5.02185 -0.00980773 0.999862 0.0134264 -1.05582 -0.307386 -0.0157916 0.951454 83.8192
0.931786 0.00510934 0.362972 -4.83531 -0.00988825 0.999887 0.0113093 -1.05947 -0.362874 -0.014127 0.931731 84.2011
0.908362 0.00546726 0.41815 -4.63371 -0.0102892 0.999904 0.00927796 -1.06295 -0.418059 -0.0127302 0.908331 84.5248
0.879857 0.0057222 0.475203 -4.41389 -0.0102837 0.999923 0.00700004 -1.06102 -0.475127 -0.0110459 0.879848 84.8566
0.846588 0.00346223 0.532238 -4.15815 -0.0076052 0.999955 0.00559223 -1.06973 -0.532195 -0.00878209 0.846576 85.1813
0.811822 0.00282982 0.583898 -3.89707 -0.00669762 0.999968 0.00446576 -1.07778 -0.583866 -0.00753614 0.811815 85.4388
0.772359 0.00073983 0.635186 -3.60588 -0.00576312 0.999966 0.005843 -1.08644 -0.63516 -0.00817355 0.772337 85.72
0.730371 -0.000211094 0.68305 -3.32715 -0.00680751 0.999948 0.00758816 -1.08766 -0.683016 -0.0101921 0.730332 85.9553
0.685393 -0.00127117 0.728172 -3.02061 -0.00652943 0.999948 0.00789144 -1.08907 -0.728144 -0.0101633 0.685349 86.1787
0.639 -0.00311701 0.7692 -2.68804 -0.00347159 0.99997 0.00693612 -1.09597 -0.769199 -0.00710254 0.63897 86.4015
0.593837 -0.00604803 0.804563 -2.36937 0.00075911 0.999976 0.00695668 -1.10828 -0.804585 -0.00352038 0.593827 86.5606
0.544615 -0.00470927 0.838673 -2.02941 -0.000600956 0.999982 0.00600529 -1.1139 -0.838686 -0.00377458 0.544603 86.7563
0.497358 -0.001718 0.867544 -1.70691 -0.00441728 0.99998 0.00451267 -1.11733 -0.867534 -0.0060766 0.497341 86.9097
0.452204 0.000249737 0.891915 -1.35838 -0.00661331 0.999973 0.00307298 -1.12372 -0.89189 -0.00728812 0.452193 87.031
0.409984 -0.00164929 0.912091 -0.983358 0.000333058 0.999999 0.00165854 -1.12583 -0.912092 -0.000376197 0.409984 87.1463
0.371694 -0.0104144 0.928297 -0.627332 0.0143751 0.999882 0.00546161 -1.13697 -0.928244 0.0113143 0.371799 87.2217
0.337608 -0.014624 0.941173 -0.265512 0.0202806 0.99976 0.00825943 -1.13676 -0.941068 0.0162991 0.337824 87.316
0.304734 -0.011497 0.952368 0.107991 0.0172728 0.999829 0.00654309 -1.14302 -0.952281 0.0144562 0.304881 87.415
0.275017 -0.00310903 0.961434 0.46374 0.00665201 0.999977 0.00133087 -1.1492 -0.961416 0.00602945 0.275032 87.5205
0.246984 0.00176084 0.969018 0.842044 0.00100656 0.999997 -0.00207369 -1.16136 -0.969019 0.00148754 0.246982 87.6104
0.219842 0.00319729 0.97553 1.25026 0.00237331 0.99999 -0.00381229 -1.1746 -0.975533 0.00315334 0.219832 87.6781
0.19613 0.00426086 0.980569 1.64665 0.010339 0.999926 -0.00641293 -1.18076 -0.980523 0.0113958 0.196071 87.7377
0.176514 0.00978217 0.98425 2.03997 0.0164605 0.999782 -0.0128886 -1.1861 -0.984161 0.0184763 0.176315 87.7778
0.15697 0.0171081 0.987455 2.47026 0.0157716 0.999679 -0.019827 -1.18407 -0.987477 0.018686 0.15665 87.8338
0.139236 0.0181394 0.990093 2.90997 0.0134469 0.999705 -0.0202066 -1.1939 -0.990168 0.0161271 0.138951 87.8925
0.123332 0.0137561 0.99227 3.35316 0.0144224 0.999774 -0.0156527 -1.20499 -0.992261 0.0162414 0.123106 87.9435
0.107588 0.0100815 0.994144 3.83768 0.015139 0.999816 -0.0117774 -1.22403 -0.99408 0.0163175 0.107416 87.9935
0.0957224 0.00756329 0.99538 4.30729 0.0168839 0.999815 -0.00922066 -1.23799 -0.995265 0.0176885 0.095577 88.0269
0.0840993 0.00651052 0.996436 4.80518 0.0207678 0.99975 -0.00828497 -1.25102 -0.996241 0.0213906 0.0839431 88.0607
0.0746816 0.00676241 0.997185 5.30786 0.0236 0.999685 -0.00854683 -1.26084 -0.996928 0.0241718 0.0744984 88.0863
0.0666067 0.0071939 0.997753 5.83323 0.0254394 0.999637 -0.00890572 -1.27287 -0.997455 0.0259754 0.0663995 88.1247
0.0601051 0.00739028 0.998165 6.39641 0.0274532 0.999582 -0.00905389 -1.28126 -0.997814 0.027947 0.0598771 88.1541
0.0555551 0.00824403 0.998422 6.93496 0.0278709 0.999564 -0.00980427 -1.29302 -0.998067 0.0283716 0.0553011 88.1818
0.049476 0.00896978 0.998735 7.51725 0.0278089 0.99956 -0.0103548 -1.30278 -0.998388 0.0282861 0.0492048 88.2125
0.0451095 0.00883841 0.998943 8.13055 0.0310182 0.999466 -0.0102437 -1.31519 -0.9985 0.0314475 0.0448112 88.2397
0.0410563 0.00835142 0.999122 8.73751 0.0323445 0.99943 -0.00968311 -1.32876 -0.998633 0.0327136 0.0407628 88.2639
0.0368322 0.00795017 0.99929 9.37366 0.0336737 0.999391 -0.00919213 -1.34294 -0.998754 0.0339884 0.036542 88.2873
0.0339363 0.00751529 0.999396 10.0317 0.0356568 0.999326 -0.00872556 -1.35397 -0.998788 0.0359314 0.0336455 88.3104
0.0326444 0.0068872 0.999443 10.7155 0.039681 0.999179 -0.00818146 -1.3699 -0.998679 0.039926 0.0323443 88.3276
0.0333967 0.00652373 0.999421 11.4111 0.0430004 0.999043 -0.00795817 -1.3836 -0.998517 0.0432413 0.0330842 88.346
0.0361602 0.00637238 0.999326 12.1247 0.0449752 0.998956 -0.00799743 -1.39914 -0.998333 0.045234 0.0358358 88.3721
0.0398863 0.00608327 0.999186 12.8459 0.0472034 0.998854 -0.00796555 -1.41143 -0.998089 0.0474827 0.0395535 88.4017
0.0423983 0.00578083 0.999084 13.5827 0.0477673 0.998828 -0.00780646 -1.42507 -0.997958 0.0480545 0.0420724 88.438
0.0464515 0.00399849 0.998913 14.3345 0.0503816 0.99871 -0.00634052 -1.43889 -0.997649 0.0506213 0.0461901 88.4699
0.0499005 0.00230025 0.998752 15.098 0.0498441 0.998746 -0.00479059 -1.45147 -0.99751 0.0500209 0.0497232 88.5107
0.0536487 0.000448174 0.99856 15.8992 0.0470835 0.998887 -0.00297793 -1.46261 -0.997449 0.0471754 0.0535678 88.5613
0.0577292 -0.00079701 0.998332 16.7005 0.0458589 0.998946 -0.00185432 -1.47595 -0.997278 0.0458895 0.0577049 88.6127
0.0604293 -0.000190169 0.998173 17.4862 0.0437729 0.999039 -0.00245967 -1.48938 -0.997212 0.0438415 0.0603796 88.6698
0.0634922 0.00355564 0.997976 18.2695 0.0414846 0.99912 -0.006199 -1.51123 -0.99712 0.0417942 0.0632889 88.7275
0.0645677 0.00928087 0.99787 19.0845 0.0369254 0.99925 -0.011683 -1.52564 -0.99723 0.0376011 0.0641765 88.7979
0.0641587 0.0122955 0.997864 19.8756 0.0332152 0.999344 -0.0144493 -1.55075 -0.997387 0.0340713 0.0637082 88.8602
0.0645657 0.0116323 0.997846 20.6988 0.0311738 0.999421 -0.0136678 -1.57122 -0.997426 0.0319891 0.0641657 88.9167
0.064055 0.0100907 0.997895 21.5288 0.0295838 0.99949 -0.0120059 -1.59827 -0.997508 0.0302906 0.0637238 88.9769
0.0624514 0.00854418 0.998012 22.3089 0.0294368 0.999513 -0.0103991 -1.62449 -0.997614 0.0300277 0.0621694 89.0305
0.0627038 0.00765677 0.998003 23.1549 0.02782 0.999569 -0.00941669 -1.64877 -0.997644 0.0283549 0.0624637 89.0917
0.0638304 0.00773072 0.997931 23.9709 0.0256734 0.999626 -0.009386 -1.67404 -0.997631 0.0262194 0.063608 89.1426
0.066183 0.00857953 0.997771 24.7495 0.0234423 0.999674 -0.0101508 -1.69751 -0.997532 0.0240618 0.0659603 89.2042
0.0669113 0.00991776 0.99771 25.5522 0.0197367 0.999742 -0.0112616 -1.72241 -0.997564 0.0204451 0.0666983 89.2668
0.0643894 0.00983696 0.997877 26.3155 0.0166957 0.999801 -0.0109332 -1.74589 -0.997785 0.0173642 0.0642124 89.3249
0.0618072 0.00862158 0.998051 27.1106 0.0142878 0.999853 -0.00952196 -1.76919 -0.997986 0.0148485 0.061675 89.3814
0.057395 0.00621753 0.998332 27.8964 0.0122889 0.9999 -0.0069338 -1.79193 -0.998276 0.0126664 0.0573129 89.4293
0.0510234 0.00416736 0.998689 28.6911 0.0109107 0.999929 -0.00472997 -1.81237 -0.998638 0.0111377 0.0509744 89.4742
0.0440013 0.00388921 0.999024 29.4669 0.00981176 0.999943 -0.00432494 -1.83535 -0.998983 0.00999248 0.0439606 89.5131
0.0361994 0.00479233 0.999333 30.2518 0.00907957 0.999946 -0.00512416 -1.85398 -0.999303 0.00925901 0.0361539 89.5441
0.0274732 0.00525149 0.999609 31.0306 0.00906572 0.999944 -0.00550241 -1.87464 -0.999581 0.00921334 0.027424 89.5589
0.0199654 0.0043854 0.999791 31.8201 0.00957212 0.999944 -0.00457722 -1.89476 -0.999755 0.00966151 0.0199223 89.5803
0.0106944 0.00275998 0.999939 32.7371 0.00896983 0.999956 -0.00285596 -1.91479 -0.999903 0.00899982 0.0106692 89.588
0.00105343 0.00181432 0.999998 33.6041 0.00990191 0.999949 -0.00182467 -1.93859 -0.99995 0.00990381 0.00103541 89.5829
-0.00869008 0.0010648 0.999962 34.481 0.00997818 0.99995 -0.000978069 -1.96022 -0.999913 0.0099693 -0.00870026 89.5798
-0.0202339 0.00154308 0.999794 35.2933 0.00924916 0.999956 -0.00135615 -1.98096 -0.999753 0.00921982 -0.0202473 89.5538
-0.0311535 0.00222516 0.999512 36.0635 0.0094752 0.999953 -0.00193081 -1.99906 -0.99947 0.00941043 -0.0311731 89.5384
-0.0415637 0.00318375 0.999131 36.8444 0.00915822 0.999954 -0.00280539 -2.01916 -0.999094 0.00903365 -0.041591 89.4959
-0.0505198 0.00380834 0.998716 37.603 0.010314 0.999941 -0.00329128 -2.03693 -0.99867 0.0101345 -0.0505562 89.4551
-0.0590299 0.00412847 0.998248 38.3744 0.0108767 0.999935 -0.00349227 -2.05834 -0.998197 0.0106515 -0.059071 89.4071
-0.0692961 0.00436144 0.997587 39.1181 0.0107597 0.999936 -0.0036243 -2.07613 -0.997538 0.0104826 -0.0693386 89.3563
-0.0775186 0.00360788 0.996985 39.8426 0.0124432 0.999919 -0.002651 -2.09534 -0.996913 0.0122002 -0.0775572 89.2993
-0.0854543 0.00244482 0.996339 40.5766 0.0142872 0.999897 -0.00122816 -2.11262 -0.99624 0.01413 -0.0854805 89.2349
-0.09176 0.000982177 0.995781 41.3192 0.0177942 0.999842 0.000653529 -2.12914 -0.995622 0.017779 -0.091763 89.1716
-0.0957051 -0.000787943 0.99541 42.0011 0.0211942 0.999771 0.00282915 -2.14512 -0.995184 0.0213677 -0.0956666 89.0992
-0.0972209 -0.00221096 0.995261 42.683 0.0224492 0.999738 0.00441383 -2.15985 -0.99501 0.0227719 -0.0971458 89.0335
-0.0993643 -0.00294279 0.995047 43.3971 0.0230242 0.999721 0.00525578 -2.17588 -0.994785 0.0234324 -0.0992688 88.9628
-0.100137 -0.00263403 0.99497 44.0707 0.0236565 0.999708 0.00502742 -2.18573 -0.994692 0.0240409 -0.100045 88.8987
-0.0992588 -0.00171174 0.99506 44.7325 0.024981 0.999679 0.00421157 -2.19984 -0.994748 0.0252756 -0.0991842 88.8321
-0.096786 -0.000543437 0.995305 45.3667 0.025462 0.999671 0.00302181 -2.21379 -0.99498 0.0256349 -0.0967403 88.7727
-0.0906966 1.61258e-05 0.995879 45.9775 0.0257203 0.999667 0.00232621 -2.22627 -0.995546 0.0258253 -0.0906667 88.7235
-0.0832345 0.00047614 0.99653 46.5815 0.0248153 0.999691 0.00159503 -2.23986 -0.996221 0.024862 -0.0832206 88.6817
-0.0718472 0.000856455 0.997415 47.185 0.0238731 0.999715 0.000861229 -2.25255 -0.99713 0.0238732 -0.0718472 88.6473
-0.0583071 0.000812036 0.998299 47.7353 0.0236263 0.999721 0.000566737 -2.26934 -0.998019 0.0236192 -0.05831 88.6293
-0.042439 0.00228301 0.999097 48.2726 0.0230404 0.999734 -0.00130577 -2.28109 -0.998833 0.0229641 -0.0424803 88.6228
-0.022381 0.00467156 0.999739 48.8168 0.0216136 0.999758 -0.00418779 -2.30059 -0.999516 0.0215142 -0.0224765 88.6256
0.00217791 0.00787714 0.999967 49.339 0.0195506 0.999777 -0.00791823 -2.31473 -0.999807 0.0195672 0.00202342 88.6457
0.0315913 0.00966225 0.999454 49.8448 0.0179006 0.999788 -0.0102313 -2.32905 -0.999341 0.0182141 0.0314116 88.6841
0.065248 0.00898978 0.997829 50.37 0.0168148 0.999808 -0.0101071 -2.34427 -0.997727 0.0174378 0.0650843 88.7443
0.10227 0.00654617 0.994735 50.8909 0.0156985 0.999843 -0.00819377 -2.35903 -0.994633 0.0164539 0.102152 88.8266
0.14358 0.00264267 0.989635 51.3895 0.0141377 0.999889 -0.0047212 -2.37392 -0.989538 0.014669 0.143526 88.9256
0.188203 -0.00141922 0.982129 51.8947 0.0120488 0.999927 -0.000863933 -2.38848 -0.982056 0.0119961 0.188206 89.0543
0.235442 -0.00478821 0.971877 52.3614 0.00874033 0.999958 0.00280917 -2.39892 -0.971849 0.00783312 0.235474 89.2183
0.28597 -0.00646529 0.958217 52.83 0.00603117 0.99997 0.00494706 -2.40964 -0.95822 0.00436446 0.286 89.4009
0.340203 -0.00626814 0.940331 53.293 0.00535943 0.999975 0.00472672 -2.41512 -0.940337 0.0034316 0.340228 89.6112
0.398168 -0.00613162 0.917292 53.7304 0.00824211 0.999961 0.00310658 -2.43024 -0.917276 0.00632349 0.398203 89.8399
0.45672 -0.00280164 0.889606 54.1319 0.0101523 0.999946 -0.00206301 -2.44044 -0.889552 0.00997376 0.456724 90.0854
0.515824 0.000519702 0.856695 54.5297 0.012094 0.999896 -0.00788852 -2.4549 -0.856609 0.01443 0.515764 90.3788
0.572905 0.0052014 0.819606 54.8752 0.00862211 0.999886 -0.0123724 -2.46351 -0.819577 0.0141549 0.572795 90.6758
0.627786 0.00836 0.778342 55.2223 0.00538844 0.999872 -0.0150855 -2.47206 -0.778368 0.0136645 0.62766 91.027
0.678681 0.00982205 0.734367 55.53 0.00406836 0.999845 -0.0171326 -2.48512 -0.734422 0.0146153 0.678536 91.3729
0.725735 0.00887852 0.687917 55.8156 0.00395657 0.999846 -0.0170785 -2.49743 -0.687963 0.0151162 0.725589 91.7232
0.770464 0.00503438 0.637464 56.0835 0.00316613 0.999926 -0.0117236 -2.5138 -0.637476 0.0110509 0.770391 92.1345
0.811536 0.000441249 0.584303 56.3233 0.003371 0.99998 -0.00543711 -2.5223 -0.584293 0.00638209 0.811517 92.544
0.847844 -0.00240203 0.53024 56.5186 0.00230322 0.999997 0.000847255 -2.53308 -0.530241 0.000502918 0.847847 92.9437
0.879094 -0.00462517 0.476627 56.7127 0.00141891 0.999974 0.00708667 -2.53742 -0.476647 -0.00555355 0.879077 93.3994
0.904777 -0.00502946 0.425856 56.875 -0.000336239 0.999922 0.0125237 -2.54753 -0.425886 -0.0114743 0.904704 93.8385
0.924753 -0.00255862 0.380559 57.0028 -0.00381413 0.999865 0.0159907 -2.55687 -0.380548 -0.016239 0.924618 94.284
0.940431 0.00261252 0.339975 57.1356 -0.00909003 0.999806 0.0174617 -2.5561 -0.339863 -0.0195119 0.940273 94.7699
0.952345 0.00825607 0.30491 57.2414 -0.0141176 0.999755 0.0170239 -2.55562 -0.304695 -0.0205172 0.952229 95.2251
0.961659 0.010277 0.274057 57.3522 -0.0151648 0.999761 0.0157227 -2.544 -0.27383 -0.0192759 0.961585 95.7134
0.9679 0.00565795 0.251273 57.4624 -0.0102108 0.999806 0.016819 -2.55201 -0.251129 -0.0188448 0.96777 96.1903
0.97179 0.00236822 0.235837 57.5725 -0.00661395 0.99983 0.0172134 -2.55443 -0.235756 -0.0182877 0.97164 96.6728
0.974946 0.0060103 0.22236 57.6783 -0.00997845 0.99981 0.0167265 -2.55392 -0.222217 -0.0185262 0.974821 97.1727
0.976897 0.0116716 0.21339 57.7641 -0.0155994 0.999738 0.0167325 -2.54648 -0.213139 -0.0196747 0.976824 97.6823
0.978123 0.0178353 0.207263 57.8559 -0.0215183 0.999648 0.0155286 -2.54413 -0.206913 -0.0196488 0.978162 98.1923
0.978512 0.0251484 0.204652 57.9446 -0.0281783 0.999532 0.0119037 -2.54375 -0.204257 -0.0174147 0.978762 98.712
0.978711 0.0263144 0.203548 58.0561 -0.0288502 0.999539 0.00950016 -2.55113 -0.203204 -0.0151703 0.979019 99.2502
0.97829 0.0246191 0.205773 58.1718 -0.0264002 0.999634 0.00591462 -2.55457 -0.205552 -0.0112187 0.978582 99.7929
0.977337 0.0238711 0.210341 58.2971 -0.0243705 0.999703 -0.000218272 -2.56042 -0.210284 -0.00491278 0.977628 100.341
0.976478 0.0252234 0.214137 58.4228 -0.0248336 0.999681 -0.00451062 -2.56794 -0.214182 -0.000913257 0.976793 100.887
0.975398 0.0291118 0.218523 58.5532 -0.0288801 0.999574 -0.00425511 -2.5709 -0.218554 -0.00216056 0.975823 101.49
0.974025 0.0311963 0.22428 58.6793 -0.0318927 0.999491 -0.000517822 -2.57379 -0.224182 -0.00664851 0.974525 102.088
0.972922 0.0287634 0.229337 58.8218 -0.0305868 0.999523 0.00439962 -2.58412 -0.229101 -0.0112952 0.973337 102.684
0.97211 0.0249297 0.233199 58.9821 -0.0278964 0.999566 0.00943149 -2.58953 -0.232862 -0.0156738 0.972383 103.309
0.971293 0.0215194 0.236913 59.1305 -0.0256879 0.999565 0.0145218 -2.59269 -0.236497 -0.0201908 0.971422 103.915
0.970707 0.0174544 0.23963 59.2978 -0.0217657 0.999645 0.0153568 -2.59365 -0.239277 -0.0201226 0.970743 104.562
0.970514 0.0145026 0.24061 59.4621 -0.0180199 0.999761 0.0124243 -2.59825 -0.240372 -0.0163937 0.970543 105.205
0.970719 0.0121964 0.239907 59.6237 -0.0139958 0.999885 0.00579811 -2.60331 -0.239808 -0.00898604 0.970779 105.836
0.970837 0.0161066 0.239201 59.78 -0.0165096 0.999864 -0.000318689 -2.60864 -0.239173 -0.00363972 0.97097 106.5
0.971299 0.0202645 0.236996 59.9337 -0.0200247 0.999794 -0.00341921 -2.61265 -0.237016 -0.00142469 0.971505 107.165
0.971914 0.0183933 0.234617 60.102 -0.0189537 0.99982 0.000133608 -2.6157 -0.234573 -0.00457671 0.972088 107.867
0.972293 0.0139999 0.233348 60.2735 -0.0161684 0.999842 0.00738299 -2.62391 -0.233207 -0.0109513 0.972365 108.575
0.973058 0.0124262 0.230226 60.4413 -0.0159309 0.999784 0.0133706 -2.6337 -0.23001 -0.0166781 0.973045 109.296
0.973321 0.0162162 0.228875 60.601 -0.019689 0.999723 0.0128978 -2.63919 -0.228603 -0.01706 0.97337 110.026
0.973655 0.0217584 0.226989 60.7533 -0.0242588 0.999672 0.00823143 -2.63816 -0.226735 -0.013521 0.973863 110.749
0.974451 0.023901 0.223326 60.9214 -0.0252847 0.999675 0.00333771 -2.64379 -0.223174 -0.00889916 0.974738 111.503
0.9754 0.0238882 0.219147 61.0884 -0.0245962 0.999697 0.000502736 -2.64344 -0.219068 -0.00588055 0.975692 112.264
0.97626 0.0201215 0.215667 61.2531 -0.0209703 0.999779 0.00164802 -2.65371 -0.215586 -0.00613149 0.976466 113.018
0.977139 0.0170032 0.211922 61.4266 -0.0183562 0.999822 0.00441823 -2.66293 -0.211809 -0.0082073 0.977277 113.806
0.977563 0.013818 0.210191 61.5966 -0.0156498 0.999853 0.00705384 -2.67363 -0.210063 -0.010185 0.977635 114.611
0.977794 0.010843 0.209286 61.7652 -0.0131034 0.99987 0.00941706 -2.6741 -0.209157 -0.0119503 0.977809 115.403
0.978052 0.00768252 0.208222 61.9448 -0.0102297 0.999885 0.0111591 -2.68221 -0.208112 -0.0130442 0.978018 116.214
0.978065 0.00673075 0.208191 62.1075 -0.00956249 0.999875 0.0125982 -2.68319 -0.20808 -0.0143127 0.978007 117.012
0.978099 0.0119494 0.207799 62.2785 -0.0145478 0.999834 0.0109805 -2.68919 -0.207633 -0.013763 0.97811 117.844
0.977691 0.018669 0.209219 62.4317 -0.0207329 0.999756 0.00767573 -2.69336 -0.209025 -0.0118422 0.977839 118.649
0.977352 0.0264836 0.209956 62.599 -0.0284468 0.999575 0.00633582 -2.7006 -0.209699 -0.0121649 0.97769 119.467
0.976585 0.0326096 0.212646 62.7715 -0.0349801 0.999361 0.00739385 -2.70693 -0.212269 -0.0146591 0.977101 120.312
0.975814 0.034711 0.215828 62.9373 -0.037441 0.999262 0.00857169 -2.70918 -0.215371 -0.0164452 0.976394 121.129
0.97519 0.0351676 0.218558 63.126 -0.0378245 0.999253 0.00798288 -2.72015 -0.218114 -0.0160517 0.975791 121.981
0.974753 0.0367159 0.220246 63.3075 -0.0390879 0.999215 0.00641979 -2.73052 -0.219837 -0.0148667 0.975423 122.806
0.974719 0.0279583 0.221677 63.5071 -0.0301515 0.999524 0.0065153 -2.73825 -0.22139 -0.0130345 0.975098 123.642
0.974931 0.0232325 0.221292 63.7071 -0.0253246 0.999657 0.00662112 -2.75118 -0.221062 -0.0120593 0.975185 124.469
0.974664 0.0206585 0.222719 63.8996 -0.0226526 0.999723 0.0064021 -2.76729 -0.222525 -0.0112851 0.974862 125.321
0.974101 0.0241435 0.224821 64.0836 -0.0268893 0.999596 0.00915918 -2.77328 -0.224509 -0.0149673 0.974357 126.147
0.97387 0.0260609 0.225604 64.2704 -0.0301904 0.999434 0.014873 -2.77699 -0.225089 -0.0212954 0.974106 126.987
0.973529 0.0278047 0.226866 64.4538 -0.0329422 0.999279 0.0188903 -2.78026 -0.226177 -0.0258637 0.973743 127.829
0.973366 0.0277841 0.227568 64.6493 -0.0315397 0.99942 0.0128829 -2.78803 -0.227078 -0.0197172 0.973677 128.669
0.973416 0.0236844 0.227815 64.8386 -0.0239542 0.999712 -0.0015807 -2.7993 -0.227787 -0.00391846 0.973703 129.471
0.9736 0.0232277 0.227078 65.0339 -0.0214716 0.999717 -0.0102011 -2.82149 -0.227251 0.00505608 0.973823 130.284
0.973662 0.0217586 0.226957 65.229 -0.0217964 0.99976 -0.00233975 -2.8286 -0.226954 -0.00266874 0.973902 131.126
0.974088 0.0134604 0.225769 65.4251 -0.0181554 0.99966 0.0187321 -2.83249 -0.22544 -0.0223457 0.974001 131.969
0.974414 0.00513714 0.224702 65.624 -0.0135621 0.999261 0.0359666 -2.84135 -0.224351 -0.0380938 0.973764 132.824
0.974613 0.0110057 0.223627 65.7996 -0.0181356 0.99939 0.0298544 -2.83979 -0.223162 -0.0331521 0.974218 133.627
0.974743 0.0222999 0.222214 65.9738 -0.0261441 0.999555 0.0143728 -2.84511 -0.221795 -0.0198193 0.974892 134.432
0.974728 0.024542 0.222042 66.1435 -0.0263548 0.999639 0.00520451 -2.83704 -0.221834 -0.0109249 0.975023 135.233
0.975401 0.0205946 0.219472 66.3295 -0.0221319 0.999745 0.00454801 -2.8525 -0.219323 -0.00929347 0.975608 136.039
0.975947 0.0166224 0.217374 66.5045 -0.018577 0.999803 0.00695109 -2.86259 -0.217215 -0.010822 0.976064 136.854
0.976621 0.0181556 0.2142 66.6739 -0.0199122 0.999784 0.0060459 -2.87647 -0.214044 -0.0101697 0.976771 137.674
0.977755 0.020672 0.208729 66.8376 -0.0220487 0.999748 0.00427113 -2.88615 -0.208588 -0.00877832 0.977964 138.456
0.978214 0.0236909 0.206243 66.9958 -0.0251185 0.999675 0.00430604 -2.90059 -0.206074 -0.00939274 0.978491 139.273
0.978484 0.0319034 0.203841 67.1471 -0.0334438 0.999432 0.00411565 -2.90699 -0.203594 -0.0108443 0.978995 140.073
0.978762 0.0337659 0.202201 67.297 -0.0358826 0.999333 0.00681041 -2.9188 -0.201837 -0.0139213 0.97932 140.864
0.979036 0.0305653 0.20138 67.4577 -0.0335011 0.999376 0.0111857 -2.9297 -0.200912 -0.0176976 0.97945 141.665
0.979447 0.0287752 0.19964 67.6153 -0.0316776 0.999434 0.0113588 -2.93962 -0.1992 -0.0174495 0.979804 142.465
0.979967 0.0278096 0.19721 67.773 -0.030173 0.999504 0.00898919 -2.94666 -0.196863 -0.0147595 0.98032 143.26
0.980983 0.0234473 0.192673 67.9264 -0.0250248 0.99967 0.00575783 -2.95748 -0.192474 -0.0104699 0.981246 144.042
0.982269 0.0218685 0.186198 68.0794 -0.0231003 0.999723 0.00444852 -2.96438 -0.186049 -0.00867087 0.982502 144.819
0.983592 0.0195429 0.179345 68.2193 -0.0215977 0.999722 0.00951151 -2.96788 -0.17911 -0.0132289 0.98374 145.621
0.984567 0.0151459 0.174353 68.3506 -0.0186616 0.999654 0.0185424 -2.97363 -0.174012 -0.0215099 0.984509 146.423
0.985369 0.0144163 0.169822 68.49 -0.0194893 0.999411 0.0282433 -2.98375 -0.169315 -0.0311398 0.98507 147.238
0.985976 0.0167547 0.166043 68.6096 -0.0222983 0.999252 0.0315787 -2.97144 -0.16539 -0.0348384 0.985613 148.015
0.986668 0.0204625 0.161456 68.7322 -0.0250101 0.999344 0.0261842 -2.96709 -0.160815 -0.0298731 0.986533 148.821
0.987714 0.0232587 0.154533 68.843 -0.0261786 0.999515 0.016887 -2.96659 -0.154065 -0.020725 0.987843 149.603
0.988718 0.0232758 0.147971 68.9575 -0.0251117 0.999629 0.0105513 -2.9634 -0.14767 -0.014148 0.988936 150.381
0.989846 0.0207228 0.140626 69.0633 -0.0226164 0.999674 0.01188 -2.96808 -0.140333 -0.0149398 0.989992 151.197
0.990805 0.0233793 0.133264 69.1553 -0.0256448 0.999554 0.0153094 -2.97041 -0.132846 -0.0185862 0.990963 152.006
0.991655 0.0287649 0.125669 69.2346 -0.0308047 0.999423 0.0143179 -2.97527 -0.125185 -0.0180696 0.991969 152.808
0.992715 0.0345359 0.115427 69.3235 -0.0357588 0.999324 0.00853965 -2.97907 -0.115054 -0.012605 0.993279 153.618
0.993766 0.0329941 0.106496 69.4087 -0.0338342 0.999409 0.00609155 -2.9855 -0.106233 -0.0096568 0.994295 154.436
0.99452 0.0328381 0.0992583 69.4758 -0.0338635 0.999389 0.00866395 -2.98899 -0.0989131 -0.0119777 0.995024 155.249
0.995219 0.0352445 0.0910921 69.5396 -0.0368236 0.999198 0.0157129 -2.99431 -0.0904652 -0.0189921 0.995719 156.091
0.99578 0.0374862 0.0837745 69.5937 -0.0394832 0.998971 0.0223083 -2.99542 -0.082852 -0.0255219 0.996235 156.916
0.996466 0.0374029 0.0752171 69.6492 -0.0394492 0.998886 0.0259064 -2.99353 -0.0741642 -0.0287821 0.996831 157.743
0.996887 0.0376842 0.0692629 69.7002 -0.0396883 0.998826 0.0277902 -2.988 -0.0681343 -0.0304526 0.997211 158.569
0.997135 0.037258 0.065827 69.7415 -0.039056 0.998892 0.026241 -2.98362 -0.0647764 -0.0287368 0.997486 159.4
0.997257 0.0419842 0.0609554 69.779 -0.0433211 0.998845 0.0207792 -2.98383 -0.0600126 -0.0233629 0.997924 160.213
0.997217 0.0481187 0.0569496 69.8105 -0.049036 0.998687 0.0148202 -2.97817 -0.0561617 -0.0175715 0.998267 161.028
0.99723 0.0508271 0.0543042 69.8415 -0.0515216 0.998606 0.0114651 -2.97782 -0.0536458 -0.0142312 0.998459 161.865
0.997352 0.0516429 0.0512128 69.8752 -0.0526415 0.998445 0.0183454 -2.97782 -0.0501858 -0.0209927 0.998519 162.697
0.997352 0.053499 0.0492704 69.9039 -0.0549053 0.998109 0.0276455 -2.96743 -0.0476982 -0.0302775 0.998403 163.543
0.997565 0.0527656 0.0456135 69.9316 -0.0544408 0.997857 0.0362997 -2.96037 -0.0436004 -0.0386945 0.9983 164.372
0.998006 0.0481464 0.0408185 69.9618 -0.0495235 0.998214 0.0334237 -2.94842 -0.0391363 -0.0353786 0.998607 165.181
0.99854 0.0405624 0.0356722 69.9933 -0.0414461 0.998843 0.024392 -2.9592 -0.0346415 -0.0258348 0.999066 166.011
0.998849 0.0387582 0.0282616 70.0129 -0.0393015 0.999048 0.0189298 -2.95037 -0.027501 -0.0200187 0.999421 166.81
0.998785 0.0443351 0.0215409 70.0188 -0.044769 0.998795 0.0200975 -2.93796 -0.0206239 -0.0210374 0.999566 167.625
0.999129 0.0392654 0.0140944 70.0236 -0.0396222 0.998877 0.0259955 -2.93212 -0.0130579 -0.0265313 0.999563 168.46
0.99944 0.0328537 0.00638884 70.0337 -0.0330344 0.998986 0.030607 -2.92819 -0.0053768 -0.0308009 0.999511 169.291
0.999656 0.0262029 0.000727714 70.0367 -0.0262125 0.999065 0.0343803 -2.91167 0.000173831 -0.0343876 0.999409 170.12
0.999784 0.0200621 -0.00539457 70.0368 -0.0198603 0.999184 0.035179 -2.90501 0.00609593 -0.0350643 0.999367 170.963
0.999787 0.0165226 -0.0124044 70.0243 -0.0161572 0.999449 0.0290035 -2.90372 0.0128768 -0.0287969 0.999502 171.791
0.999762 0.00985537 -0.0194523 70.0112 -0.0095013 0.999789 0.0182115 -2.88762 0.0196277 -0.0180224 0.999645 172.599
0.999651 0.00129229 -0.0263954 70.0064 -0.000921217 0.999901 0.0140656 -2.88272 0.0264109 -0.0140363 0.999553 173.429
0.999458 0.00218767 -0.0328408 69.9709 -0.00147814 0.999765 0.0216141 -2.87945 0.0328804 -0.0215538 0.999227 174.279
0.999219 0.0123998 -0.0375304 69.9194 -0.011082 0.999322 0.0351203 -2.86993 0.0379404 -0.0346769 0.998678 175.136
0.998936 0.0174976 -0.0426731 69.8632 -0.0156267 0.998919 0.0437884 -2.86465 0.0433932 -0.043075 0.998129 175.979
0.998835 0.0158866 -0.0455762 69.8152 -0.0140105 0.999053 0.0411932 -2.84743 0.0461874 -0.0405067 0.998111 176.819
0.998652 0.0188746 -0.0483495 69.7673 -0.0174113 0.999383 0.0305092 -2.84085 0.0488955 -0.0296262 0.998365 177.664
0.998302 0.0280924 -0.0510345 69.7023 -0.0270765 0.999423 0.0204894 -2.82143 0.0515806 -0.0190728 0.998487 178.482
0.998152 0.0285989 -0.0536217 69.6483 -0.027715 0.999469 0.0171553 -2.8134 0.0540838 -0.0156374 0.998414 179.342
0.998195 0.0230289 -0.0554658 69.6024 -0.0218112 0.99951 0.0224596 -2.81749 0.0559558 -0.0212093 0.998208 180.183
0.998225 0.0213678 -0.0555968 69.5503 -0.0196741 0.999331 0.0308345 -2.80541 0.0562184 -0.029686 0.997977 181.041
0.998195 0.0229327 -0.0555058 69.4964 -0.0209235 0.999114 0.0365122 -2.79145 0.0562939 -0.0352849 0.997791 181.919
0.998135 0.0233315 -0.0564155 69.4411 -0.0213155 0.999122 0.0360759 -2.78269 0.0572076 -0.0348061 0.997755 182.751
0.99809 0.0188318 -0.0588447 69.3884 -0.0172768 0.999491 0.0268221 -2.7689 0.0593199 -0.0257543 0.997907 183.597
0.998065 0.011314 -0.0611505 69.3518 -0.0103182 0.999809 0.016576 -2.7719 0.0613264 -0.015913 0.997991 184.433
0.998005 0.00171064 -0.063111 69.3099 -0.000928188 0.999922 0.0124252 -2.77413 0.0631274 -0.0123418 0.997929 185.277
0.997943 0.00343051 -0.0640159 69.2454 -0.00234024 0.999851 0.0170984 -2.77067 0.0640651 -0.0169134 0.997802 186.153
0.997818 0.00753122 -0.0655879 69.1856 -0.00581871 0.999638 0.0262621 -2.76143 0.0657619 -0.0258232 0.997501 186.996
0.99777 0.00834507 -0.066228 69.1152 -0.0063594 0.999526 0.0301366 -2.75716 0.0664481 -0.0296482 0.997349 187.843
0.997708 0.00745548 -0.0672471 69.0624 -0.00561697 0.999606 0.0274873 -2.76061 0.0674255 -0.0270466 0.997358 188.679
0.9977 0.00882269 -0.0672046 69.0037 -0.00732569 0.99972 0.0224892 -2.75803 0.0673842 -0.0219452 0.997486 189.514
0.997576 0.0151686 -0.0679124 68.9299 -0.0137306 0.999673 0.0215906 -2.74581 0.0682176 -0.0206058 0.997458 190.369
0.997551 0.017191 -0.0677981 68.8641 -0.01558 0.999585 0.0242199 -2.74263 0.0681863 -0.0231043 0.997405 191.186
0.997369 0.0214149 -0.0692528 68.8007 -0.0195187 0.999419 0.0279429 -2.74113 0.069811 -0.0265176 0.997208 192.026
0.997265 0.0249886 -0.0695597 68.7338 -0.0229087 0.999271 0.0305393 -2.73524 0.0702721 -0.0288622 0.99711 192.843
0.997256 0.0275038 -0.0687334 68.6673 -0.025466 0.999215 0.0303502 -2.72273 0.0695142 -0.0285165 0.997173 193.676
0.9972 0.0264178 -0.0699592 68.6115 -0.024576 0.999332 0.0270569 -2.72818 0.0706272 -0.0252618 0.997183 194.479
0.997118 0.02855 -0.0702925 68.5434 -0.0270338 0.999383 0.0224278 -2.71677 0.0708894 -0.0204629 0.997274 195.305
