1 8.43646e-10 8.78481e-13 0 3.29294e-10 1 1.62786e-10 3.72529e-09 -1.92121e-13 5.46116e-11 1 0
0.999998 -0.00187599 -0.00109339 -0.00249443 0.0018797 0.999993 0.00339991 -0.0408544 0.00108701 -0.00340196 0.999994 1.53704
0.999997 -0.00182464 -0.00145717 0.000904552 0.00183068 0.99999 0.00415098 -0.0776207 0.00144959 -0.00415364 0.99999 3.0975
0.999995 -0.00049545 -0.00323053 -0.019749 0.000509774 0.99999 0.00443432 -0.101177 0.0032283 -0.00443594 0.999985 4.6062
0.999988 0.000228008 -0.00484791 -0.026794 -0.000208327 0.999992 0.00405997 -0.126882 0.0048488 -0.00405891 0.99998 6.15631
0.99998 0.000288943 -0.00626739 -0.0511475 -0.000259848 0.999989 0.00464261 -0.153193 0.00626867 -0.00464089 0.99997 7.66199
0.999973 -0.00039016 -0.00730096 -0.0714262 0.000426265 0.999988 0.00494453 -0.176268 0.00729894 -0.00494751 0.999961 9.17401
0.99997 -0.00154563 -0.00764152 -0.0750576 0.00158169 0.999988 0.00471547 -0.203795 0.00763413 -0.00472741 0.99996 10.684
0.999947 -0.00271641 -0.00995784 -0.0935196 0.00276471 0.999985 0.00484011 -0.224469 0.00994453 -0.00486738 0.999939 12.1852
0.999939 -0.00276424 -0.0107319 -0.118862 0.00281716 0.999984 0.00491957 -0.252192 0.0107181 -0.0049495 0.99993 13.668
0.999916 -0.00171157 -0.0128219 -0.121539 0.00177253 0.999987 0.00474436 -0.277849 0.0128136 -0.00476669 0.999907 15.159
0.999899 -0.000965705 -0.0141699 -0.160507 0.0010449 0.999984 0.00558236 -0.302807 0.0141643 -0.0055966 0.999884 16.6595
0.999897 0.000968641 -0.0143621 -0.198518 -0.000876219 0.999979 0.00643995 -0.323854 0.014368 -0.00642669 0.999876 18.1287
0.999904 0.00144969 -0.0137747 -0.213715 -0.0013542 0.999975 0.00693896 -0.345564 0.0137844 -0.00691964 0.999881 19.6331
0.999902 0.00215885 -0.0138153 -0.251214 -0.00205683 0.999971 0.00739507 -0.368721 0.0138308 -0.00736593 0.999877 21.0751
0.999881 0.00307802 -0.0151404 -0.268522 -0.00296696 0.999969 0.00735262 -0.389588 0.0151626 -0.00730682 0.999858 22.5796
0.999879 0.0037103 -0.0151477 -0.305837 -0.00358627 0.99996 0.00820683 -0.406998 0.0151775 -0.00815151 0.999852 24.0153
0.999878 0.00414811 -0.0150451 -0.344473 -0.00400955 0.999949 0.00922762 -0.42712 0.0150826 -0.00916617 0.999844 25.4492
0.999878 0.00438083 -0.0150279 -0.368165 -0.00425843 0.999958 0.00816711 -0.447361 0.015063 -0.00810212 0.999854 26.9521
0.999878 0.00484704 -0.0148419 -0.400838 -0.00475333 0.999969 0.00634255 -0.465507 0.0148721 -0.00627123 0.99987 28.3522
0.999883 0.00351059 -0.0148655 -0.4369 -0.00341596 0.999974 0.00638641 -0.488745 0.0148876 -0.00633488 0.999869 29.79
0.999906 0.00201293 -0.0135844 -0.463632 -0.00189427 0.99996 0.00874174 -0.50879 0.0136014 -0.00871519 0.99987 31.235
0.999908 0.000438275 -0.0135793 -0.479913 -0.00029918 0.999948 0.0102436 -0.527619 0.013583 -0.0102386 0.999855 32.6678
0.999905 -0.000308698 -0.0138099 -0.512549 0.000445849 0.999951 0.00992934 -0.545164 0.0138062 -0.00993455 0.999855 34.0436
0.999922 -0.000218801 -0.012461 -0.532869 0.000321179 0.999966 0.00821443 -0.565624 0.0124588 -0.0082178 0.999889 35.4569
0.999918 0.000507744 -0.0127924 -0.563113 -0.000412728 0.999972 0.00742906 -0.58196 0.0127958 -0.00742317 0.999891 36.8293
0.999936 0.00102855 -0.0112928 -0.583943 -0.000953983 0.999978 0.00660635 -0.608961 0.0112994 -0.00659515 0.999915 38.1839
0.999944 0.00179446 -0.0104576 -0.620662 -0.00171432 0.999969 0.00766692 -0.628081 0.0104711 -0.00764856 0.999916 39.5572
0.99996 0.00148826 -0.0088616 -0.640471 -0.0014031 0.999953 0.00960792 -0.649095 0.00887548 -0.00959509 0.999915 40.8754
0.999982 0.00130883 -0.00588608 -0.651642 -0.00124351 0.999938 0.0110877 -0.672403 0.00590023 -0.0110802 0.999921 42.1851
0.999987 0.00156701 -0.00489469 -0.671656 -0.00150994 0.999931 0.0116403 -0.687594 0.00491259 -0.0116328 0.99992 43.4498
0.999999 0.00129449 -0.000815726 -0.678531 -0.00128528 0.999937 0.0111879 -0.706003 0.000830157 -0.0111868 0.999937 44.7517
0.999997 0.000711526 0.00224423 -0.68563 -0.000732679 0.999955 0.00943905 -0.725306 -0.00223741 -0.00944067 0.999953 45.9957
0.999979 0.000987471 0.00648412 -0.669825 -0.00103996 0.999967 0.00809705 -0.744219 -0.0064759 -0.00810362 0.999946 47.2579
0.999951 0.00097694 0.00985193 -0.679131 -0.00105766 0.999966 0.00819171 -0.761726 -0.00984359 -0.00820173 0.999918 48.4368
0.999878 0.00120445 0.015567 -0.664189 -0.00133541 0.999964 0.00840504 -0.783664 -0.0155564 -0.0084248 0.999844 49.6765
0.999777 0.00292246 0.020919 -0.652613 -0.00308209 0.999966 0.00760303 -0.801466 -0.0208961 -0.00766581 0.999752 50.863
0.999536 0.00462858 0.030118 -0.61626 -0.00486275 0.999959 0.00770633 -0.817839 -0.0300811 -0.00784921 0.999517 52.0729
0.99926 0.00568349 0.0380435 -0.580128 -0.00601628 0.999945 0.00863877 -0.83705 -0.0379923 -0.00886126 0.999239 53.2312
0.998812 0.00781243 0.0481056 -0.538953 -0.00826168 0.999924 0.00914696 -0.853146 -0.0480305 -0.00953352 0.9988 54.3864
0.998097 0.00989935 0.0608573 -0.480369 -0.0104787 0.999903 0.00920748 -0.870133 -0.0607602 -0.00982767 0.998104 55.5538
0.997032 0.0121772 0.0760238 -0.40383 -0.0129454 0.99987 0.00962129 -0.888417 -0.0758968 -0.0105769 0.99706 56.6536
0.995583 0.0139837 0.0928433 -0.307369 -0.015027 0.999832 0.0105471 -0.903035 -0.0926802 -0.0118956 0.995625 57.8222
0.993821 0.0140134 0.11011 -0.197714 -0.0153929 0.999813 0.0116889 -0.916968 -0.109926 -0.0133116 0.993851 58.9356
0.991586 0.0135138 0.128745 -0.0651687 -0.0150758 0.999824 0.0111657 -0.93522 -0.128572 -0.0130127 0.991615 60.0311
0.98861 0.0124541 0.149981 0.0914198 -0.0141441 0.999848 0.010207 -0.946446 -0.149831 -0.0122121 0.988636 61.1129
0.985307 0.00965053 0.17052 0.267664 -0.0115232 0.999884 0.00999585 -0.955236 -0.170404 -0.0118139 0.985304 62.1721
0.981066 0.00447398 0.193624 0.482233 -0.00689912 0.999906 0.0118525 -0.973527 -0.193553 -0.0129639 0.981004 63.235
0.976368 -0.0014315 0.216111 0.698908 -0.00147934 0.99991 0.0133068 -0.981711 -0.216111 -0.0133121 0.976278 64.261
0.970806 -0.00684023 0.239769 0.957394 0.00387204 0.99991 0.0128482 -0.994242 -0.239836 -0.0115448 0.970745 65.2704
0.964225 -0.0121954 0.264807 1.24295 0.00946321 0.999888 0.0115908 -1.01292 -0.264918 -0.00867025 0.964232 66.2895
0.956511 -0.0161934 0.291246 1.53367 0.0132048 0.999838 0.012224 -1.01965 -0.291397 -0.00784656 0.95657 67.2369
0.947512 -0.0191944 0.319144 1.86689 0.0154504 0.999779 0.0142591 -1.02846 -0.319348 -0.0085798 0.947599 68.216
0.938009 -0.0243852 0.345751 2.20359 0.0197913 0.999663 0.0168112 -1.03436 -0.346045 -0.00892614 0.938176 69.1164
0.926851 -0.0276314 0.374411 2.56894 0.0229586 0.999593 0.0169357 -1.04678 -0.374726 -0.00710093 0.927108 70.0383
0.914387 -0.027634 0.403897 2.97547 0.0245047 0.999616 0.0129158 -1.04935 -0.404098 -0.00191267 0.914714 70.93
0.901637 -0.0279963 0.431586 3.39971 0.027066 0.999599 0.00829817 -1.06215 -0.431645 0.00419935 0.902034 71.8069
0.88674 -0.0299124 0.461301 3.84099 0.0305621 0.999515 0.00606402 -1.07463 -0.461258 0.00872109 0.887223 72.6565
0.870767 -0.0310022 0.490717 4.32273 0.0305668 0.999493 0.00890516 -1.08929 -0.490745 0.00724533 0.871273 73.4967
0.852749 -0.0303415 0.52144 4.81971 0.0268599 0.999538 0.0142351 -1.09269 -0.521631 0.00186682 0.853169 74.3071
0.832385 -0.0312009 0.553319 5.34074 0.0261255 0.999513 0.0170592 -1.09474 -0.553581 0.000255873 0.832795 75.101
0.812205 -0.0252159 0.582827 5.87863 0.0216599 0.99968 0.0130667 -1.11009 -0.58297 0.0020111 0.812491 75.8742
0.789904 -0.0183398 0.612957 6.43954 0.017837 0.999817 0.00692859 -1.11948 -0.612972 0.00546041 0.790086 76.6042
0.76722 -0.0156664 0.641192 7.03439 0.0164951 0.999853 0.00469239 -1.1261 -0.641172 0.00697646 0.767366 77.2938
0.743455 -0.0185554 0.668528 7.65036 0.0182356 0.999806 0.00747074 -1.13934 -0.668537 0.00663685 0.743649 77.9964
0.719375 -0.0195862 0.694346 8.27966 0.0195407 0.999777 0.00795683 -1.14655 -0.694347 0.00784404 0.719597 78.6587
0.692751 -0.017895 0.720955 8.94627 0.0199061 0.999786 0.00568849 -1.16903 -0.720902 0.0104107 0.692959 79.3013
0.667187 -0.0153599 0.744732 9.6024 0.0191083 0.999811 0.00350222 -1.17979 -0.744645 0.0118939 0.667355 79.8741
0.640704 -0.012924 0.76768 10.3201 0.0175766 0.999843 0.00216307 -1.18934 -0.767587 0.0121073 0.64083 80.4736
0.611603 -0.0122048 0.791071 11.016 0.0186979 0.999825 0.000969458 -1.20148 -0.790944 0.0141985 0.611724 81.0283
0.581962 -0.00600941 0.813194 11.7567 0.0174261 0.999835 -0.00508232 -1.22453 -0.81303 0.0171285 0.58197 81.5562
0.552375 0.00309208 0.83359 12.5258 0.0156713 0.999778 -0.014093 -1.24454 -0.833448 0.020848 0.552204 82.0535
0.522758 0.0112845 0.852407 13.2862 0.0141538 0.99966 -0.0219141 -1.27635 -0.852364 0.0235205 0.52242 82.527
0.491135 0.0157889 0.870941 14.0922 0.0122199 0.999613 -0.0250125 -1.30507 -0.870998 0.0229273 0.490752 82.977
0.458675 0.0159218 0.888462 14.8997 0.00982297 0.999688 -0.0229862 -1.33737 -0.88855 0.0192705 0.458375 83.4077
0.423351 0.0144416 0.905851 15.7586 0.00638761 0.999801 -0.0189247 -1.37036 -0.905943 0.013798 0.423174 83.8136
0.389614 0.0151839 0.920853 16.6258 0.00187393 0.999849 -0.0172794 -1.40375 -0.920976 0.00845789 0.389527 84.1889
0.355368 0.017778 0.934558 17.4853 -0.00513609 0.999841 -0.0170669 -1.43878 -0.934713 0.00126505 0.355402 84.5331
0.318661 0.0200103 0.947658 18.3775 -0.0107662 0.999789 -0.0174909 -1.46332 -0.947808 -0.00462902 0.318809 84.8445
0.282067 0.0194152 0.959198 19.2954 -0.0130827 0.99978 -0.0163895 -1.49309 -0.959306 -0.00792593 0.282259 85.1192
0.245938 0.0186973 0.969105 20.2022 -0.0137632 0.999781 -0.0157963 -1.52347 -0.969188 -0.00945306 0.246141 85.3476
0.209405 0.0178638 0.977666 21.1402 -0.0129625 0.999796 -0.0154917 -1.55756 -0.977743 -0.00942898 0.209594 85.5505
0.172386 0.0169774 0.984883 22.0886 -0.0107028 0.999825 -0.0153616 -1.58048 -0.984971 -0.00789287 0.172537 85.7194
0.137278 0.0155904 0.99041 23.0301 -0.00295118 0.999878 -0.0153304 -1.6136 -0.990528 -0.00081836 0.137307 85.8569
0.103861 0.0186467 0.994417 23.977 -0.000173584 0.999825 -0.01873 -1.65157 -0.994592 0.00177269 0.103846 85.9452
0.0702373 0.0244823 0.99723 24.9571 0.000271826 0.999698 -0.024562 -1.67226 -0.99753 0.00199624 0.0702094 86.0026
0.0414133 0.0269192 0.99878 25.9351 0.00583967 0.999613 -0.0271838 -1.7245 -0.999125 0.00695831 0.0412401 86.0359
0.0158653 0.0261514 0.999532 26.9094 0.00877823 0.999616 -0.0262929 -1.76121 -0.999836 0.00919127 0.0156297 86.0412
-0.00659006 0.0232121 0.999709 27.8976 0.0105578 0.999677 -0.0231417 -1.79129 -0.999923 0.0104022 -0.006833 86.0459
-0.0263581 0.0211942 0.999428 28.8577 0.0125405 0.999704 -0.0208693 -1.82571 -0.999574 0.0119833 -0.026616 86.0444
-0.0440967 0.0230844 0.998761 29.8554 0.0132493 0.999659 -0.0225202 -1.86969 -0.998939 0.0122398 -0.0443875 85.9803
-0.0577648 0.028221 0.997931 30.8543 0.0164466 0.999492 -0.0273131 -1.90321 -0.998195 0.0148348 -0.0581995 85.9162
-0.069525 0.0325489 0.997049 31.834 0.019714 0.999317 -0.0312483 -1.94764 -0.997385 0.0174833 -0.0701192 85.8393
-0.0811799 0.0369542 0.996014 32.8119 0.0265689 0.999038 -0.0349008 -1.99096 -0.996345 0.0236297 -0.0820836 85.7556
-0.0861856 0.0417491 0.995404 33.8308 0.0294152 0.998793 -0.0393444 -2.04618 -0.995845 0.0258891 -0.0873096 85.65
-0.0901456 0.0468568 0.994826 34.8356 0.0316746 0.998522 -0.0441607 -2.09776 -0.995425 0.0275298 -0.0914966 85.5605
-0.0935856 0.0504973 0.99433 35.7951 0.0334095 0.99831 -0.0475549 -2.1572 -0.995051 0.0287696 -0.0951145 85.4683
-0.0945465 0.0535482 0.994079 36.8262 0.0340336 0.998143 -0.0505301 -2.22054 -0.994939 0.0290547 -0.0961933 85.3538
-0.0979998 0.0569332 0.993557 37.8167 0.0349277 0.997944 -0.0537395 -2.28549 -0.994573 0.0294362 -0.0997868 85.268
-0.0985483 0.0606295 0.993284 38.8346 0.0356306 0.997717 -0.0573651 -2.35681 -0.994494 0.0297381 -0.100484 85.1424
-0.100974 0.0617744 0.992969 39.848 0.0382305 0.997574 -0.0581732 -2.43022 -0.994154 0.0320877 -0.103091 85.0494
-0.102792 0.0611832 0.99282 40.8413 0.0386142 0.9976 -0.0574798 -2.49612 -0.993953 0.0324284 -0.104908 84.9087
-0.105363 0.0605264 0.99259 41.8916 0.0385069 0.997646 -0.0567471 -2.57196 -0.993688 0.0322425 -0.107445 84.834
-0.107519 0.0615813 0.992294 42.8954 0.038156 0.9976 -0.0577762 -2.64527 -0.993471 0.03165 -0.109611 84.7026
-0.110174 0.0636218 0.991874 43.9362 0.0367082 0.997529 -0.0599071 -2.71767 -0.993234 0.0298097 -0.112237 84.5843
-0.112203 0.0659166 0.991497 44.9627 0.0351861 0.997435 -0.0623295 -2.79467 -0.993062 0.0278933 -0.114235 84.4702
-0.115764 0.0696345 0.990833 46.0207 0.0332367 0.997253 -0.0662024 -2.87632 -0.99272 0.0252681 -0.117761 84.3549
-0.116397 0.0733029 0.990494 47.0421 0.0293089 0.997092 -0.070347 -2.95443 -0.99277 0.0208421 -0.118207 84.227
-0.119005 0.075421 0.990025 48.0814 0.0269518 0.996989 -0.0727118 -3.04159 -0.992528 0.0180299 -0.12068 84.1028
-0.122124 0.0741819 0.989739 49.1385 0.0249198 0.997118 -0.0716601 -3.13416 -0.992202 0.0159127 -0.12362 83.986
-0.124809 0.0706462 0.989663 50.2012 0.0225837 0.997406 -0.0683509 -3.2131 -0.991924 0.0138194 -0.126081 83.8587
-0.127456 0.0683262 0.989488 51.2736 0.0223941 0.997568 -0.0659996 -3.30543 -0.991591 0.0137466 -0.128676 83.7262
-0.128319 0.0687398 0.989348 52.2955 0.0219922 0.997547 -0.0664571 -3.38498 -0.991489 0.0132302 -0.129516 83.5915
-0.129782 0.0715206 0.98896 53.3704 0.0233455 0.997339 -0.0690629 -3.47295 -0.991268 0.0141246 -0.131106 83.4557
-0.130439 0.073855 0.988702 54.4428 0.0233747 0.997174 -0.071404 -3.55967 -0.991181 0.0137967 -0.131797 83.3074
-0.130375 0.0746077 0.988654 55.5025 0.0223178 0.997133 -0.0723045 -3.65108 -0.991214 0.0126379 -0.131666 83.1618
-0.12945 0.0734338 0.988863 56.587 0.019204 0.997253 -0.0715429 -3.73975 -0.9914 0.00972889 -0.130505 83.0176
-0.1304 0.0729065 0.988778 57.6579 0.0159524 0.997318 -0.0714324 -3.82993 -0.991333 0.00645862 -0.131213 82.9045
-0.129328 0.0734199 0.98888 58.745 0.0116683 0.997299 -0.0725189 -3.92191 -0.991533 0.00215976 -0.129836 82.7647
-0.130024 0.0736164 0.988774 59.8225 0.00757567 0.997285 -0.0732538 -4.01355 -0.991482 -0.00203412 -0.130229 82.6289
-0.130079 0.0727863 0.988829 60.9217 0.00398618 0.997332 -0.0728878 -4.10778 -0.991496 -0.00553954 -0.130022 82.4992
-0.12982 0.0682004 0.98919 62.0225 0.00392601 0.997659 -0.0682691 -4.19793 -0.99153 -0.0049791 -0.129783 82.3457
-0.130016 0.059708 0.989713 63.1194 0.00691207 0.998216 -0.0593129 -4.28011 -0.991488 -0.000870644 -0.130196 82.2014
-0.130668 0.0542875 0.989939 64.2254 0.0137414 0.998503 -0.0529433 -4.35708 -0.991331 0.00668508 -0.131219 82.0758
-0.129741 0.0562089 0.989954 65.318 0.0210909 0.998323 -0.05392 -4.43567 -0.991324 0.0138834 -0.130709 81.9037
-0.129098 0.0615097 0.989722 66.4243 0.0258918 0.997943 -0.0586433 -4.51342 -0.991294 0.018055 -0.130425 81.7384
-0.126873 0.0670843 0.989648 67.5445 0.0294235 0.997526 -0.0638462 -4.58749 -0.991482 0.0210185 -0.128533 81.5762
-0.125972 0.0699209 0.989567 68.6631 0.0297328 0.997331 -0.0666846 -4.6899 -0.991588 0.0210223 -0.127714 81.4123
-0.126839 0.0693474 0.989496 69.7717 0.027842 0.997409 -0.066333 -4.76203 -0.991533 0.019136 -0.128441 81.286
-0.125142 0.0649246 0.990012 70.9205 0.0271175 0.997708 -0.0620015 -4.85175 -0.991768 0.0190876 -0.126616 81.1487
-0.125049 0.0619419 0.990215 72.0565 0.0250945 0.997927 -0.0592553 -4.93404 -0.991833 0.0174391 -0.126344 81.0175
-0.125936 0.0630127 0.990035 73.1821 0.0233782 0.997892 -0.0605389 -5.01236 -0.991763 0.0155212 -0.127144 80.8838
-0.125163 0.0669431 0.989875 74.3213 0.02342 0.997642 -0.0645071 -5.0989 -0.99186 0.015109 -0.126436 80.7347
-0.125456 0.0705609 0.989587 75.4763 0.0240468 0.997391 -0.0680688 -5.19021 -0.991808 0.0152567 -0.126825 80.6068
-0.124702 0.0686329 0.989818 76.611 0.0225851 0.997543 -0.0663231 -5.27699 -0.991937 0.0140845 -0.125946 80.4496
-0.123589 0.0628345 0.990342 77.7811 0.0259276 0.997857 -0.0600756 -5.36588 -0.991995 0.0182525 -0.124954 80.31
-0.124208 0.0608843 0.990387 78.9653 0.0254475 0.997983 -0.0581598 -5.45353 -0.99193 0.017979 -0.125506 80.1686
-0.123997 0.0634491 0.990252 80.1065 0.0229306 0.99787 -0.0610659 -5.53626 -0.992018 0.015135 -0.125188 80.024
-0.124539 0.0663699 0.989992 81.2647 0.0216013 0.997705 -0.0641695 -5.6208 -0.99198 0.0133935 -0.125687 79.8851
-0.125763 0.0658774 0.989871 82.4509 0.0211554 0.997744 -0.0637136 -5.70854 -0.991835 0.0129283 -0.126873 79.7439
-0.12454 0.0630067 0.990212 83.6388 0.02065 0.99793 -0.0609007 -5.79544 -0.992 0.0128634 -0.125583 79.5964
-0.124041 0.061325 0.99038 84.8297 0.0215503 0.99802 -0.059099 -5.88633 -0.992043 0.0140123 -0.125117 79.4433
-0.123306 0.0617123 0.990448 86.0246 0.0233235 0.997969 -0.0592772 -5.97148 -0.992095 0.0157915 -0.124495 79.3104
-0.123486 0.061686 0.990427 87.2055 0.0253015 0.997937 -0.0589992 -6.05594 -0.992024 0.0177738 -0.124792 79.1664
-0.123 0.0620142 0.990467 88.4134 0.0258424 0.997907 -0.0592708 -6.13913 -0.99207 0.0183057 -0.124346 79.0249
-0.12186 0.0617482 0.990625 89.612 0.0258453 0.997922 -0.0590238 -6.22808 -0.992211 0.0184104 -0.123202 78.8689
-0.119332 0.0601287 0.991032 90.8193 0.0276339 0.997979 -0.0572227 -6.31384 -0.99247 0.0205576 -0.120753 78.7323
-0.120465 0.0593611 0.990941 92.0247 0.0257771 0.998061 -0.056654 -6.39773 -0.992383 0.0187187 -0.121762 78.5756
-0.118453 0.0586064 0.991229 93.2575 0.0270651 0.998076 -0.055777 -6.48182 -0.992591 0.0202208 -0.119811 78.4333
-0.116686 0.0592158 0.991402 94.4488 0.0255168 0.99807 -0.0566108 -6.5616 -0.992841 0.0186917 -0.117972 78.2995
-0.117104 0.0613429 0.991224 95.6986 0.0252549 0.997952 -0.0587757 -6.65226 -0.992799 0.0181504 -0.118413 78.1526
-0.116728 0.0608502 0.991298 96.9274 0.0226711 0.998025 -0.0585935 -6.73766 -0.992905 0.0156343 -0.117877 77.9977
-0.114113 0.0593151 0.991696 98.1597 0.0202559 0.998148 -0.0573702 -6.82233 -0.993261 0.0135409 -0.115104 77.8699
-0.115624 0.0598024 0.991491 99.4236 0.0172024 0.998157 -0.0581984 -6.91277 -0.993144 0.010327 -0.116439 77.7268
-0.116997 0.0592747 0.991362 100.664 0.0137611 0.998218 -0.0580606 -7.0007 -0.993037 0.00684926 -0.117604 77.5784
-0.117724 0.0570796 0.991405 101.91 0.0121642 0.998355 -0.0560353 -7.08606 -0.992972 0.00546297 -0.118224 77.4523
-0.119042 0.0553214 0.991347 103.178 0.00945973 0.998465 -0.0545827 -7.17416 -0.992844 0.00288024 -0.119383 77.297
-0.12049 0.0546121 0.991211 104.44 0.0079242 0.998507 -0.0540508 -7.2591 -0.992683 0.00134195 -0.120743 77.162
-0.123402 0.054352 0.990867 105.674 0.00783513 0.998521 -0.0537961 -7.34311 -0.992326 0.00112501 -0.123646 77.0061
-0.125816 0.0524104 0.990668 106.958 0.00651728 0.998626 -0.0520036 -7.44142 -0.992032 -8.64141e-05 -0.125984 76.8412
-0.127986 0.0495443 0.990538 108.184 0.0064483 0.998772 -0.049123 -7.51174 -0.991755 0.000100212 -0.128149 76.7134
-0.130852 0.048589 0.990211 109.422 0.00517273 0.998818 -0.0483278 -7.5932 -0.991388 -0.00120167 -0.130948 76.5634
-0.138489 0.053253 0.988931 110.682 -0.000339454 0.998551 -0.0538185 -7.67928 -0.990364 -0.00778897 -0.13827 76.3877
-0.149 0.0556313 0.987271 111.9 -0.00414572 0.998372 -0.0568825 -7.76704 -0.988829 -0.0125684 -0.148526 76.1459
-0.155731 0.0530618 0.986373 113.149 0.00097441 0.998564 -0.0535638 -7.85456 -0.987799 -0.00738038 -0.155559 76.0161
-0.16502 0.0504533 0.984999 114.382 0.00388896 0.998716 -0.0505044 -7.93623 -0.986283 -0.00450363 -0.165005 75.8287
-0.180255 0.0504906 0.982323 115.576 0.00313802 0.998706 -0.0507568 -8.02916 -0.983615 -0.00606659 -0.18018 75.5694
-0.194528 0.0505389 0.979594 116.785 0.00394977 0.998704 -0.0507405 -8.11341 -0.980889 -0.0060013 -0.194476 75.3186
-0.208003 0.0501872 0.97684 118.011 0.00600282 0.99873 -0.0500336 -8.18163 -0.97811 -0.00454338 -0.20804 75.0877
-0.223453 0.0509018 0.973385 119.199 0.00957506 0.998702 -0.0500276 -8.27356 -0.974668 -0.0018586 -0.22365 74.8328
-0.238706 0.0551888 0.969523 120.404 0.0103211 0.998472 -0.0542955 -8.35499 -0.971037 -0.00295406 -0.23891 74.5381
-0.255914 0.0573761 0.964995 121.582 0.00837612 0.998331 -0.0571368 -8.4489 -0.966663 -0.00653919 -0.255967 74.1912
-0.271519 0.0558094 0.960814 122.736 0.00517593 0.998388 -0.0565292 -8.53449 -0.962419 -0.0103757 -0.27137 73.8981
-0.287256 0.0505582 0.956519 123.913 -0.000194585 0.998603 -0.052841 -8.6158 -0.957854 -0.015365 -0.286845 73.573
-0.301199 0.047312 0.952387 125.089 -0.00287895 0.998719 -0.0505242 -8.69423 -0.953557 -0.0179597 -0.300677 73.2526
-0.317314 0.0471755 0.947147 126.226 -0.00589705 0.998644 -0.0517162 -8.78052 -0.948302 -0.0219957 -0.316606 72.877
-0.331791 0.0492936 0.942064 127.357 -0.00632101 0.998495 -0.0544726 -8.85995 -0.943332 -0.0240283 -0.330981 72.487
-0.346497 0.0511309 0.936657 128.498 -0.00486826 0.998402 -0.0563024 -8.94624 -0.938038 -0.0240685 -0.345695 72.0818
-0.35988 0.0512599 0.93159 129.628 -0.00277002 0.998427 -0.0560076 -9.03301 -0.932995 -0.0227365 -0.359172 71.6666
-0.375003 0.0492729 0.925713 130.754 -0.00336301 0.998508 -0.0545098 -9.12042 -0.927018 -0.0235545 -0.374278 71.196
-0.389008 0.0478339 0.919992 131.855 -0.00361852 0.998564 -0.0534493 -9.20424 -0.921227 -0.0241212 -0.388277 70.753
-0.402604 0.0489592 0.914064 132.955 -0.00548814 0.998422 -0.0558949 -9.28641 -0.915358 -0.02752 -0.4017 70.2686
-0.419613 0.050774 0.906282 134.028 -0.00437159 0.99831 -0.0579539 -9.3706 -0.907693 -0.0282801 -0.418682 69.8007
-0.433607 0.0526626 0.899562 135.126 -0.00338462 0.998189 -0.0600679 -9.45585 -0.901096 -0.0290905 -0.432643 69.3005
-0.446779 0.0552476 0.892937 136.187 -0.00080009 0.998066 -0.0621524 -9.54723 -0.894644 -0.0284828 -0.445871 68.755
-0.464007 0.0584825 0.883899 137.257 -0.000673155 0.997795 -0.0663717 -9.63985 -0.885832 -0.0313919 -0.462944 68.2164
-0.478562 0.0597296 0.87602 138.286 -0.00152699 0.997626 -0.0688552 -9.7333 -0.878053 -0.0342891 -0.477334 67.6454
-0.494017 0.0578485 0.867526 139.361 -0.00178686 0.997714 -0.0675473 -9.83259 -0.86945 -0.0349197 -0.492785 67.0449
-0.508468 0.0542031 0.859374 140.423 -0.00439784 0.99784 -0.0655387 -9.91821 -0.86107 -0.0371037 -0.507131 66.4603
-0.525026 0.0532131 0.849421 141.472 -0.00529531 0.99782 -0.0657828 -10.0187 -0.851069 -0.0390357 -0.5236 65.8291
-0.541037 0.0521951 0.839378 142.498 -0.00703709 0.997756 -0.0665794 -10.109 -0.84097 -0.0419287 -0.539455 65.1968
-0.556651 0.0513836 0.829156 143.525 -0.00755131 0.997731 -0.0668999 -10.206 -0.830712 -0.0435011 -0.555 64.5261
-0.57223 0.0504781 0.818538 144.549 -0.00907303 0.997653 -0.0678666 -10.3019 -0.820043 -0.0462619 -0.570429 63.8299
-0.587758 0.0497454 0.807506 145.563 -0.00953468 0.997613 -0.0683967 -10.4028 -0.80898 -0.0479 -0.585881 63.119
-0.601995 0.0465251 0.797144 146.561 -0.0109557 0.997726 -0.0665057 -10.5018 -0.798425 -0.0487693 -0.600116 62.3695
-0.617386 0.0439545 0.785431 147.561 -0.0100848 0.997914 -0.0637726 -10.5954 -0.786596 -0.0472932 -0.615655 61.6122
-0.631476 0.0417787 0.774269 148.532 -0.00994822 0.998029 -0.0619661 -10.6921 -0.775331 -0.0468327 -0.629816 60.8431
-0.646788 0.0410975 0.761562 149.501 -0.00968067 0.998024 -0.0620798 -10.7848 -0.762609 -0.0475249 -0.645112 60.0447
-0.661316 0.0403197 0.749024 150.452 -0.0126942 0.99781 -0.0649195 -10.8814 -0.750001 -0.0524405 -0.659355 59.214
-0.676144 0.0399825 0.735684 151.373 -0.0150191 0.997571 -0.068019 -10.9795 -0.736616 -0.05704 -0.673901 58.3785
-0.692257 0.0359465 0.720755 152.315 -0.0174308 0.997634 -0.0664971 -11.0792 -0.72144 -0.0585965 -0.689993 57.5268
-0.70822 0.0310572 0.705309 153.241 -0.018953 0.997835 -0.0629694 -11.1712 -0.705738 -0.0579639 -0.706098 56.6398
-0.724529 0.0274509 0.688698 154.145 -0.0208751 0.997874 -0.0617356 -11.2729 -0.688929 -0.0591059 -0.722415 55.7293
-0.742017 0.0248779 0.66992 155.024 -0.0225611 0.997818 -0.0620437 -11.3671 -0.670002 -0.0611516 -0.739837 54.8119
-0.758474 0.0203031 0.651387 155.88 -0.0267055 0.997707 -0.0621934 -11.4609 -0.651156 -0.0645677 -0.756192 53.8347
-0.775569 0.0203088 0.630936 156.715 -0.0248816 0.997722 -0.0627005 -11.55 -0.630772 -0.0643273 -0.773297 52.8861
-0.790855 0.0190588 0.611706 157.492 -0.0255252 0.997618 -0.0640832 -11.6582 -0.611471 -0.0662945 -0.788485 51.8791
-0.805651 0.0214294 0.592002 158.272 -0.0204694 0.997742 -0.0639731 -11.7462 -0.592036 -0.0636579 -0.803393 50.8726
-0.819858 0.0219838 0.572145 159.017 -0.0169736 0.99789 -0.0626648 -11.8537 -0.572315 -0.0610876 -0.817755 49.8154
-0.833809 0.023724 0.551543 159.742 -0.015009 0.997733 -0.0656065 -11.9519 -0.551849 -0.0629814 -0.831562 48.7627
-0.846851 0.0242954 0.531274 160.427 -0.0148184 0.99749 -0.0692361 -12.0555 -0.531623 -0.0665054 -0.844366 47.6952
-0.859357 0.0244716 0.510791 161.102 -0.0128489 0.997506 -0.0694067 -12.1579 -0.511216 -0.0662083 -0.856899 46.6049
-0.870852 0.0244944 0.490935 161.738 -0.0100536 0.997661 -0.0676104 -12.2682 -0.491443 -0.0638143 -0.868569 45.4843
-0.880665 0.0255114 0.473052 162.354 -0.00824002 0.997573 -0.0691386 -12.3646 -0.473668 -0.0647859 -0.878317 44.3613
-0.890063 0.0279864 0.454979 162.947 -0.00541329 0.997394 -0.071941 -12.4845 -0.455806 -0.0664949 -0.887592 43.2455
-0.898485 0.0255754 0.438258 163.511 -0.00742736 0.997273 -0.0734248 -12.5879 -0.438941 -0.0692262 -0.895845 42.1153
-0.906431 0.0235038 0.421699 164.076 -0.00845776 0.99724 -0.0737618 -12.6938 -0.422269 -0.0704266 -0.903731 40.9522
-0.913387 0.0211471 0.406543 164.604 -0.00954461 0.997263 -0.0733187 -12.811 -0.40698 -0.0708487 -0.910685 39.772
-0.919622 0.0199237 0.392298 165.116 -0.00959844 0.997275 -0.0731492 -12.9231 -0.392686 -0.0710351 -0.916925 38.6339
-0.925274 0.0162272 0.378953 165.616 -0.0120882 0.997315 -0.0722215 -13.0348 -0.379107 -0.0714055 -0.922594 37.4413
-0.930882 0.0127872 0.365095 166.117 -0.0134459 0.997511 -0.0692199 -13.1405 -0.365072 -0.0693446 -0.928393 36.2526
-0.93557 0.00838281 0.353042 166.567 -0.0156959 0.997743 -0.0652855 -13.244 -0.352793 -0.0666205 -0.933327 35.0551
-0.939543 0.0102511 0.342277 167.026 -0.012141 0.997926 -0.0632143 -13.3423 -0.342215 -0.0635481 -0.93747 33.8468
-0.94262 0.0128198 0.333621 167.456 -0.00871698 0.997977 -0.0629778 -13.4492 -0.333753 -0.0622723 -0.940601 32.6274
-0.944641 0.0197416 0.327511 167.873 -0.00202269 0.997819 -0.0659802 -13.5491 -0.3281 -0.0629901 -0.942541 31.4261
-0.946577 0.0212111 0.321781 168.284 -0.000416241 0.997753 -0.0669942 -13.6534 -0.322479 -0.0635491 -0.944441 30.2303
-0.948231 0.0194452 0.316986 168.706 -0.00171867 0.997795 -0.06635 -13.762 -0.317577 -0.0634599 -0.946107 28.9903
-0.949661 0.012365 0.313036 169.12 -0.00777177 0.997983 -0.0629982 -13.8564 -0.313183 -0.0622597 -0.94765 27.7756
-0.951185 0.00694827 0.308544 169.529 -0.0125296 0.998053 -0.0611022 -13.9587 -0.308368 -0.0619854 -0.949246 26.5146
-0.952578 -9.88591e-05 0.304296 169.944 -0.0200685 0.997843 -0.0624987 -14.0502 -0.303634 -0.0656416 -0.950525 25.3204
-0.953735 -0.00284336 0.300634 170.34 -0.0234872 0.997604 -0.0650757 -14.1546 -0.299729 -0.0691261 -0.951517 24.0818
-0.954612 -0.00302828 0.297837 170.747 -0.0240971 0.997456 -0.0670931 -14.2553 -0.296876 -0.0712249 -0.952256 22.8606
-0.954587 -0.00216779 0.297926 171.118 -0.0238114 0.99733 -0.0690373 -14.3589 -0.296981 -0.0729961 -0.952089 21.6291
-0.954385 0.000257005 0.298578 171.52 -0.0218073 0.997269 -0.070564 -14.4736 -0.297781 -0.0738564 -0.951773 20.4026
-0.954303 0.00139127 0.298837 171.913 -0.0211739 0.997161 -0.0722589 -14.5782 -0.298089 -0.0752845 -0.951565 19.1913
-0.953601 0.00211732 0.301067 172.303 -0.0209589 0.997083 -0.0733974 -14.6906 -0.300344 -0.0763018 -0.950774 17.9599
-0.95308 0.00415456 0.30269 172.71 -0.0189451 0.997127 -0.0733385 -14.8037 -0.302125 -0.0756319 -0.950263 16.7321
-0.951962 0.00376003 0.306194 173.101 -0.0195908 0.997128 -0.0731528 -14.9211 -0.30559 -0.0756373 -0.949154 15.5128
-0.950893 0.00183596 0.309514 173.514 -0.0218575 0.997088 -0.0730652 -15.0338 -0.308747 -0.0762424 -0.948084 14.3012
-0.949352 0.00102133 0.314213 173.921 -0.0223317 0.997247 -0.0707139 -15.1426 -0.31342 -0.0741493 -0.946715 13.1019
-0.947213 -0.000909508 0.320605 174.345 -0.0237839 0.99744 -0.0674389 -15.2489 -0.319723 -0.0715042 -0.944809 11.8989
-0.945026 -0.00190263 0.32699 174.779 -0.0244987 0.997585 -0.0649985 -15.3474 -0.326076 -0.0694361 -0.94279 10.6962
-0.942277 -0.000928566 0.334835 175.187 -0.0235331 0.997707 -0.063459 -15.4553 -0.334008 -0.0676756 -0.940138 9.51
-0.939287 0.000630615 0.343134 175.641 -0.0227803 0.997678 -0.0641918 -15.5503 -0.342377 -0.0681112 -0.937091 8.32962
-0.935709 0.00228702 0.352766 176.104 -0.022121 0.997631 -0.0651437 -15.6572 -0.352079 -0.0687591 -0.933441 7.12071
-0.931247 0.0048068 0.364358 176.569 -0.0204632 0.997645 -0.0654627 -15.7582 -0.363814 -0.0684178 -0.928956 5.89538
-0.926835 0.00683284 0.375406 177.058 -0.0193022 0.997645 -0.0658133 -15.8546 -0.374972 -0.0682442 -0.924521 4.74981
-0.921093 0.00807235 0.389259 177.549 -0.019642 0.997549 -0.0671652 -15.9616 -0.388847 -0.0695112 -0.918676 3.56952
-0.91479 0.0101096 0.403803 178.08 -0.0184224 0.997602 -0.0667109 -16.0735 -0.403509 -0.0684655 -0.912411 2.35191
-0.909412 0.0105163 0.415764 178.601 -0.0177806 0.997783 -0.0641298 -16.1621 -0.415517 -0.0657129 -0.907209 1.25832
-0.90232 0.0131895 0.430866 179.181 -0.0157601 0.997854 -0.0635508 -16.2694 -0.43078 -0.0641336 -0.900176 0.0458545
-0.895347 0.014528 0.445132 179.74 -0.0151115 0.997901 -0.0629646 -16.3713 -0.445112 -0.0631018 -0.893249 -1.1169
-0.889292 0.0170229 0.457023 180.281 -0.0118666 0.998112 -0.0602675 -16.4621 -0.457186 -0.0590187 -0.887411 -2.14074
-0.881436 0.0195349 0.4719 180.906 -0.00845209 0.998332 -0.0571144 -16.56 -0.472229 -0.0543312 -0.8798 -3.30301
-0.873144 0.0219131 0.486969 181.533 -0.00555116 0.998477 -0.0548837 -16.6612 -0.48743 -0.0506247 -0.871693 -4.44369
-0.8646 0.0250494 0.501837 182.123 -0.00206876 0.998571 -0.0534083 -16.7488 -0.502457 -0.047215 -0.863312 -5.48591
-0.8539 0.0283562 0.519664 182.787 0.00158831 0.998652 -0.0518829 -16.8395 -0.520435 -0.0434774 -0.852794 -6.58163
-0.843528 0.0311493 0.536181 183.421 0.00469198 0.998706 -0.050638 -16.9232 -0.537065 -0.0401988 -0.842583 -7.6004
-0.832176 0.0329112 0.553534 184.118 0.00641713 0.998742 -0.0497342 -17.0089 -0.554474 -0.0378356 -0.831341 -8.64848
-0.820581 0.034816 0.570468 184.809 0.0079813 0.998744 -0.0494734 -17.0918 -0.571474 -0.0360439 -0.819828 -9.65762
-0.808021 0.0363693 0.58803 185.535 0.00912513 0.998746 -0.0492328 -17.1756 -0.589083 -0.0344153 -0.80734 -10.6758
-0.794074 0.0379858 0.606634 186.304 0.0119883 0.99883 -0.0468517 -17.2543 -0.607704 -0.0299312 -0.7936 -11.6759
-0.778414 0.0389183 0.626544 187.051 0.0141864 0.998912 -0.0444232 -17.3363 -0.627591 -0.0256913 -0.778119 -12.6302
-0.762944 0.0416945 0.645119 187.809 0.0160988 0.998834 -0.0455163 -17.4127 -0.646264 -0.0243408 -0.762726 -13.5404
-0.745209 0.0443207 0.665357 188.622 0.0171957 0.998734 -0.0472682 -17.4954 -0.66661 -0.0237834 -0.745027 -14.4756
-0.727027 0.0453386 0.685111 189.49 0.0174409 0.998715 -0.047584 -17.5758 -0.686387 -0.0226459 -0.726883 -15.379
-0.70877 0.0452802 0.703985 190.311 0.0173691 0.998756 -0.0467526 -17.6559 -0.705226 -0.0209093 -0.708674 -16.2143
-0.688934 0.0451564 0.723416 191.186 0.016776 0.998784 -0.0463688 -17.7322 -0.72463 -0.019809 -0.688853 -17.0354
-0.667962 0.0447058 0.742851 192.091 0.0148733 0.998797 -0.0467351 -17.813 -0.744047 -0.0201686 -0.667823 -17.8571
-0.647594 0.0441666 0.760704 192.961 0.0121512 0.998791 -0.0476455 -17.8862 -0.761888 -0.0216115 -0.647348 -18.5997
-0.625776 0.0440809 0.778756 193.929 0.01162 0.998818 -0.0472 -17.9647 -0.779916 -0.0204874 -0.625549 -19.3772
-0.60312 0.0437337 0.796451 194.868 0.0122552 0.998886 -0.0455692 -18.0413 -0.797557 -0.017723 -0.602984 -20.089
-0.580263 0.044454 0.813215 195.8 0.0129413 0.998886 -0.0453694 -18.1125 -0.814326 -0.0158022 -0.580193 -20.752
-0.553674 0.0466643 0.831425 196.772 0.013529 0.998801 -0.047049 -18.1922 -0.832624 -0.0148014 -0.553641 -21.4291
-0.527455 0.0483732 0.848205 197.786 0.015999 0.998766 -0.0470107 -18.2612 -0.849433 -0.0112256 -0.527578 -22.0495
-0.500415 0.0461259 0.864556 198.802 0.0130636 0.998868 -0.0457303 -18.3362 -0.865687 -0.0115899 -0.500452 -22.6455
-0.473614 0.0442024 0.879623 199.788 0.0135238 0.998987 -0.042919 -18.4035 -0.880629 -0.00843119 -0.473732 -23.1698
-0.445018 0.0448738 0.894397 200.815 0.0141665 0.998972 -0.0430718 -18.4771 -0.89541 -0.00649732 -0.445196 -23.6917
-0.412085 0.0474173 0.909911 201.945 0.0151718 0.998864 -0.0451817 -18.5487 -0.911019 -0.00481368 -0.412336 -24.1993
-0.380222 0.049266 0.923582 203.052 0.0169974 0.998784 -0.04628 -18.6203 -0.924739 -0.00189819 -0.380597 -24.6634
-0.347792 0.0496741 0.936255 204.151 0.0192259 0.998763 -0.0458487 -18.6934 -0.937375 0.00205453 -0.348317 -25.0772
-0.315833 0.0493235 0.947532 205.266 0.0199419 0.998772 -0.0453437 -18.7663 -0.948605 0.00457454 -0.316429 -25.4501
-0.283796 0.0482028 0.957672 206.314 0.021401 0.998805 -0.0439312 -18.8339 -0.958646 0.00802763 -0.284489 -25.7783
-0.248997 0.0459692 0.967413 207.489 0.0222733 0.998881 -0.0417317 -18.9027 -0.968248 0.0111564 -0.249742 -26.0806
-0.215199 0.0445352 0.975554 208.569 0.0238582 0.998901 -0.0403381 -18.9688 -0.976279 0.0145943 -0.216025 -26.3239
-0.179103 0.0440225 0.982845 209.775 0.0253471 0.998873 -0.0401214 -19.0395 -0.983504 0.0177263 -0.180017 -26.5529
-0.143721 0.0437459 0.988651 210.912 0.0251449 0.998861 -0.0405424 -19.1119 -0.989299 0.0190328 -0.144657 -26.7289
-0.110215 0.0431059 0.992973 212.014 0.0263271 0.998835 -0.0404382 -19.1766 -0.993559 0.0216852 -0.111222 -26.8645
-0.0749088 0.0433997 0.996246 213.173 0.025836 0.998802 -0.0415684 -19.2414 -0.996856 0.0226252 -0.0759403 -26.9517
-0.0394878 0.0431895 0.998286 214.358 0.0247319 0.998802 -0.0422335 -19.3113 -0.998914 0.0230218 -0.0405086 -27.0129
-0.0050284 0.0419946 0.999105 215.551 0.0242452 0.998829 -0.041861 -19.3809 -0.999693 0.024013 -0.00604068 -27.0165
0.026239 0.0420713 0.99877 216.66 0.0240003 0.9988 -0.0427031 -19.443 -0.999368 0.0250912 0.0251978 -26.9794
0.0589297 0.041769 0.997388 217.834 0.0243691 0.998766 -0.0432666 -19.5164 -0.997965 0.0268551 0.0578391 -26.9315
0.0913849 0.0397997 0.99502 219.012 0.0257101 0.998774 -0.0423111 -19.5834 -0.995484 0.0294487 0.0902496 -26.8301
0.122111 0.0379854 0.991789 220.133 0.028081 0.998735 -0.0417088 -19.646 -0.992119 0.0329436 0.12089 -26.684
0.152482 0.0380329 0.987574 221.302 0.0285654 0.998672 -0.0428708 -19.7155 -0.987893 0.0347475 0.151193 -26.5116
0.182253 0.0379267 0.98252 222.451 0.0311933 0.99853 -0.0443309 -19.7854 -0.982757 0.0387274 0.180802 -26.3059
0.212175 0.0371234 0.976526 223.595 0.033368 0.99842 -0.0452057 -19.8516 -0.976662 0.0421763 0.210601 -26.0628
0.242665 0.0350525 0.969477 224.715 0.0367491 0.998298 -0.045293 -19.9213 -0.969414 0.0466184 0.240963 -25.7811
0.273601 0.0335485 0.961258 225.892 0.0382918 0.998219 -0.0457374 -19.9954 -0.961081 0.0493221 0.271829 -25.4589
0.302313 0.0327147 0.952647 226.986 0.0416583 0.998003 -0.0474921 -20.0691 -0.952298 0.0540431 0.300346 -25.1224
0.331455 0.0320921 0.942925 228.109 0.0421778 0.997918 -0.04879 -20.1398 -0.942528 0.0559422 0.329411 -24.7414
0.359268 0.0299479 0.932754 229.199 0.0440559 0.997826 -0.0490061 -20.2146 -0.932194 0.0586996 0.357167 -24.3196
0.387494 0.0285953 0.921429 230.318 0.0437642 0.997821 -0.0493705 -20.2936 -0.920833 0.0594563 0.385398 -23.8587
0.415962 0.0297582 0.908895 231.399 0.0449228 0.997572 -0.0532208 -20.3735 -0.908272 0.0629679 0.413615 -23.38
0.444636 0.0308964 0.895178 232.473 0.0461508 0.997287 -0.0573438 -20.4543 -0.894522 0.0668104 0.442004 -22.8604
0.472508 0.0296244 0.880829 233.534 0.0476898 0.997111 -0.0591178 -20.5409 -0.880035 0.0699401 0.46973 -22.2951
0.498793 0.0271636 0.866296 234.556 0.0481484 0.997097 -0.0589877 -20.6268 -0.865383 0.0711334 0.496037 -21.7315
0.524459 0.0245218 0.851082 235.608 0.0481716 0.99713 -0.0584144 -20.7184 -0.850072 0.071634 0.521773 -21.1081
0.548804 0.0244451 0.835594 236.633 0.0461931 0.997158 -0.0595105 -20.8091 -0.834674 0.0712582 0.546115 -20.4526
0.570081 0.0242549 0.82123 237.635 0.0451889 0.997125 -0.0608192 -20.8981 -0.820345 0.0717824 0.567346 -19.7774
0.589436 0.0234423 0.807475 238.585 0.0432991 0.997225 -0.0605584 -20.9917 -0.806654 0.0706583 0.586786 -19.0953
0.608134 0.0205054 0.79357 239.581 0.0436514 0.99729 -0.0592207 -21.0826 -0.792634 0.0706545 0.605591 -18.3396
0.625081 0.0173756 0.780367 240.51 0.0440799 0.997371 -0.0575158 -21.1725 -0.779315 0.0703505 0.622671 -17.5997
0.64171 0.0147937 0.766805 241.479 0.0451965 0.997347 -0.0570647 -21.2626 -0.765614 0.0712759 0.639339 -16.7981
0.657379 0.0126815 0.753453 242.396 0.046352 0.997285 -0.057227 -21.3516 -0.752133 0.0725439 0.655007 -16.0084
0.672658 0.0122813 0.739851 243.316 0.0461837 0.997216 -0.0585427 -21.4418 -0.738511 0.0735483 0.670219 -15.1673
0.688214 0.0106138 0.72543 244.223 0.0468833 0.997153 -0.0590676 -21.5287 -0.723991 0.0746617 0.685757 -14.3319
0.703205 0.00862686 0.710935 245.11 0.0460142 0.997278 -0.0576154 -21.6165 -0.709497 0.0732286 0.700894 -13.4765
0.717379 0.00512714 0.696664 245.973 0.0465524 0.997385 -0.0552769 -21.7069 -0.695126 0.0720859 0.715265 -12.5688
0.731667 0.0030487 0.681656 246.824 0.047093 0.997375 -0.0550088 -21.793 -0.680034 0.0723493 0.729602 -11.6685
0.745708 0.00278707 0.666267 247.658 0.0473102 0.997246 -0.0571227 -21.8837 -0.664591 0.0741181 0.743523 -10.7689
0.759004 0.00210208 0.651083 248.497 0.0477382 0.997124 -0.0588703 -21.9715 -0.649334 0.0757643 0.75672 -9.80626
0.770117 0.00127762 0.637902 249.299 0.0472433 0.997138 -0.0590323 -22.0593 -0.636151 0.0755984 0.767852 -8.84678
0.781828 -0.00141518 0.623492 250.088 0.0476116 0.997213 -0.0574392 -22.1478 -0.621674 0.0745931 0.779717 -7.86068
0.792295 -0.0044241 0.610123 250.844 0.0490659 0.997197 -0.0564853 -22.2395 -0.608163 0.0746892 0.790291 -6.86665
0.802695 -0.00557388 0.596364 251.632 0.0494977 0.997129 -0.0573033 -22.3361 -0.594332 0.0755157 0.800666 -5.84439
0.812079 -0.00758559 0.583499 252.375 0.0522229 0.996848 -0.0597216 -22.4219 -0.581206 0.0789706 0.809915 -4.81341
0.82054 -0.00995427 0.571502 253.11 0.0537037 0.996768 -0.0597442 -22.5141 -0.56906 0.0797143 0.818423 -3.76858
0.828684 -0.0136556 0.559551 253.842 0.0563797 0.996654 -0.0591744 -22.6032 -0.556871 0.0805842 0.826681 -2.70844
0.836121 -0.014888 0.548343 254.559 0.0572039 0.996548 -0.0601682 -22.6949 -0.545554 0.0816752 0.834087 -1.62561
0.841607 -0.0166756 0.539833 255.26 0.0577636 0.996569 -0.0592699 -22.7899 -0.536993 0.0810646 0.839683 -0.539842
0.845675 -0.018043 0.533393 255.954 0.0578098 0.996645 -0.057942 -22.8797 -0.530558 0.0798354 0.843881 0.555618
0.848552 -0.0192798 0.52876 256.65 0.0580476 0.996696 -0.0568129 -22.9729 -0.525918 0.078902 0.846868 1.68393
0.85182 -0.0206155 0.523429 257.35 0.0587547 0.99668 -0.0563616 -23.0676 -0.52053 0.0787639 0.850203 2.81892
0.854357 -0.0207714 0.519272 258.045 0.0583066 0.996723 -0.0560617 -23.1621 -0.516406 0.0781737 0.852769 3.95105
0.856201 -0.0239309 0.516088 258.724 0.0607232 0.996664 -0.054526 -23.2499 -0.513061 0.0780238 0.854798 5.07655
0.858576 -0.0262992 0.512012 259.4 0.0623411 0.996628 -0.0533465 -23.3366 -0.508883 0.0777213 0.85732 6.20522
0.860898 -0.0264196 0.508091 260.07 0.0622708 0.996614 -0.0536884 -23.4297 -0.504953 0.0778595 0.859628 7.3391
0.86299 -0.0279173 0.504448 260.755 0.0634435 0.996557 -0.0533852 -23.5213 -0.501221 0.0780749 0.86179 8.50913
0.865302 -0.028014 0.500467 261.407 0.0631872 0.996569 -0.0534663 -23.6103 -0.497252 0.0778876 0.864103 9.65026
0.86727 -0.0280506 0.497047 262.076 0.0627001 0.996616 -0.0531584 -23.7038 -0.493874 0.0772676 0.866094 10.8075
0.868905 -0.0289655 0.494131 262.717 0.063194 0.996609 -0.0527031 -23.7886 -0.490929 0.0770201 0.867789 11.9286
0.871008 -0.0272077 0.490515 263.388 0.0608865 0.996746 -0.0528291 -23.8856 -0.487482 0.0758803 0.86983 13.1381
0.871258 -0.0259391 0.49014 264.047 0.0590401 0.99689 -0.0521907 -23.9733 -0.487262 0.0744095 0.87008 14.3008
0.872645 -0.0246465 0.487732 264.695 0.0574504 0.996972 -0.0524099 -24.0652 -0.484964 0.0737557 0.871419 15.4763
0.873115 -0.023611 0.486943 265.353 0.0566701 0.996971 -0.0532713 -24.1593 -0.48421 0.074107 0.871808 16.6676
0.873401 -0.0202713 0.48658 265.983 0.0535107 0.997078 -0.0545113 -24.2472 -0.484054 0.0736475 0.871934 17.8173
