1 -4.1311e-11 -1.35993e-10 -4.65661e-10 -4.12612e-11 1 -1.70424e-11 0 -2.56277e-11 -1.70424e-11 1 -2.98023e-08
0.999936 -0.00298918 0.0108927 -0.00204685 0.00298172 0.999995 0.000701413 -0.0213039 -0.0108947 -0.000668889 0.99994 0.294037
0.999817 -0.00502913 0.0184705 0.00998566 0.00501112 0.999987 0.00102144 -0.0317561 -0.0184754 -0.000928694 0.999829 0.592739
0.999764 -0.00783791 0.0202808 0.0170905 0.00783142 0.999969 0.000399651 -0.0375686 -0.0202833 -0.00024073 0.999794 0.89159
0.99978 -0.00933409 0.0187707 0.0181425 0.00934825 0.999956 -0.000666645 -0.0431779 -0.0187637 0.000841971 0.999824 1.21176
0.99986 -0.0114026 0.0122717 0.0217746 0.0114267 0.999933 -0.00189545 -0.046485 -0.0122492 0.00203541 0.999923 1.52187
0.999918 -0.0127136 0.00128841 0.0021637 0.0127177 0.999914 -0.00321135 -0.0560855 -0.00124747 0.00322747 0.999994 1.83841
0.999839 -0.0116524 -0.0136816 -0.0205518 0.0116048 0.999926 -0.00355381 -0.0642953 0.013722 0.00339446 0.9999 2.17368
0.999419 -0.00791683 -0.033154 -0.0513681 0.00779415 0.999962 -0.0038279 -0.0709619 0.033183 0.00356726 0.999443 2.50742
0.998604 -0.00399769 -0.0526608 -0.0977122 0.00370825 0.999978 -0.00559284 -0.0770387 0.0526819 0.00538976 0.998597 2.86038
0.99739 -0.00323642 -0.0721252 -0.149737 0.00280093 0.999977 -0.00613821 -0.0855484 0.0721435 0.00592018 0.997377 3.21135
0.99562 -0.00423367 -0.0933981 -0.192856 0.00380799 0.999982 -0.00473546 -0.0934972 0.0934164 0.00435906 0.995618 3.595
0.993658 -0.00522256 -0.112326 -0.249521 0.00482836 0.999981 -0.00378121 -0.101613 0.112343 0.00321488 0.993664 3.98675
0.991525 -0.00467063 -0.129834 -0.323115 0.00424307 0.999985 -0.00356951 -0.109054 0.129849 0.00298836 0.991529 4.37458
0.989207 -0.00386132 -0.146475 -0.410689 0.00348382 0.99999 -0.00283363 -0.117634 0.146484 0.00229275 0.98921 4.76913
0.987163 -0.0029346 -0.159692 -0.491637 0.00253376 0.999993 -0.00271366 -0.123388 0.159699 0.0022742 0.987163 5.18012
0.985262 -0.00441741 -0.170995 -0.563482 0.00384518 0.999986 -0.00367751 -0.131004 0.171009 0.0029658 0.985265 5.61706
0.983683 -0.00737241 -0.179762 -0.654735 0.00654554 0.999965 -0.0051925 -0.143755 0.179794 0.00393113 0.983697 6.05461
0.982475 -0.00693507 -0.186264 -0.763405 0.00561721 0.999955 -0.00760201 -0.151134 0.186309 0.0064225 0.98247 6.50416
0.981086 -0.00674345 -0.193457 -0.87423 0.00499474 0.999942 -0.00952564 -0.157537 0.19351 0.0083792 0.981063 6.98054
0.979668 -0.00729197 -0.200492 -0.972809 0.00498604 0.999916 -0.0120039 -0.167671 0.200563 0.0107602 0.979622 7.46629
0.97773 -0.0112271 -0.209568 -1.0768 0.00853192 0.999869 -0.0137604 -0.180233 0.209695 0.0116659 0.977697 7.96287
0.975808 -0.0169097 -0.217973 -1.19231 0.0140493 0.999794 -0.0146663 -0.197573 0.218176 0.0112492 0.975845 8.46798
0.973947 -0.0176738 -0.226084 -1.32411 0.0142485 0.999758 -0.0167735 -0.218887 0.226326 0.0131151 0.973963 8.99857
0.971903 -0.0142906 -0.234948 -1.4803 0.0095368 0.999727 -0.0213571 -0.227548 0.235189 0.0185164 0.971773 9.54017
0.969898 -0.0112598 -0.243253 -1.62477 0.00550974 0.999689 -0.0243058 -0.244577 0.243451 0.0222339 0.969658 10.0652
0.967593 -0.0139525 -0.25213 -1.77594 0.00753087 0.999623 -0.0264166 -0.267863 0.252403 0.0236618 0.967333 10.6472
0.965203 -0.0157576 -0.261026 -1.95244 0.00877349 0.999572 -0.0279 -0.295033 0.261354 0.024639 0.964928 11.1904
0.963335 -0.0155291 -0.267852 -2.11771 0.00762143 0.999505 -0.0305372 -0.319363 0.268193 0.0273761 0.962976 11.801
0.96074 -0.0146866 -0.277063 -2.30256 0.005423 0.999401 -0.0341717 -0.3421 0.277399 0.0313276 0.960244 12.3685
0.958894 -0.0158196 -0.283323 -2.48314 0.004809 0.999207 -0.039516 -0.374625 0.283724 0.0365291 0.95821 12.9817
0.956941 -0.0165399 -0.289812 -2.68347 0.00312018 0.998904 -0.0467059 -0.413382 0.290267 0.0437905 0.955943 13.6051
0.95551 -0.0168479 -0.294476 -2.88369 0.00071062 0.998496 -0.0548213 -0.450895 0.294957 0.0521731 0.954085 14.2158
0.954497 -0.0169526 -0.297737 -3.09174 -0.00206638 0.997983 -0.0634476 -0.494865 0.298212 0.0611758 0.952537 14.8493
0.952959 -0.0162388 -0.302664 -3.31114 -0.00589295 0.997382 -0.0720667 -0.541597 0.303042 0.0704602 0.950369 15.4657
0.951793 -0.0154509 -0.306353 -3.52739 -0.00927595 0.996824 -0.0790938 -0.601739 0.306602 0.0781226 0.948626 16.1263
0.950135 -0.0141931 -0.311515 -3.77072 -0.0131682 0.996247 -0.0855541 -0.66391 0.31156 0.0853901 0.946382 16.788
0.948537 -0.0127048 -0.316411 -4.01045 -0.0172099 0.99565 -0.0915701 -0.734438 0.316198 0.092303 0.944192 17.4661
0.946903 -0.0106916 -0.321343 -4.25206 -0.0216137 0.995069 -0.0967968 -0.808343 0.320793 0.0986025 0.942003 18.1304
0.945437 -0.00799564 -0.325707 -4.50807 -0.0260499 0.994643 -0.100032 -0.886871 0.324762 0.103059 0.940164 18.8512
0.943449 -0.0073109 -0.331437 -4.75498 -0.0279119 0.994455 -0.101388 -0.961716 0.330341 0.104906 0.938014 19.5079
0.941322 -0.00626098 -0.337453 -5.03202 -0.0293638 0.994518 -0.100362 -1.05188 0.336231 0.104382 0.935977 20.2569
0.939246 -0.00634984 -0.343187 -5.31007 -0.0295685 0.994615 -0.099327 -1.14108 0.34197 0.10344 0.934 21.0059
0.936935 -0.0062597 -0.349449 -5.5762 -0.0295636 0.994837 -0.097086 -1.2217 0.348252 0.101294 0.931912 21.6993
0.933819 -0.00651439 -0.357687 -5.87112 -0.0290218 0.995159 -0.093892 -1.30203 0.356567 0.0980588 0.929109 22.37
0.9298 -0.00362201 -0.368048 -6.2119 -0.031341 0.995541 -0.0889742 -1.39136 0.366729 0.0942632 0.92554 23.2273
0.926779 -0.00259786 -0.375597 -6.48907 -0.0308594 0.996069 -0.0830346 -1.46906 0.374336 0.0885455 0.923056 23.9388
0.923387 0.000847438 -0.38387 -6.8479 -0.0339055 0.996269 -0.079359 -1.54653 0.382371 0.0862944 0.919971 24.6725
0.919813 0.00232494 -0.392349 -7.17108 -0.035507 0.996373 -0.0773374 -1.62259 0.390746 0.0850671 0.916559 25.4122
0.915472 0.00298735 -0.40237 -7.52356 -0.0368078 0.996402 -0.0763473 -1.69961 0.400695 0.0847042 0.912288 26.2064
0.911924 0.00314809 -0.410348 -7.88429 -0.0373437 0.996458 -0.075345 -1.77215 0.408657 0.0840328 0.908811 26.9728
0.908058 0.00383862 -0.418828 -8.25356 -0.0381647 0.996557 -0.073611 -1.8463 0.417103 0.0828275 0.905077 27.7597
0.903839 0.00377963 -0.427855 -8.63433 -0.0378512 0.996747 -0.0711551 -1.91885 0.426194 0.0805077 0.901042 28.5384
0.90044 0.00408351 -0.434961 -9.02229 -0.0369551 0.997059 -0.0671426 -1.99181 0.433407 0.0765319 0.897943 29.3421
0.896399 0.00500628 -0.44322 -9.41953 -0.0361457 0.997432 -0.0618373 -2.05215 0.441772 0.0714513 0.894278 30.1133
0.89352 0.00476442 -0.448998 -9.83554 -0.0341526 0.997768 -0.0573773 -2.12157 0.447722 0.0666022 0.891689 30.9256
0.888756 0.00407214 -0.458362 -10.2901 -0.0330466 0.997928 -0.0552111 -2.18919 0.457187 0.0642165 0.887049 31.7575
0.885479 0.00463912 -0.464657 -10.6798 -0.0335914 0.997973 -0.0540502 -2.25008 0.463464 0.0634688 0.88384 32.5777
0.882345 0.00417901 -0.470584 -11.1687 -0.0324946 0.998115 -0.0520637 -2.30998 0.469479 0.0612296 0.880818 33.4272
0.878185 0.0024723 -0.478314 -11.6243 -0.0304219 0.998251 -0.0506949 -2.37006 0.477352 0.0590707 0.876724 34.2656
0.876715 0.00141205 -0.481008 -12.0873 -0.0294305 0.99828 -0.0507114 -2.43063 0.480109 0.0586158 0.875248 35.0704
0.875177 0.000827261 -0.483803 -12.4771 -0.029198 0.998266 -0.0511108 -2.48148 0.482922 0.0588571 0.873683 35.8268
0.873725 0.000464076 -0.48642 -13.0516 -0.0292254 0.998243 -0.0515433 -2.54919 0.485542 0.0592506 0.872203 36.7815
0.872585 0.00132168 -0.48846 -13.4727 -0.0298776 0.998268 -0.0506722 -2.6034 0.487548 0.0588099 0.871113 37.5427
0.873677 0.00131126 -0.486504 -14.0096 -0.0286186 0.998403 -0.0487031 -2.67058 0.485663 0.0564738 0.87232 38.5323
0.871806 -1.10518e-05 -0.489852 -14.4766 -0.0270554 0.998473 -0.0481739 -2.72693 0.489104 0.0552514 0.870474 39.316
0.871204 -0.00267614 -0.490915 -14.9961 -0.0244237 0.998511 -0.0487869 -2.79052 0.490314 0.0544933 0.869841 40.2602
0.870737 -0.00361099 -0.491736 -15.4768 -0.0237061 0.998502 -0.0493097 -2.85169 0.491178 0.0545929 0.869347 41.1467
0.869366 -0.00526979 -0.49414 -16.0505 -0.0211227 0.998633 -0.0478122 -2.91775 0.493717 0.0520039 0.868067 42.0972
0.867015 -0.00451839 -0.498261 -16.5865 -0.0202734 0.998811 -0.0443349 -2.98346 0.497869 0.0485405 0.865893 43.0327
0.862929 -0.0042259 -0.505307 -17.1104 -0.018407 0.999039 -0.0397893 -3.04682 0.504989 0.0436366 0.862022 43.9316
0.860674 -0.00622547 -0.509119 -17.6687 -0.0148576 0.999192 -0.0373351 -3.10717 0.50894 0.0396977 0.859886 44.8385
0.853236 -0.00832964 -0.521458 -18.209 -0.0142006 0.999131 -0.0391955 -3.17009 0.521331 0.040848 0.852376 45.7577
0.849552 -0.0112914 -0.527383 -18.8041 -0.0132555 0.998998 -0.0427417 -3.2351 0.527338 0.0433021 0.848552 46.6949
0.841759 -0.0111292 -0.539738 -19.3255 -0.0140442 0.998998 -0.0425018 -3.29215 0.53967 0.0433565 0.840759 47.5404
0.836013 -0.00873816 -0.54864 -19.9808 -0.0143676 0.999182 -0.0378072 -3.35673 0.548521 0.03949 0.835204 48.5079
0.829806 -0.00594825 -0.558021 -20.5707 -0.0145883 0.99937 -0.0323463 -3.40943 0.557862 0.0349817 0.829196 49.3244
0.826294 -0.00485299 -0.563218 -21.147 -0.0169888 0.999293 -0.0335347 -3.46632 0.562982 0.0372779 0.825628 50.2308
0.822717 -0.0069051 -0.56841 -21.7567 -0.0180582 0.999104 -0.0382747 -3.51969 0.568165 0.0417537 0.821855 51.0513
0.817755 -0.00782052 -0.575513 -22.342 -0.0219195 0.998759 -0.0447177 -3.5875 0.575149 0.0491831 0.816569 51.9929
0.816284 -0.00885513 -0.577583 -23.0056 -0.0223179 0.998653 -0.046852 -3.65193 0.57722 0.051135 0.814986 52.8387
0.813247 -0.00777901 -0.581867 -23.6905 -0.0212664 0.998845 -0.0430766 -3.72235 0.58153 0.0474061 0.812142 53.7711
0.809608 -0.00674724 -0.586933 -24.2768 -0.0184675 0.999146 -0.0369598 -3.77686 0.586681 0.0407621 0.808792 54.5719
0.806765 -0.00485885 -0.590852 -24.8584 -0.018884 0.999243 -0.034002 -3.83354 0.590571 0.0385893 0.806063 55.419
0.803456 -0.00365092 -0.595352 -25.5472 -0.0209786 0.999187 -0.034439 -3.88912 0.594994 0.0401599 0.802726 56.2886
0.799357 -0.00508502 -0.600835 -26.2013 -0.0210023 0.999117 -0.0363975 -3.94641 0.600489 0.0417135 0.798544 57.1986
0.795368 -0.0064465 -0.606093 -26.8866 -0.021233 0.999033 -0.0384897 -4.01181 0.605755 0.0434826 0.794462 58.0648
0.790047 -0.00743339 -0.613001 -27.5223 -0.0210544 0.999008 -0.0392495 -4.06976 0.612685 0.0439153 0.789107 58.9403
0.786382 -0.00895767 -0.617676 -28.1955 -0.0185748 0.9991 -0.0381374 -4.12506 0.617462 0.0414638 0.785508 59.7525
0.7814 -0.00871616 -0.62397 -28.8651 -0.018856 0.999116 -0.0375699 -4.18625 0.623746 0.0411227 0.780545 60.6245
0.776492 -0.00979712 -0.630051 -29.5865 -0.0184417 0.999098 -0.0382638 -4.24724 0.629857 0.0413307 0.775611 61.4485
0.769892 -0.0108777 -0.638081 -30.2769 -0.0183146 0.999066 -0.0391295 -4.31095 0.637911 0.0418117 0.768974 62.3395
0.76557 -0.0122732 -0.643236 -30.9994 -0.017613 0.999043 -0.0400249 -4.36724 0.643112 0.0419712 0.764621 63.0806
0.76049 -0.013556 -0.649208 -31.665 -0.0170986 0.999017 -0.0408899 -4.42309 0.649124 0.0421969 0.759511 63.8278
0.753548 -0.0155311 -0.657209 -32.4256 -0.0162259 0.998977 -0.0422122 -4.49253 0.657192 0.0424728 0.752525 64.7533
0.745397 -0.0158368 -0.666432 -33.1534 -0.0160639 0.999001 -0.0417071 -4.55269 0.666427 0.0417939 0.744398 65.5363
0.741561 -0.0170449 -0.670669 -33.8572 -0.0139556 0.999069 -0.0408219 -4.61342 0.670741 0.0396315 0.740632 66.3311
0.733832 -0.018052 -0.679091 -34.6928 -0.0122361 0.999133 -0.039782 -4.68199 0.67922 0.0375027 0.732976 67.1953
0.727409 -0.0190244 -0.68594 -35.4203 -0.0119253 0.999114 -0.0403564 -4.74144 0.6861 0.0375357 0.726538 67.9843
0.721332 -0.0210342 -0.692271 -36.1958 -0.0113837 0.999044 -0.042217 -4.8104 0.692496 0.038333 0.720402 68.7755
0.714611 -0.020124 -0.699232 -37.0315 -0.0130434 0.999029 -0.0420825 -4.87505 0.6994 0.039193 0.713655 69.6262
0.708313 -0.0202124 -0.705609 -37.8165 -0.0122164 0.999089 -0.0408825 -4.93655 0.705792 0.0375777 0.707421 70.4246
0.704822 -0.0194016 -0.709118 -38.5686 -0.0138351 0.99906 -0.0410858 -4.99881 0.709249 0.0387689 0.703891 71.175
0.700888 -0.0208966 -0.712965 -39.3664 -0.0127602 0.999043 -0.0418254 -5.05915 0.713157 0.0384125 0.699951 71.9066
0.693323 -0.0213106 -0.720312 -40.2835 -0.0150552 0.998916 -0.0440442 -5.134 0.72047 0.0413813 0.69225 72.7941
0.689426 -0.0236082 -0.723971 -41.0047 -0.0149753 0.998791 -0.0468306 -5.19856 0.724201 0.0431279 0.688239 73.512
0.683697 -0.0239199 -0.729374 -41.9516 -0.0159456 0.998734 -0.0477007 -5.2742 0.729592 0.0442431 0.68245 74.3736
0.680029 -0.0237114 -0.732802 -42.7651 -0.0150183 0.998817 -0.0462557 -5.33932 0.733031 0.0424607 0.678868 75.0918
0.674522 -0.0245147 -0.737847 -43.6181 -0.0132766 0.998884 -0.0453247 -5.41512 0.738135 0.0403686 0.673444 75.8955
0.669159 -0.0247313 -0.742708 -44.4933 -0.0135605 0.998873 -0.045479 -5.48704 0.742996 0.0405042 0.668069 76.6472
0.665229 -0.0257962 -0.746193 -45.4437 -0.012378 0.998885 -0.0455669 -5.56119 0.746537 0.0395488 0.664168 77.4625
0.659822 -0.0266293 -0.75095 -46.2533 -0.0115759 0.998893 -0.0455928 -5.63073 0.751332 0.038776 0.658784 78.2136
0.653899 -0.027508 -0.756081 -47.1558 -0.0100458 0.998935 -0.0450318 -5.70054 0.756515 0.0370417 0.652927 79.0209
0.651736 -0.0309808 -0.757813 -48.1146 -0.00639184 0.998906 -0.0463343 -5.77889 0.758419 0.0350415 0.650825 79.7828
0.647078 -0.0348659 -0.761626 -48.9901 -0.00390642 0.998789 -0.0490417 -5.85252 0.762414 0.034709 0.646158 80.5414
0.641347 -0.0389941 -0.76626 -49.9147 -8.64165e-05 0.998704 -0.0508953 -5.92812 0.767251 0.0327078 0.640512 81.3344
0.634935 -0.0433055 -0.771351 -50.8147 0.00598518 0.998674 -0.0511412 -6.00841 0.772543 0.0278547 0.634352 82.0791
0.626106 -0.0467064 -0.778338 -51.7956 0.0108029 0.998628 -0.0512356 -6.09117 0.779663 0.0236706 0.625751 82.854
0.617152 -0.0480821 -0.785373 -52.7162 0.0137535 0.998638 -0.050331 -6.17298 0.786723 0.0202603 0.616973 83.6162
0.607785 -0.0469502 -0.792713 -53.6704 0.0151432 0.998754 -0.0475429 -6.24305 0.793957 0.0168916 0.607739 84.3094
0.599191 -0.0467033 -0.799243 -54.6574 0.0150952 0.998779 -0.0470462 -6.3239 0.800464 0.0161249 0.599164 85.0382
0.591272 -0.0478608 -0.80505 -55.6432 0.0133416 0.998681 -0.0495734 -6.40166 0.806362 0.0185707 0.591131 85.757
0.579755 -0.050395 -0.813231 -56.5718 0.014867 0.998574 -0.0512817 -6.47767 0.814655 0.0176405 0.579677 86.4112
0.572155 -0.0506741 -0.818579 -57.5577 0.0127296 0.998518 -0.0529158 -6.55704 0.820047 0.0198558 0.571952 87.1152
0.560654 -0.0523571 -0.826393 -58.6331 0.0175748 0.998527 -0.0513395 -6.64275 0.827864 0.01426 0.560748 87.8346
0.551502 -0.0525491 -0.832517 -59.6375 0.0188444 0.998544 -0.0505454 -6.72365 0.833961 0.0121876 0.551689 88.4807
0.541541 -0.0531433 -0.838993 -60.7181 0.0195682 0.998526 -0.0506179 -6.80696 0.840447 0.0109941 0.541783 89.1504
0.530812 -0.0538013 -0.84578 -61.7425 0.018219 0.998477 -0.0520803 -6.88901 0.847294 0.0122356 0.530984 89.7995
0.521467 -0.0541556 -0.851551 -62.8209 0.0167476 0.998441 -0.0532415 -6.97342 0.853107 0.0135022 0.521561 90.4432
0.509936 -0.054858 -0.858461 -63.9256 0.0154557 0.998388 -0.0546187 -7.06334 0.860073 0.0145839 0.509962 91.1007
0.500778 -0.0547574 -0.863842 -65.0358 0.0145812 0.998389 -0.0548332 -7.15227 0.865453 0.0148634 0.50077 91.7234
0.492267 -0.0529661 -0.868831 -66.1702 0.0138961 0.998498 -0.0529975 -7.24031 0.870334 0.0140155 0.492263 92.3404
0.483712 -0.0509892 -0.873741 -67.2799 0.0147331 0.998635 -0.0501213 -7.32663 0.875103 0.0113713 0.483803 92.947
0.476448 -0.051362 -0.877701 -68.4082 0.0148414 0.99862 -0.0503816 -7.41166 0.879077 0.0109779 0.476553 93.5416
0.471029 -0.0538164 -0.880475 -69.4814 0.016042 0.998495 -0.052448 -7.49717 0.881972 0.01058 0.471184 94.1353
0.463317 -0.0575102 -0.884325 -70.6767 0.0186347 0.998304 -0.0551594 -7.59041 0.885997 0.00907716 0.463603 94.7388
0.455034 -0.0601553 -0.88844 -71.8073 0.0199006 0.998153 -0.0573914 -7.68055 0.890252 0.00843458 0.455391 95.3168
0.451989 -0.0637057 -0.889746 -72.9669 0.0216489 0.997936 -0.0604545 -7.78035 0.891761 0.00806274 0.452435 95.8992
0.446891 -0.0645865 -0.892254 -74.1058 0.0235628 0.997894 -0.0604318 -7.88085 0.894278 0.00598238 0.447472 96.448
0.442277 -0.0626063 -0.894691 -75.24 0.0258321 0.998036 -0.0570682 -7.97703 0.896507 0.00212818 0.443025 97.0276
0.439692 -0.0608681 -0.896084 -76.4146 0.0300651 0.998139 -0.053048 -8.07617 0.897645 -0.00361611 0.440704 97.584
0.436162 -0.0601029 -0.897859 -77.5044 0.0313204 0.998176 -0.0516034 -8.16569 0.899323 -0.00561384 0.437249 98.1134
0.43279 -0.05986 -0.899505 -78.7038 0.0325572 0.99818 -0.050762 -8.25872 0.900907 -0.0073161 0.433951 98.6848
0.430217 -0.0591062 -0.900788 -79.8025 0.0348493 0.998198 -0.0488538 -8.34716 0.902053 -0.010374 0.431502 99.2044
0.42953 -0.0584427 -0.90116 -80.873 0.036976 0.998205 -0.0471121 -8.42782 0.902295 -0.0130852 0.43092 99.7167
0.427013 -0.0588245 -0.90233 -82.0452 0.0386859 0.998157 -0.0467641 -8.51886 0.903418 -0.0149386 0.428501 100.268
0.424231 -0.0593105 -0.90361 -83.1456 0.0411531 0.998085 -0.0461908 -8.60278 0.904619 -0.0175908 0.425859 100.783
0.421585 -0.0581464 -0.904923 -84.2861 0.0437585 0.998084 -0.0437464 -8.68311 0.905733 -0.0211553 0.423321 101.312
0.420152 -0.0584375 -0.90557 -85.3901 0.0476966 0.997967 -0.0422705 -8.76922 0.9062 -0.0254326 0.422085 101.821
0.419055 -0.0584829 -0.906075 -86.4181 0.0479862 0.997955 -0.0422199 -8.84376 0.906692 -0.0257866 0.421005 102.311
0.416536 -0.0594176 -0.907175 -87.5194 0.0490295 0.997878 -0.0428461 -8.92194 0.907796 -0.0266314 0.418565 102.805
0.418252 -0.0611806 -0.906268 -88.5656 0.05 0.997767 -0.0442821 -9.00408 0.906954 -0.0267924 0.420377 103.286
0.418063 -0.0615373 -0.906331 -89.6668 0.0485877 0.99779 -0.0453351 -9.08577 0.907118 -0.0250837 0.420129 103.785
0.41911 -0.0609535 -0.905887 -90.7229 0.0458216 0.997892 -0.0459447 -9.16877 0.906778 -0.0222533 0.42102 104.271
0.424358 -0.0610704 -0.903433 -91.7386 0.0439792 0.997936 -0.0468008 -9.24843 0.904426 -0.019872 0.426168 104.751
0.42826 -0.0615265 -0.901559 -92.7488 0.0426285 0.997944 -0.0478548 -9.32449 0.90265 -0.0179378 0.430002 105.209
0.43543 -0.0607687 -0.898169 -93.7679 0.0407753 0.998026 -0.0477572 -9.40168 0.899299 -0.0158282 0.437048 105.73
0.44232 -0.060073 -0.894843 -94.7443 0.0402235 0.998079 -0.047121 -9.47913 0.895955 -0.0151512 0.443887 106.178
0.450211 -0.0587732 -0.890986 -95.7626 0.0391239 0.998172 -0.0460745 -9.55301 0.892064 -0.0141156 0.451688 106.69
0.458429 -0.0580714 -0.886832 -96.7926 0.0380082 0.998231 -0.0457185 -9.63083 0.887918 -0.0127482 0.459826 107.215
0.468525 -0.0579153 -0.88155 -97.7282 0.037831 0.998249 -0.0454757 -9.69828 0.88264 -0.0120434 0.469896 107.686
0.476533 -0.0582598 -0.877224 -98.6603 0.0365328 0.998252 -0.0464521 -9.76969 0.878397 -0.00991144 0.477829 108.206
0.489881 -0.0596452 -0.869747 -99.6245 0.0342249 0.998204 -0.0491775 -9.84302 0.871117 -0.00567586 0.491042 108.748
0.500225 -0.0596365 -0.86384 -100.562 0.0315472 0.998218 -0.0506455 -9.91864 0.865321 -0.00191758 0.501215 109.278
0.512642 -0.0580648 -0.856637 -101.443 0.0298173 0.998313 -0.0498242 -9.99189 0.858084 -5.80096e-07 0.513509 109.778
0.524508 -0.0553185 -0.849606 -102.425 0.0276311 0.998467 -0.0479528 -10.0702 0.850957 0.00167602 0.525233 110.388
0.536892 -0.0533935 -0.84196 -103.334 0.0270059 0.998572 -0.0461043 -10.1392 0.843219 0.00201511 0.537567 110.961
0.549482 -0.0524099 -0.83386 -104.226 0.0267352 0.998623 -0.0451481 -10.2114 0.835078 0.00251471 0.550127 111.534
0.559669 -0.052908 -0.827025 -105.094 0.0268352 0.998594 -0.0457238 -10.2807 0.828281 0.00339682 0.560302 112.114
0.572505 -0.0535266 -0.818153 -106.001 0.0268618 0.998556 -0.0465326 -10.355 0.819462 0.00466301 0.573115 112.767
0.581149 -0.055541 -0.8119 -106.828 0.0289745 0.998448 -0.047563 -10.4254 0.813281 0.0041168 0.581856 113.359
0.591835 -0.0542598 -0.804231 -107.683 0.0279174 0.998513 -0.0468231 -10.4992 0.805576 0.00525957 0.59247 113.976
0.603058 -0.053148 -0.795925 -108.505 0.0286791 0.998578 -0.0449505 -10.5686 0.797182 0.00428134 0.603724 114.583
0.613653 -0.0509738 -0.787928 -109.327 0.0291538 0.998696 -0.0419036 -10.634 0.789037 0.00274321 0.614339 115.207
0.622093 -0.0496411 -0.781368 -110.151 0.0283017 0.998762 -0.0409197 -10.7039 0.782432 0.00334182 0.622728 115.879
0.632785 -0.0484253 -0.772812 -110.877 0.0256087 0.998805 -0.0416177 -10.7639 0.773904 0.0065443 0.633269 116.474
0.641877 -0.0475922 -0.765329 -111.677 0.0233317 0.998822 -0.0425438 -10.829 0.766453 0.00945148 0.642231 117.114
0.652337 -0.0465565 -0.756498 -112.382 0.0227456 0.998865 -0.0418584 -10.8882 0.757588 0.0100988 0.652656 117.738
0.659857 -0.0452789 -0.750026 -113.132 0.0229747 0.998932 -0.0400927 -10.9531 0.75104 0.00922383 0.660192 118.371
0.670204 -0.0440284 -0.74087 -113.877 0.0231939 0.998994 -0.0383865 -11.0129 0.741815 0.00854311 0.67055 119.06
0.676302 -0.0439138 -0.735315 -114.602 0.0242537 0.999008 -0.0373547 -11.0776 0.736225 0.00742893 0.676696 119.717
0.684998 -0.0425304 -0.727302 -115.254 0.0224229 0.999052 -0.0373029 -11.1288 0.7282 0.00924415 0.685303 120.316
0.69217 -0.0410768 -0.720564 -115.902 0.0212721 0.999106 -0.0365216 -11.1852 0.721421 0.00995125 0.692426 120.942
0.699647 -0.0380944 -0.713472 -116.605 0.0197727 0.999228 -0.0339622 -11.2386 0.714215 0.00965425 0.69986 121.649
0.706181 -0.0362944 -0.7071 -117.245 0.0201026 0.99931 -0.0312166 -11.2917 0.707746 0.00783003 0.706424 122.254
0.713574 -0.0350339 -0.699703 -117.913 0.0193905 0.999354 -0.0302624 -11.3441 0.700311 0.00802685 0.713793 122.904
0.721654 -0.0330869 -0.691463 -118.535 0.0175403 0.99941 -0.0295162 -11.3964 0.692032 0.00917201 0.721809 123.597
0.729647 -0.030424 -0.683147 -119.153 0.015072 0.999483 -0.0284142 -11.4395 0.683658 0.0104359 0.729728 124.244
0.739295 -0.0273742 -0.672825 -119.784 0.0139268 0.999581 -0.0253657 -11.4873 0.673237 0.00938242 0.739367 124.924
0.748056 -0.0242671 -0.663191 -120.364 0.0127186 0.999672 -0.0222332 -11.5271 0.663513 0.00819676 0.74812 125.559
0.756902 -0.021984 -0.653159 -120.944 0.0108302 0.999719 -0.0210982 -11.5702 0.653439 0.00889545 0.756927 126.197
0.768137 -0.0219281 -0.63991 -121.512 0.0100321 0.999703 -0.0222149 -11.6085 0.640207 0.0106444 0.768129 126.863
0.777251 -0.0215265 -0.628823 -122.054 0.00857401 0.999684 -0.0236244 -11.6532 0.629133 0.0129705 0.77719 127.561
0.787239 -0.021073 -0.616288 -122.554 0.00879351 0.999698 -0.0229504 -11.6857 0.616585 0.0126481 0.787186 128.213
0.798272 -0.0199547 -0.601966 -123.112 0.00872699 0.999729 -0.0215672 -11.7229 0.602233 0.0119632 0.79823 128.904
0.808321 -0.0177487 -0.588475 -123.615 0.00816116 0.999787 -0.0189441 -11.7571 0.588686 0.0105102 0.808294 129.622
0.817914 -0.0163754 -0.575108 -124.09 0.0083868 0.999828 -0.0165411 -11.7932 0.57528 0.00870586 0.817911 130.295
0.82638 -0.0151128 -0.56291 -124.573 0.00883011 0.999865 -0.013881 -11.8223 0.563043 0.00650045 0.826402 131.025
0.835178 -0.0146745 -0.549785 -125.048 0.00981057 0.999883 -0.011785 -11.8499 0.549893 0.0044489 0.835223 131.735
0.842291 -0.0149014 -0.538817 -125.49 0.0112299 0.999886 -0.0100978 -11.876 0.538906 0.00245447 0.842362 132.449
0.849509 -0.0147946 -0.527367 -125.934 0.011295 0.999888 -0.00985608 -11.9061 0.527453 0.00241624 0.849581 133.179
0.855838 -0.0136163 -0.517065 -126.378 0.0102157 0.999903 -0.00942235 -11.9293 0.517143 0.00278183 0.855895 133.924
0.86244 -0.0123299 -0.506009 -126.814 0.00911181 0.999919 -0.0088348 -11.9524 0.506077 0.00300883 0.862483 134.662
0.868886 -0.0111938 -0.494885 -127.258 0.00806617 0.999932 -0.00845539 -11.9741 0.494946 0.00335495 0.868917 135.412
0.874494 -0.0117215 -0.484896 -127.661 0.00878426 0.999927 -0.00832932 -11.9978 0.484958 0.00302449 0.874532 136.148
0.880209 -0.0128295 -0.474413 -128.055 0.0097061 0.999912 -0.00903227 -12.0216 0.474487 0.00334559 0.880256 136.903
0.884997 -0.0130709 -0.465414 -128.482 0.00989449 0.999908 -0.00926735 -12.047 0.465492 0.00359654 0.885045 137.715
0.887926 -0.0124208 -0.459819 -128.89 0.00956298 0.999918 -0.00854379 -12.0667 0.459887 0.00318902 0.887972 138.466
0.892159 -0.0105216 -0.4516 -129.306 0.00910883 0.999945 -0.00530235 -12.0885 0.45163 0.000616989 0.892205 139.3
0.895045 -0.00705039 -0.445921 -129.684 0.00709166 0.999974 -0.00157619 -12.1053 0.44592 -0.00175155 0.895071 140.087
0.898088 -0.00391208 -0.439798 -130.089 0.00508866 0.999986 0.00149623 -12.1185 0.439786 -0.00358173 0.898096 140.888
0.901568 -0.00125097 -0.432635 -130.483 0.00328435 0.999987 0.00395279 -12.1301 0.432625 -0.00498464 0.90156 141.732
0.904797 0.000792394 -0.425842 -130.9 0.00194394 0.99998 0.00599108 -12.1385 0.425838 -0.00624853 0.904778 142.584
0.908516 0.00181919 -0.417846 -131.297 0.00208736 0.999958 0.00889209 -12.146 0.417845 -0.0089508 0.908474 143.46
0.911702 0.00197131 -0.410848 -131.702 0.00277563 0.999936 0.0109572 -12.1539 0.410843 -0.0111301 0.911638 144.363
0.91532 0.0017766 -0.402723 -132.124 0.00327206 0.999925 0.011848 -12.1603 0.402713 -0.0121624 0.915245 145.249
0.918176 0.00107161 -0.396171 -132.477 0.00387749 0.999924 0.0116913 -12.1574 0.396153 -0.0122708 0.918102 146.134
0.92374 -0.00141423 -0.383018 -132.921 0.00640893 0.99991 0.0117647 -12.1665 0.382967 -0.0133222 0.923666 147.103
0.926471 -0.00300333 -0.376355 -133.25 0.00742977 0.999919 0.0103104 -12.1664 0.376293 -0.0123485 0.926418 148.003
0.931859 -0.00383374 -0.362801 -133.626 0.00747175 0.999935 0.00862492 -12.1773 0.362744 -0.010748 0.931827 148.969
0.936393 -0.00224776 -0.350945 -133.991 0.0053294 0.999955 0.00781535 -12.18 0.350912 -0.00918857 0.936363 149.909
0.942424 0.00128403 -0.334419 -134.358 0.00180935 0.999958 0.00893833 -12.1868 0.334416 -0.00902877 0.942382 150.922
0.948664 0.00493652 -0.316247 -134.682 -0.00128873 0.99993 0.0117427 -12.1877 0.316283 -0.0107324 0.948604 151.871
0.955046 0.0079686 -0.296351 -135.005 -0.00416386 0.999901 0.0134676 -12.1916 0.296429 -0.0116282 0.954984 152.892
0.961731 0.00995376 -0.273816 -135.342 -0.00619493 0.999874 0.0145888 -12.1992 0.273927 -0.0123343 0.961672 153.99
0.967164 0.0114228 -0.253896 -135.608 -0.00768592 0.999847 0.0157052 -12.1953 0.254037 -0.0132381 0.967104 155.047
0.972983 0.0120006 -0.230565 -135.887 -0.00793865 0.999797 0.0185368 -12.1989 0.230741 -0.0162056 0.97288 156.13
0.977704 0.0139935 -0.209521 -136.114 -0.00960088 0.999713 0.0219674 -12.1887 0.209768 -0.0194661 0.977557 157.178
0.982561 0.0159234 -0.185256 -136.353 -0.0112486 0.999592 0.0262576 -12.1843 0.185599 -0.0237158 0.98234 158.274
0.986502 0.0178615 -0.16277 -136.544 -0.0132078 0.999474 0.0296279 -12.1692 0.163214 -0.0270781 0.986219 159.428
0.989879 0.0194314 -0.140578 -136.71 -0.0154098 0.999442 0.0296401 -12.1569 0.141075 -0.0271739 0.989626 160.559
0.992772 0.019227 -0.118469 -136.861 -0.0160548 0.999488 0.0276735 -12.1424 0.11894 -0.0255714 0.992572 161.743
0.995114 0.0194357 -0.0968021 -136.989 -0.0169271 0.999501 0.0266682 -12.1246 0.0972721 -0.0248994 0.994946 162.889
0.996946 0.017936 -0.0760036 -137.083 -0.0158199 0.999473 0.028354 -12.1126 0.0764721 -0.027065 0.996704 164.078
0.998201 0.0182834 -0.0571087 -137.161 -0.0165686 0.999402 0.0303566 -12.0964 0.0576296 -0.0293558 0.997906 165.243
0.999203 0.018837 -0.0351859 -137.221 -0.017737 0.999352 0.0313175 -12.08 0.035753 -0.0306684 0.99889 166.502
0.999674 0.0201982 -0.0156217 -137.249 -0.0196945 0.999302 0.0317501 -12.0611 0.0162521 -0.0314321 0.999374 167.73
0.99978 0.0203999 0.00477818 -137.264 -0.0205436 0.999269 0.0322551 -12.0414 -0.00411668 -0.0323462 0.999468 168.921
0.999434 0.0225026 0.0249977 -137.248 -0.0232973 0.999217 0.0319665 -12.0207 -0.0242588 -0.0325308 0.999176 170.153
0.998655 0.0236316 0.046141 -137.212 -0.0250715 0.999209 0.0308811 -11.9981 -0.0453747 -0.0319964 0.998457 171.407
0.99758 0.0240426 0.0652351 -137.13 -0.0259396 0.99926 0.0283903 -11.9842 -0.0645043 -0.0300137 0.997466 172.726
0.995981 0.0259689 0.085712 -137.054 -0.0283003 0.999259 0.0260974 -11.9654 -0.0849707 -0.0284182 0.995978 174.007
0.994377 0.0262942 0.102579 -136.928 -0.0288887 0.999297 0.0238898 -11.9522 -0.101878 -0.0267189 0.994438 175.309
0.992113 0.0258387 0.122655 -136.796 -0.0286407 0.999366 0.0211365 -11.9454 -0.122031 -0.0244827 0.992224 176.608
0.989761 0.0272324 0.140115 -136.601 -0.0297238 0.999435 0.0157193 -11.9388 -0.139607 -0.0197231 0.990011 177.918
0.987069 0.0288935 0.157672 -136.427 -0.0307564 0.999483 0.00938702 -11.9482 -0.157319 -0.0141151 0.987447 179.202
0.984149 0.0314116 0.174539 -136.191 -0.0325722 0.999462 0.00378834 -11.9513 -0.174326 -0.0094134 0.984643 180.548
0.980687 0.0332846 0.192732 -135.918 -0.0338777 0.999426 -0.000218364 -11.9733 -0.192629 -0.00631517 0.981251 181.915
0.976801 0.0355202 0.211182 -135.663 -0.0356791 0.999359 -0.00305912 -11.9928 -0.211155 -0.00454663 0.977442 183.256
0.972852 0.0348787 0.228786 -135.333 -0.0350469 0.99938 -0.00332905 -12.019 -0.22876 -0.00477955 0.973471 184.623
0.968762 0.0335743 0.24571 -135.006 -0.0337011 0.999425 -0.00369022 -12.0463 -0.245693 -0.00470576 0.969336 185.972
0.963944 0.0332715 0.264017 -134.632 -0.0321248 0.999446 -0.00866081 -12.0843 -0.264159 -0.000132942 0.964479 187.369
0.959773 0.0347395 0.27862 -134.269 -0.0322771 0.999389 -0.0134219 -12.1193 -0.278916 0.0038889 0.960308 188.715
0.954652 0.0371771 0.295394 -133.852 -0.0346795 0.999305 -0.0136918 -12.1538 -0.295698 0.00282677 0.955278 190.086
0.948422 0.0388636 0.31462 -133.415 -0.0362547 0.999243 -0.0141422 -12.2007 -0.314931 0.00200634 0.949112 191.434
0.943281 0.0428588 0.329218 -133 -0.0394176 0.999076 -0.0171236 -12.2349 -0.329648 0.0031754 0.944099 192.759
0.936287 0.0442011 0.348443 -132.477 -0.0393597 0.999005 -0.0209653 -12.2913 -0.349023 0.0059149 0.937095 194.167
0.929952 0.0446644 0.364958 -132 -0.0387077 0.998971 -0.023625 -12.3394 -0.365637 0.00784347 0.930724 195.473
0.92226 0.0449104 0.383952 -131.408 -0.0366783 0.998914 -0.0287398 -12.4048 -0.384826 0.0124229 0.922906 196.892
0.915071 0.0480082 0.400425 -130.875 -0.0373265 0.99871 -0.0344382 -12.4737 -0.401561 0.016567 0.915682 198.175
0.905638 0.051481 0.420915 -130.264 -0.0388991 0.998504 -0.0384293 -12.5481 -0.422263 0.0184298 0.906286 199.538
0.893579 0.054198 0.445622 -129.623 -0.0406162 0.998375 -0.0399805 -12.6237 -0.447065 0.0176263 0.894328 200.879
0.880309 0.0588343 0.470738 -128.931 -0.0438008 0.998122 -0.0428382 -12.7164 -0.472374 0.0170921 0.881233 202.24
0.866605 0.0631217 0.494987 -128.248 -0.0463031 0.997859 -0.0461832 -12.8039 -0.496842 0.0171032 0.867672 203.501
0.851777 0.0669352 0.519611 -127.459 -0.048052 0.997606 -0.0497398 -12.9057 -0.521696 0.0173989 0.852954 204.847
0.837068 0.0684013 0.542806 -126.716 -0.0477488 0.997502 -0.0520653 -12.9995 -0.545012 0.0176638 0.838242 206.07
0.821164 0.069429 0.566454 -125.855 -0.0468177 0.997422 -0.0543823 -13.1053 -0.568769 0.0181367 0.822297 207.377
0.805029 0.0716861 0.588889 -124.999 -0.0452936 0.997202 -0.0594727 -13.2181 -0.591504 0.0212043 0.806023 208.572
0.789298 0.0743822 0.609488 -124.096 -0.0440554 0.996937 -0.0646141 -13.3399 -0.612427 0.0241486 0.790158 209.783
0.772668 0.0759261 0.630253 -123.135 -0.0421352 0.996766 -0.0684235 -13.4638 -0.63341 0.0263128 0.773369 210.999
0.756919 0.0776812 0.648875 -122.183 -0.0408084 0.996591 -0.0717051 -13.6 -0.652233 0.0277954 0.757509 212.177
0.741822 0.0781384 0.666029 -121.205 -0.0390695 0.996537 -0.0733981 -13.7296 -0.669457 0.0284269 0.742306 213.284
0.724438 0.0784961 0.684857 -120.134 -0.0368716 0.996486 -0.0752115 -13.8745 -0.688354 0.0292343 0.724786 214.491
0.710949 0.0790235 0.698789 -119.128 -0.034328 0.996382 -0.0777517 -14.01 -0.702405 0.0312894 0.71109 215.525
0.694416 0.080488 0.715058 -117.976 -0.0314645 0.996171 -0.0815743 -14.1666 -0.718885 0.0341476 0.69429 216.651
0.68187 0.0825457 0.726801 -116.928 -0.0295954 0.995912 -0.0853438 -14.3168 -0.730875 0.0366834 0.681525 217.692
0.666799 0.0854131 0.740327 -115.817 -0.0290942 0.995637 -0.0886641 -14.4693 -0.744669 0.037582 0.666375 218.697
0.651295 0.0851734 0.754029 -114.646 -0.0270168 0.995653 -0.0891309 -14.6313 -0.758344 0.0376791 0.650765 219.736
0.635272 0.0871267 0.767358 -113.499 -0.0285969 0.995588 -0.0893657 -14.7985 -0.771759 0.0348274 0.634961 220.688
0.617253 0.0878272 0.781847 -112.296 -0.030068 0.995657 -0.088107 -14.9638 -0.78619 0.0308757 0.617213 221.697
0.599757 0.0887335 0.795247 -111.12 -0.0324214 0.995711 -0.0866497 -15.1251 -0.799525 0.0261858 0.600062 222.623
0.58091 0.0901214 0.808963 -109.926 -0.0344478 0.995683 -0.086186 -15.29 -0.813238 0.0221993 0.581507 223.569
0.563576 0.0937422 0.820728 -108.682 -0.0366694 0.9954 -0.0885128 -15.4657 -0.82525 0.019788 0.564421 224.434
0.546301 0.0974464 0.831901 -107.471 -0.0393868 0.995099 -0.0906981 -15.632 -0.836663 0.0167825 0.547462 225.231
0.526924 0.0975623 0.844294 -106.273 -0.039638 0.99513 -0.090254 -15.7996 -0.848988 0.0140909 0.528225 226.036
0.505376 0.096185 0.857522 -105.007 -0.0394927 0.995305 -0.0883648 -15.9658 -0.861995 0.0107916 0.506802 226.814
0.48533 0.0945251 0.869206 -103.801 -0.0397884 0.995497 -0.0860428 -16.1218 -0.873425 0.00717488 0.486906 227.524
0.462295 0.093 0.881836 -102.551 -0.0398975 0.995659 -0.0840881 -16.2815 -0.885828 0.00369043 0.463999 228.207
0.440734 0.0916146 0.89295 -101.318 -0.0387585 0.995793 -0.0830359 -16.4342 -0.8968 0.00198733 0.442431 228.859
0.419671 0.0915097 0.903051 -100.028 -0.0387362 0.995804 -0.082907 -16.5907 -0.906849 -0.000187103 0.421455 229.488
0.398729 0.0908599 0.912557 -98.8178 -0.0364076 0.995864 -0.0832467 -16.7324 -0.916346 -3.11494e-05 0.400387 230.02
0.379135 0.0910667 0.920849 -97.5629 -0.0336495 0.995844 -0.084629 -16.8841 -0.924729 0.00109967 0.380624 230.585
0.358484 0.0905768 0.929131 -96.3139 -0.0315321 0.995889 -0.0849187 -17.0353 -0.933003 0.00114461 0.359867 231.082
0.336664 0.0885672 0.93745 -95.043 -0.0283593 0.996069 -0.0839207 -17.1808 -0.941198 0.00166769 0.337852 231.533
0.317554 0.0879681 0.944151 -93.7783 -0.0251872 0.996119 -0.0843386 -17.3257 -0.947906 0.00300155 0.318537 231.988
0.296311 0.0924362 0.950608 -92.5449 -0.0256916 0.995717 -0.0888143 -17.47 -0.954746 0.00189409 0.297417 232.392
0.278218 0.101752 0.955113 -91.3354 -0.0290294 0.99481 -0.0975249 -17.6257 -0.960079 -0.000593177 0.279727 232.781
0.258626 0.109986 0.959696 -90.1006 -0.03209 0.993927 -0.105261 -17.7901 -0.965444 -0.00357343 0.260585 233.13
0.23922 0.114284 0.964216 -88.873 -0.0344762 0.993423 -0.109192 -17.9554 -0.970353 -0.00712174 0.241586 233.423
0.219155 0.115171 0.968869 -87.629 -0.0366609 0.99328 -0.109781 -18.123 -0.975001 -0.0114606 0.221904 233.745
0.199692 0.114782 0.973113 -86.3947 -0.0374909 0.993283 -0.109468 -18.2864 -0.979141 -0.014623 0.202654 234.021
0.180559 0.115507 0.976758 -85.2002 -0.0420764 0.993078 -0.109659 -18.457 -0.982664 -0.0212986 0.184169 234.261
0.161336 0.113723 0.980325 -83.9702 -0.0400205 0.993275 -0.108639 -18.6179 -0.986088 -0.0217058 0.164803 234.49
0.14279 0.113786 0.983191 -82.7733 -0.041035 0.993196 -0.108984 -18.7764 -0.988902 -0.0247834 0.146487 234.674
0.124341 0.114309 0.985633 -81.5537 -0.0392076 0.993132 -0.110233 -18.9446 -0.991465 -0.0249378 0.127969 234.823
0.104918 0.117195 0.987551 -80.3782 -0.0432176 0.992631 -0.113207 -19.0999 -0.993541 -0.0308021 0.10921 234.989
0.0864836 0.11882 0.989142 -79.2091 -0.0454964 0.992297 -0.115221 -19.2696 -0.995214 -0.0350377 0.0912234 235.101
0.0686144 0.116406 0.990829 -78.0097 -0.0438814 0.99256 -0.113571 -19.4263 -0.996678 -0.0356864 0.073212 235.219
0.0538022 0.112258 0.992221 -76.8591 -0.0410599 0.993069 -0.110127 -19.5865 -0.997707 -0.0348154 0.0580386 235.284
0.0391524 0.107911 0.993389 -75.6907 -0.0399342 0.993526 -0.106352 -19.7395 -0.998435 -0.0355062 0.0432083 235.36
0.0274105 0.104901 0.994105 -74.5586 -0.0371693 0.993898 -0.103855 -19.886 -0.998933 -0.0341035 0.0311423 235.398
0.0175521 0.104527 0.994367 -73.4374 -0.0364733 0.993925 -0.103837 -20.0319 -0.99918 -0.0344453 0.0212579 235.42
0.00713104 0.106456 0.994292 -72.3025 -0.0374168 0.993649 -0.106119 -20.1855 -0.999274 -0.0364465 0.011069 235.446
0.0015692 0.108676 0.994076 -71.2213 -0.0378394 0.993372 -0.108539 -20.3221 -0.999283 -0.0374449 0.00567102 235.463
-0.0044036 0.112842 0.993603 -70.1283 -0.0376995 0.992888 -0.112928 -20.4654 -0.999279 -0.0379556 -0.000118187 235.486
-0.00987336 0.12012 0.99271 -69.0607 -0.039608 0.991933 -0.12042 -20.632 -0.999167 -0.0405083 -0.00503597 235.486
-0.0141995 0.123261 0.992273 -68.0141 -0.0420984 0.991419 -0.123757 -20.7789 -0.999013 -0.0435303 -0.00888855 235.471
-0.017524 0.115796 0.993118 -66.9385 -0.0398628 0.9924 -0.116415 -20.9209 -0.999052 -0.0416286 -0.0127749 235.48
-0.0209387 0.105956 0.99415 -65.8626 -0.0372283 0.993596 -0.106681 -21.0636 -0.999088 -0.0392443 -0.0168601 235.478
-0.0213177 0.10245 0.99451 -64.8297 -0.0360069 0.994012 -0.10317 -21.1958 -0.999124 -0.0380086 -0.0175011 235.475
-0.021888 0.103637 0.994374 -63.8057 -0.0374564 0.993829 -0.104404 -21.3276 -0.999059 -0.0395309 -0.0178711 235.462
-0.0211537 0.10687 0.994048 -62.7715 -0.0375412 0.993484 -0.107608 -21.4605 -0.999071 -0.039594 -0.0170038 235.465
-0.0188318 0.108994 0.993864 -61.753 -0.0398512 0.993169 -0.109673 -21.5966 -0.999028 -0.041672 -0.0143596 235.451
-0.0180688 0.109966 0.993771 -60.742 -0.040949 0.993018 -0.110627 -21.7243 -0.998998 -0.0426929 -0.0134396 235.482
-0.0143364 0.11095 0.993723 -59.7364 -0.0428749 0.992842 -0.11147 -21.8593 -0.998978 -0.0442038 -0.0094768 235.472
-0.0114096 0.112461 0.993591 -58.7321 -0.0447232 0.992604 -0.112863 -21.9906 -0.998934 -0.0457242 -0.00629557 235.49
-0.00656864 0.113188 0.993552 -57.7465 -0.0472172 0.99243 -0.113372 -22.1207 -0.998863 -0.0476575 -0.00117448 235.504
-0.000368223 0.112639 0.993636 -56.7558 -0.0477959 0.992499 -0.112527 -22.248 -0.998857 -0.0475332 0.0050182 235.531
0.00727331 0.110876 0.993808 -55.7372 -0.0466062 0.992791 -0.110422 -22.3826 -0.998887 -0.0455145 0.0123884 235.553
0.0149348 0.110364 0.993779 -54.7748 -0.0443159 0.992986 -0.10961 -22.5123 -0.998906 -0.0424033 0.0197209 235.586
0.0227699 0.111102 0.993548 -53.7885 -0.044285 0.992943 -0.110019 -22.6387 -0.998759 -0.0414941 0.0275293 235.624
0.0287222 0.110871 0.99342 -52.8074 -0.0436455 0.993021 -0.109564 -22.7671 -0.998634 -0.0402114 0.0333607 235.657
0.0361543 0.110261 0.993245 -51.8632 -0.0456006 0.993042 -0.108578 -22.8877 -0.998305 -0.041367 0.0409307 235.712
0.0418597 0.108171 0.993251 -50.8724 -0.045907 0.99328 -0.10624 -23.0118 -0.998068 -0.04115 0.0465442 235.778
0.0486824 0.106118 0.993161 -49.9191 -0.0451918 0.993556 -0.103945 -23.1328 -0.997792 -0.0398224 0.0531644 235.847
0.055827 0.106711 0.992722 -48.961 -0.045762 0.993501 -0.104221 -23.2522 -0.997391 -0.0396105 0.0603475 235.907
0.0622762 0.108843 0.992106 -47.9725 -0.0455944 0.993308 -0.106113 -23.3774 -0.997017 -0.0386262 0.0668221 235.981
0.0698043 0.1107 0.991399 -47.0205 -0.0455204 0.993142 -0.107689 -23.4917 -0.996522 -0.0376117 0.0743647 236.058
0.0761283 0.112241 0.990761 -46.0335 -0.0472563 0.992934 -0.108856 -23.6223 -0.995978 -0.0385326 0.0808944 236.153
0.0821534 0.113275 0.990161 -45.1058 -0.0493388 0.992764 -0.109479 -23.7373 -0.995398 -0.0398593 0.0871478 236.234
0.0902796 0.112688 0.989521 -44.1505 -0.0505822 0.992814 -0.108448 -23.8602 -0.994631 -0.0402615 0.0953308 236.334
0.0969757 0.110507 0.989133 -43.2 -0.0512922 0.993051 -0.105916 -23.9788 -0.993964 -0.0404635 0.10197 236.435
0.102192 0.108338 0.988848 -42.2561 -0.0511196 0.99331 -0.103544 -24.0981 -0.99345 -0.0399682 0.107046 236.543
0.110386 0.107918 0.988012 -41.3119 -0.0510016 0.993393 -0.102807 -24.2176 -0.992579 -0.0390417 0.115161 236.665
0.116366 0.109137 0.987192 -40.3784 -0.0512621 0.99328 -0.103767 -24.332 -0.991883 -0.0385306 0.121179 236.784
0.123947 0.109955 0.986178 -39.4254 -0.0497517 0.99328 -0.104494 -24.4477 -0.991041 -0.0361123 0.128584 236.925
0.133466 0.111168 0.984799 -38.4996 -0.0481411 0.993243 -0.105597 -24.5658 -0.989883 -0.0333157 0.137916 237.057
0.141412 0.113181 0.98346 -37.5722 -0.0475855 0.993072 -0.107444 -24.6826 -0.988806 -0.0316045 0.145818 237.193
0.151539 0.114512 0.981796 -36.6318 -0.0489111 0.992919 -0.10826 -24.8038 -0.98724 -0.0316151 0.156067 237.355
