1 -4.1311e-11 -1.95776e-11 0 -4.12612e-11 1 -1.70424e-11 0 -1.42043e-10 -1.70424e-11 1 -2.98023e-08
0.999996 0.00267689 0.000895266 -0.0105229 -0.00267816 0.999995 0.00141459 -0.0290908 -0.000891475 -0.00141698 0.999999 0.759475
0.999985 0.00524739 0.00160161 -0.017623 -0.00525061 0.999984 0.00201441 -0.0516082 -0.00159102 -0.00202279 0.999997 1.53715
0.999979 0.0060414 0.00251492 -0.0252079 -0.00604471 0.999981 0.00131226 -0.0736348 -0.00250694 -0.00132744 0.999996 2.29052
0.999963 0.00844203 0.00165825 -0.0319101 -0.00844394 0.999964 0.00114613 -0.092567 -0.00164852 -0.00116009 0.999998 3.01407
0.999962 0.00842807 0.00202759 -0.0288912 -0.00843022 0.999964 0.0010546 -0.113382 -0.00201863 -0.00107165 0.999997 3.73107
0.99996 0.00817622 0.00351164 -0.0343872 -0.00818309 0.999965 0.00194801 -0.133784 -0.00349559 -0.00197667 0.999992 4.43574
0.999952 0.00923857 0.00316666 -0.0424291 -0.00925278 0.999947 0.00450429 -0.148676 -0.00312488 -0.00453338 0.999985 5.10597
0.999953 0.00817181 0.00514862 -0.0400314 -0.00821441 0.999932 0.00830909 -0.16236 -0.00508037 -0.008351 0.999952 5.76824
0.999951 0.00760299 0.00642183 -0.0405317 -0.00767917 0.999899 0.0119223 -0.178478 -0.00633054 -0.0119711 0.999908 6.40528
0.999954 0.00667391 0.00691138 -0.0423834 -0.00677174 0.999876 0.0142293 -0.193476 -0.00681556 -0.0142754 0.999875 7.00853
0.999937 0.00645067 0.00916538 -0.0484895 -0.0065779 0.999882 0.0139197 -0.205232 -0.00907451 -0.0139791 0.999861 7.59103
0.999919 0.0078948 0.00995331 -0.0323531 -0.00801202 0.999898 0.0117928 -0.21932 -0.0098592 -0.0118716 0.999881 8.14235
0.999922 0.00733625 0.0100896 -0.0338908 -0.00742428 0.999934 0.00871539 -0.22957 -0.010025 -0.00878963 0.999911 8.6513
0.99991 0.00586519 0.0120437 -0.0277237 -0.005949 0.999958 0.00693499 -0.236104 -0.0120025 -0.00700601 0.999904 9.161
0.999904 0.00208758 0.0136753 -0.00699107 -0.00215317 0.999986 0.00478295 -0.25006 -0.0136651 -0.00481194 0.999895 9.61943
0.99988 -0.000129282 0.0154857 -0.000567378 7.24353e-05 0.999993 0.00367143 -0.267396 -0.0154861 -0.00366987 0.999873 10.0603
0.999838 0.00430547 0.0174565 0.00344884 -0.00433701 0.999989 0.00176924 -0.27722 -0.0174487 -0.00184466 0.999846 10.4764
0.99976 0.00786019 0.0204433 0.00936432 -0.00787784 0.999969 0.000782892 -0.28841 -0.0204366 -0.000943754 0.999791 10.8525
0.999681 0.00894119 0.0236255 0.0034991 -0.00897666 0.999959 0.0013959 -0.293411 -0.023612 -0.00160753 0.99972 11.2011
0.999638 0.00503302 0.0264374 0.0276714 -0.00509358 0.999985 0.00222395 -0.306057 -0.0264258 -0.0023578 0.999648 11.5353
0.999572 -0.000393815 0.0292393 0.0370402 0.000331435 0.999998 0.00213827 -0.313916 -0.0292401 -0.00212766 0.99957 11.8034
0.999503 -0.00352583 0.0313099 0.0468903 0.00341953 0.999988 0.00344814 -0.322154 -0.0313217 -0.00333936 0.999504 12.0554
0.999408 -0.00525759 0.0340099 0.0713995 0.00510915 0.999977 0.00445011 -0.330409 -0.0340325 -0.00427371 0.999412 12.2954
0.999347 -0.00383918 0.0359154 0.0734519 0.00371873 0.999987 0.00342006 -0.335922 -0.0359281 -0.00328427 0.999349 12.4967
0.999286 -0.00257108 0.0376834 0.0832869 0.00249741 0.999995 0.0020018 -0.343238 -0.0376884 -0.00190626 0.999288 12.6854
0.999185 -0.000780629 0.0403636 0.0837521 0.000741467 0.999999 0.000985202 -0.349629 -0.0403643 -0.00095447 0.999185 12.8566
0.999112 0.00207615 0.0420769 0.0774618 -0.00209423 0.999998 0.000385726 -0.35728 -0.042076 -0.000473504 0.999114 13.0244
0.999061 0.0028561 0.0432288 0.096041 -0.0028191 0.999996 -0.000916676 -0.365166 -0.0432312 0.000793949 0.999065 13.1748
0.998994 0.00274844 0.0447671 0.0902328 -0.00262435 0.999993 -0.0028305 -0.371556 -0.0447745 0.00271017 0.998994 13.3229
0.998936 0.00151884 0.0460916 0.11047 -0.00132563 0.99999 -0.00422223 -0.377298 -0.0460976 0.00415664 0.998928 13.4678
0.998864 0.000428765 0.0476417 0.112135 -0.000181759 0.999987 -0.00518891 -0.382471 -0.0476433 0.00517436 0.998851 13.6115
0.998816 0.00106009 0.0486394 0.125121 -0.000733166 0.999977 -0.00673882 -0.386465 -0.0486454 0.00669518 0.998794 13.7301
0.99874 0.00185378 0.0501428 0.12387 -0.00140768 0.999959 -0.0089304 -0.390309 -0.0501573 0.00884856 0.998702 13.8633
0.998729 0.00207758 0.0503597 0.137085 -0.00151869 0.999937 -0.0111336 -0.395101 -0.0503797 0.0110429 0.998669 13.9912
0.998688 0.00137863 0.0511947 0.140366 -0.000684732 0.999908 -0.0135692 -0.398988 -0.0512087 0.0135163 0.998597 14.114
0.998702 5.4954e-05 0.0509276 0.143375 0.000730815 0.999881 -0.0154104 -0.404708 -0.0509224 0.0154276 0.998583 14.235
0.998804 -8.50631e-05 0.0489021 0.15525 0.000899453 0.999861 -0.0166317 -0.409393 -0.0488939 0.0166558 0.998665 14.3541
0.998965 -0.000498393 0.0454884 0.162646 0.00130289 0.999843 -0.0176578 -0.41242 -0.0454725 0.0176988 0.998809 14.4786
0.999128 0.00069711 0.0417396 0.157976 8.78643e-05 0.999823 -0.0188017 -0.417495 -0.0417453 0.018789 0.998952 14.6125
0.999348 0.00103712 0.0360781 0.154854 -0.000320493 0.999803 -0.0198635 -0.421952 -0.0360916 0.019839 0.999152 14.736
0.99956 0.000447683 0.0296529 0.153962 0.000167671 0.999785 -0.0207462 -0.426531 -0.0296559 0.020742 0.999345 14.8499
0.999754 0.000836375 0.0221781 0.152215 -0.000358311 0.999768 -0.021551 -0.429958 -0.0221909 0.0215378 0.999522 14.9833
0.999903 0.000524331 0.013891 0.148006 -0.000209653 0.999744 -0.0226451 -0.431567 -0.0138993 0.02264 0.999647 15.1144
0.999993 -0.00015618 0.0037239 0.13675 0.000245536 0.999712 -0.0240069 -0.436436 -0.00371908 0.0240076 0.999705 15.2498
0.999957 -0.00186566 -0.00908909 0.126023 0.00163074 0.999666 -0.0257857 -0.440083 0.00913417 0.0257698 0.999626 15.3987
0.999675 -0.00278004 -0.0253346 0.111719 0.00207912 0.999615 -0.0276509 -0.44686 0.0254018 0.0275892 0.999297 15.5485
0.998994 -0.0017269 -0.0448049 0.0836513 0.000445919 0.999591 -0.0285844 -0.4522 0.044836 0.0285357 0.998587 15.7245
0.997812 -0.00110195 -0.0661088 0.0440287 -0.000769489 0.9996 -0.0282763 -0.458264 0.0661135 0.0282653 0.997412 15.9122
0.995967 -0.000737975 -0.0897138 -0.00440127 -0.00170435 0.99963 -0.0271439 -0.464381 0.0897006 0.0271873 0.995598 16.1104
0.993161 0.000622705 -0.116755 -0.0470567 -0.00363362 0.999666 -0.0255773 -0.474487 0.1167 0.0258266 0.992831 16.342
0.989178 0.0014668 -0.146715 -0.117667 -0.0050064 0.999705 -0.0237593 -0.480652 0.146637 0.0242367 0.988893 16.5706
0.983712 0.00219703 -0.179741 -0.19232 -0.0058801 0.999784 -0.0199607 -0.491191 0.179659 0.0206925 0.983511 16.8256
0.976281 0.00311381 -0.216484 -0.286078 -0.00674441 0.999849 -0.016034 -0.49713 0.216402 0.0171137 0.976154 17.0911
0.966644 0.00446764 -0.256084 -0.394117 -0.00742959 0.999916 -0.0106 -0.507898 0.256016 0.0121491 0.966596 17.3362
0.954677 0.00909227 -0.297504 -0.532163 -0.0113401 0.999919 -0.00583063 -0.508934 0.297426 0.0089401 0.954703 17.6204
0.940574 0.0129896 -0.339342 -0.676394 -0.0142431 0.999898 -0.00120351 -0.514826 0.339291 0.00596527 0.940663 17.9136
0.923763 0.0156031 -0.382647 -0.834101 -0.0150611 0.999877 0.00441208 -0.517385 0.382669 0.00168737 0.923884 18.18
0.90463 0.0194065 -0.425756 -1.02916 -0.0157395 0.999803 0.0121296 -0.524455 0.425908 -0.00427165 0.904757 18.4886
0.88266 0.0237938 -0.469409 -1.22695 -0.0169001 0.999679 0.0188942 -0.527778 0.469707 -0.00874406 0.882779 18.7739
0.858161 0.0287657 -0.512574 -1.45524 -0.0191306 0.999527 0.0240649 -0.528213 0.513024 -0.0108457 0.858306 19.0577
0.830118 0.0328184 -0.556621 -1.70489 -0.0211907 0.999402 0.0273221 -0.527889 0.557185 -0.0108854 0.830317 19.3434
0.799705 0.0362014 -0.599301 -1.97633 -0.0236401 0.999305 0.0288189 -0.516292 0.599928 -0.00887909 0.800005 19.6033
0.765952 0.0396253 -0.641676 -2.26046 -0.0248954 0.999178 0.0319852 -0.513514 0.642416 -0.00852432 0.766309 19.883
0.729326 0.0436912 -0.682769 -2.58379 -0.0264625 0.999014 0.0356611 -0.496896 0.683654 -0.00794083 0.729763 20.1559
0.690624 0.0450973 -0.721807 -2.90873 -0.0242251 0.998936 0.0392334 -0.485382 0.722808 -0.00960967 0.690982 20.4021
0.649641 0.0454561 -0.758881 -3.28064 -0.0222627 0.99892 0.0407762 -0.474433 0.759915 -0.0095952 0.649952 20.6713
0.607286 0.0449645 -0.79321 -3.66344 -0.0176405 0.998914 0.0431195 -0.461519 0.794287 -0.0121933 0.60742 20.9222
0.563309 0.0452381 -0.825007 -4.07629 -0.0127178 0.998856 0.0460873 -0.453891 0.826149 -0.0154692 0.56324 21.1528
0.516497 0.046814 -0.855008 -4.53418 -0.0113148 0.99879 0.0478514 -0.43039 0.856214 -0.0150409 0.516402 21.3699
0.467423 0.0464414 -0.882813 -4.99018 -0.00982479 0.99883 0.0473427 -0.40499 0.883979 -0.0134556 0.467333 21.5499
0.415544 0.0459672 -0.908411 -5.47767 -0.00555408 0.998832 0.048002 -0.387178 0.909556 -0.0149016 0.415314 21.7348
0.358159 0.0456606 -0.932543 -5.98605 -0.00043649 0.998812 0.0487377 -0.368219 0.93366 -0.0170488 0.357754 21.8951
0.306268 0.0455482 -0.950855 -6.51601 0.00198568 0.998822 0.0484855 -0.355914 0.951943 -0.0167377 0.305817 22.0309
0.248676 0.0506712 -0.96726 -7.09762 0.00215138 0.998599 0.0528661 -0.312194 0.968584 -0.0152275 0.248219 22.1229
0.194494 0.056269 -0.979289 -7.67356 0.00523898 0.998279 0.0584007 -0.283 0.98089 -0.016489 0.193864 22.2068
0.145658 0.0586293 -0.987596 -8.26121 0.0112863 0.998079 0.0609162 -0.266877 0.989271 -0.0200192 0.144716 22.2753
0.0977424 0.0596004 -0.993425 -8.90295 0.0134562 0.998035 0.0612009 -0.243829 0.995121 -0.0193497 0.0967483 22.3313
0.063867 0.0583487 -0.996251 -9.53666 0.0136955 0.998144 0.0593375 -0.215309 0.997864 -0.0174338 0.0629493 22.3114
0.0296883 0.0547116 -0.998061 -10.2164 0.00968915 0.998438 0.0550205 -0.179959 0.999512 -0.0113038 0.0291118 22.3061
-0.00132344 0.0542852 -0.998525 -10.8748 0.00750552 0.998498 0.0542738 -0.140947 0.999971 -0.00742261 -0.00172888 22.2744
-0.0241566 0.0582579 -0.998009 -11.5963 0.00600063 0.998291 0.0581291 -0.106878 0.99969 -0.00458448 -0.0244649 22.2412
-0.0399404 0.0640688 -0.997146 -12.323 0.00708958 0.997935 0.0638356 -0.0670242 0.999177 -0.00451973 -0.0403122 22.1996
-0.0457908 0.0673589 -0.996678 -13.0729 0.00819661 0.997716 0.0670525 -0.0321609 0.998917 -0.00509899 -0.0462383 22.1529
-0.0470944 0.0644342 -0.99681 -13.8421 0.0072484 0.997913 0.064163 0.00131693 0.998864 -0.00420356 -0.0474631 22.1264
-0.045745 0.0600095 -0.997149 -14.6086 0.0137641 0.998137 0.0594376 0.0501358 0.998858 -0.0110059 -0.0464858 22.1158
-0.043488 0.0598424 -0.99726 -15.4165 0.0253361 0.997949 0.0587789 0.0722841 0.998733 -0.0227105 -0.044915 22.1058
-0.0397059 0.0592501 -0.997453 -16.2391 0.0268593 0.997943 0.05821 0.117327 0.99885 -0.0244796 -0.0412156 22.0718
-0.0314656 0.0564918 -0.997907 -17.1105 0.0245143 0.998145 0.0557323 0.166041 0.999204 -0.0227093 -0.0327921 22.0404
-0.0223487 0.0514359 -0.998426 -17.9666 0.0281691 0.998312 0.0507994 0.188821 0.999353 -0.0269895 -0.0237598 22.0271
-0.0176526 0.0408735 -0.999008 -18.8259 0.0248732 0.998873 0.0404284 0.210561 0.999535 -0.0241349 -0.0186493 22.0284
-0.0166677 0.0323464 -0.999338 -19.7224 0.0176812 0.99933 0.0320512 0.243991 0.999705 -0.0171353 -0.0172284 22.0064
-0.0192268 0.0300751 -0.999363 -20.6269 0.0113027 0.99949 0.0298615 0.262183 0.999751 -0.0107214 -0.0195569 21.97
-0.0201804 0.034937 -0.999186 -21.5932 0.00231262 0.999388 0.0348974 0.285433 0.999794 -0.0016065 -0.0202488 21.9204
-0.0235116 0.0428878 -0.998803 -22.5609 -0.00269833 0.999073 0.042963 0.322506 0.99972 0.00370523 -0.0233741 21.8818
-0.0267925 0.0525694 -0.998258 -23.5553 -0.00473504 0.998598 0.0527145 0.349498 0.99963 0.00613915 -0.0265061 21.8466
-0.0256413 0.0621778 -0.997736 -24.5766 -0.00612544 0.998035 0.0623539 0.401764 0.999652 0.00771041 -0.02521 21.8164
-0.0260423 0.0702438 -0.99719 -25.5832 -0.00351408 0.997516 0.0703585 0.447323 0.999655 0.00533651 -0.0257308 21.7926
-0.0267051 0.0725606 -0.997006 -26.6202 -0.00230369 0.997355 0.0726476 0.492833 0.999641 0.00423685 -0.0264673 21.7623
-0.028833 0.068948 -0.997203 -27.624 -0.00358912 0.997605 0.0690795 0.552082 0.999578 0.00557085 -0.0285165 21.7353
-0.0323142 0.0640724 -0.997422 -28.6505 -0.0114469 0.997854 0.064471 0.599484 0.999412 0.0135007 -0.0315114 21.6536
-0.0360222 0.0583805 -0.997644 -29.6813 -0.0139914 0.998165 0.0589161 0.637726 0.999253 0.0160807 -0.0351392 21.5878
-0.041372 0.0541647 -0.997675 -30.7058 -0.0119295 0.998432 0.0547005 0.678634 0.999073 0.0141648 -0.040661 21.5491
-0.0452439 0.0512226 -0.997662 -31.7623 -0.0160104 0.998519 0.0519926 0.718419 0.998848 0.0183253 -0.0443568 21.4928
-0.0513161 0.0545241 -0.997193 -32.8116 -0.0132431 0.998384 0.0552707 0.758688 0.998595 0.0160422 -0.0505111 21.4262
-0.0590535 0.0591754 -0.996499 -33.8759 -0.0158647 0.99806 0.0602082 0.796644 0.998129 0.0193646 -0.0580001 21.3528
-0.0660013 0.0622091 -0.995878 -34.9433 -0.0172817 0.997834 0.0634766 0.844172 0.99767 0.0214 -0.0647833 21.2671
-0.0701851 0.0643831 -0.995454 -35.9922 -0.0218131 0.997577 0.0660584 0.890926 0.997296 0.0263503 -0.0686106 21.1805
-0.0757321 0.0663096 -0.994921 -37.0699 -0.0250861 0.997344 0.0683806 0.940695 0.996813 0.0301373 -0.0738675 21.0837
-0.080329 0.0672709 -0.994496 -38.1364 -0.0294947 0.997123 0.069831 0.996316 0.996332 0.0349419 -0.0781138 20.9762
-0.0825332 0.0674653 -0.994302 -39.2329 -0.0301667 0.99708 0.0701578 1.04772 0.996132 0.0357851 -0.0802569 20.8925
-0.0816357 0.0664643 -0.994444 -40.3105 -0.0311879 0.997115 0.0692032 1.0995 0.996174 0.0366641 -0.0793273 20.7906
-0.0814481 0.0661507 -0.99448 -41.3832 -0.0332928 0.997058 0.0690488 1.15039 0.996121 0.0387329 -0.0790062 20.6928
-0.0840521 0.0656163 -0.994299 -42.4819 -0.0339616 0.997061 0.0686695 1.20474 0.995883 0.0395398 -0.0815766 20.5988
-0.0843426 0.0634122 -0.994417 -43.5745 -0.0389125 0.997002 0.0668775 1.25446 0.995677 0.0443359 -0.0816222 20.4843
-0.0825742 0.0584438 -0.99487 -44.6494 -0.044781 0.997053 0.0622888 1.30345 0.995578 0.0496947 -0.0797137 20.373
-0.0825568 0.0574249 -0.994931 -45.7459 -0.0482314 0.996938 0.0615429 1.35476 0.995419 0.0530677 -0.0795343 20.275
-0.0820069 0.0612901 -0.994745 -46.8432 -0.0478545 0.996714 0.0653565 1.40465 0.995482 0.0529627 -0.0788044 20.1762
-0.0819809 0.0648835 -0.99452 -47.9644 -0.046357 0.99655 0.0688374 1.46066 0.995555 0.0517463 -0.0786903 20.0663
-0.0793993 0.0650556 -0.994718 -49.0567 -0.0457946 0.996577 0.0688325 1.50954 0.99579 0.051018 -0.0761483 19.9746
-0.0789775 0.0643592 -0.994797 -50.1509 -0.0460492 0.996613 0.0681326 1.56201 0.995812 0.0511905 -0.0757464 19.8814
-0.0763578 0.0647577 -0.994975 -51.2717 -0.0488273 0.996449 0.0686008 1.6184 0.995884 0.0538202 -0.0729247 19.7799
-0.0709001 0.0650992 -0.995357 -52.374 -0.0548601 0.996103 0.0690558 1.67389 0.995974 0.0595014 -0.0670524 19.689
-0.0697232 0.065095 -0.99544 -53.5065 -0.0573944 0.995954 0.0691487 1.72959 0.995914 0.061954 -0.065705 19.5979
-0.0641197 0.0641335 -0.995879 -54.6051 -0.0601543 0.99587 0.0680059 1.78538 0.996128 0.064267 -0.059997 19.5114
-0.0551739 0.0639348 -0.996428 -55.7621 -0.0597537 0.995948 0.0672126 1.83617 0.996687 0.0632486 -0.05113 19.4242
-0.0501788 0.0640337 -0.996685 -56.8888 -0.0576533 0.996093 0.0668982 1.88855 0.997075 0.0608191 -0.046291 19.3632
-0.0415896 0.0649629 -0.997021 -57.9997 -0.0576295 0.996067 0.0673047 1.94192 0.997471 0.060257 -0.0376822 19.2965
-0.0416064 0.0662403 -0.996936 -59.1387 -0.0552581 0.99612 0.0684922 1.99115 0.997605 0.0579385 -0.0377847 19.2408
-0.0340139 0.0668311 -0.997184 -60.2958 -0.0568874 0.996015 0.0686932 2.05345 0.997801 0.0590638 -0.0300765 19.199
-0.0296116 0.0665039 -0.997347 -61.4388 -0.0559166 0.996112 0.0680817 2.1043 0.997996 0.0577842 -0.0257778 19.1603
-0.0267462 0.0628455 -0.997665 -62.5931 -0.0565276 0.99633 0.0642769 2.15698 0.998043 0.0581148 -0.0230955 19.1159
-0.01928 0.0575307 -0.998158 -63.7619 -0.0570447 0.996654 0.0585459 2.20278 0.998186 0.0580683 -0.0159337 19.0896
-0.0155782 0.0569789 -0.998254 -64.8907 -0.0586865 0.996602 0.0578004 2.24868 0.998155 0.0594844 -0.0121814 19.0574
-0.0112205 0.0593391 -0.998175 -66.0462 -0.0558488 0.996642 0.0598758 2.29921 0.998376 0.0564187 -0.00786881 19.0464
-0.00945701 0.0589217 -0.998218 -67.2142 -0.0561526 0.996656 0.0593615 2.34385 0.998377 0.0566139 -0.00611677 19.0408
-0.00837068 0.058662 -0.998243 -68.377 -0.0574912 0.996598 0.0590474 2.39402 0.998311 0.0578844 -0.00496966 19.0154
-0.0067457 0.0595428 -0.998203 -69.5522 -0.0588726 0.996471 0.0598373 2.43888 0.998243 0.0591704 -0.00321645 18.9879
-0.00601034 0.0593559 -0.998219 -70.7344 -0.059276 0.99646 0.0596083 2.48024 0.998224 0.0595286 -0.00247068 18.98
-0.00354452 0.0579492 -0.998313 -71.8982 -0.0607091 0.996466 0.0580575 2.52657 0.998149 0.0608124 -1.39511e-05 18.9672
-0.00249609 0.0569403 -0.998375 -73.055 -0.0591366 0.996622 0.0569882 2.57004 0.998247 0.0591827 0.0008796 18.9615
-0.00386069 0.0564202 -0.9984 -74.2748 -0.0550561 0.996881 0.0565473 2.61496 0.998476 0.0551863 -0.000742369 18.9349
-0.00253971 0.0571517 -0.998362 -75.4465 -0.0533431 0.996936 0.0572057 2.656 0.998573 0.053401 0.000516716 18.9326
-0.00291344 0.0595759 -0.99822 -76.6466 -0.0529632 0.996814 0.0596466 2.69979 0.998592 0.0530426 0.000251173 18.9225
-0.00124796 0.0630424 -0.99801 -77.8525 -0.054729 0.996511 0.0630161 2.74961 0.998501 0.0546988 0.00220664 18.903
-0.000615057 0.0635625 -0.997978 -79.0293 -0.0568397 0.996362 0.0634946 2.79695 0.998383 0.0567638 0.00300006 18.8941
0.00191418 0.0617265 -0.998091 -80.2177 -0.0583957 0.996397 0.0615097 2.84363 0.998292 0.0581665 0.00551184 18.8736
0.00233855 0.0592377 -0.998241 -81.3861 -0.0587485 0.996528 0.0589984 2.88904 0.99827 0.0585072 0.00581056 18.8772
0.00179934 0.0591671 -0.998247 -82.5299 -0.0564741 0.996661 0.0589713 2.93115 0.998402 0.056269 0.00513475 18.8552
0.0021198 0.0601423 -0.998188 -83.7324 -0.0559032 0.996636 0.0599301 2.97306 0.998434 0.0556748 0.00547482 18.8556
0.0022253 0.0628564 -0.99802 -84.8753 -0.0541301 0.996567 0.0626442 3.01927 0.998531 0.0538835 0.00562008 18.8356
0.00538038 0.0658586 -0.997814 -86.0708 -0.0549062 0.996343 0.0654654 3.06716 0.998477 0.054434 0.00897675 18.8533
0.00634148 0.0662051 -0.997786 -87.2319 -0.0561435 0.996256 0.0657467 3.11872 0.998403 0.0556022 0.0100347 18.8395
0.00748749 0.0643175 -0.997901 -88.3773 -0.0560943 0.996385 0.0637989 3.16415 0.998397 0.0554989 0.0110683 18.8271
0.00701296 0.0628177 -0.998 -89.5335 -0.0555174 0.99651 0.0623338 3.21129 0.998433 0.0549692 0.010476 18.8297
0.00790185 0.0633036 -0.997963 -90.6721 -0.0530489 0.996615 0.0627981 3.2561 0.998561 0.0524446 0.0112333 18.8292
0.0094282 0.0667962 -0.997722 -91.8217 -0.0512571 0.996487 0.0662291 3.30297 0.998641 0.0505159 0.0128189 18.8369
0.0101685 0.0689045 -0.997571 -92.9926 -0.0493081 0.996444 0.0683241 3.3546 0.998732 0.0484936 0.0135298 18.8376
0.0088123 0.0706716 -0.997461 -94.1409 -0.049876 0.996289 0.070148 3.40796 0.998717 0.0491312 0.0123044 18.8491
0.00801967 0.072569 -0.997331 -95.3133 -0.0518634 0.996051 0.0720588 3.46751 0.998622 0.0511471 0.0117517 18.8518
0.00610897 0.0716363 -0.997412 -96.4708 -0.0536583 0.996017 0.0712075 3.5239 0.998541 0.0530845 0.00992852 18.8527
0.00963347 0.0684742 -0.997606 -97.6044 -0.0571964 0.996057 0.0678155 3.57455 0.998317 0.0564061 0.013512 18.8268
0.0128962 0.06667 -0.997692 -98.74 -0.0589583 0.996089 0.0658009 3.62777 0.998177 0.0579736 0.0167766 18.8347
0.0134937 0.065528 -0.99776 -99.9004 -0.0593109 0.996146 0.0646199 3.67871 0.998148 0.0583061 0.0173282 18.8322
0.0113933 0.0655154 -0.997787 -101.059 -0.0579986 0.996215 0.06475 3.7278 0.998252 0.0571325 0.0151499 18.8509
0.0121545 0.067797 -0.997625 -102.227 -0.0581608 0.996058 0.0669819 3.78189 0.998233 0.0572086 0.0160497 18.8474
0.0125318 0.0702287 -0.997452 -103.366 -0.0560865 0.996009 0.0694225 3.83009 0.998347 0.0550736 0.0164206 18.8489
0.00546337 0.0689786 -0.997603 -104.542 -0.0602836 0.995826 0.0685256 3.89063 0.998166 0.0597647 0.00959885 18.8555
0.00370074 0.0698594 -0.99755 -105.701 -0.0646619 0.995486 0.0694749 3.94996 0.9979 0.0642464 0.00820128 18.8453
0.00473238 0.0695559 -0.997567 -106.854 -0.0669807 0.99536 0.0690843 4.01157 0.997743 0.0664908 0.00936933 18.8395
0.00170133 0.0655053 -0.997851 -108.054 -0.068244 0.995534 0.0652369 4.06342 0.997667 0.0679863 0.00616408 18.845
0.000939284 0.0614442 -0.99811 -109.239 -0.0698453 0.995677 0.0612287 4.11858 0.997557 0.0696558 0.00522681 18.8232
-0.00418067 0.0603241 -0.99817 -110.381 -0.065735 0.996003 0.0604684 4.16905 0.997828 0.0658675 -0.000198559 18.8282
-0.00743437 0.0596227 -0.998193 -111.586 -0.0603489 0.996375 0.0599635 4.21672 0.99815 0.0606856 -0.00380926 18.8349
-0.00813508 0.0610298 -0.998103 -112.772 -0.0604135 0.996283 0.0614109 4.26723 0.99814 0.0607984 -0.00441782 18.8106
-0.01446 0.0654123 -0.997754 -113.984 -0.0584395 0.996097 0.0661507 4.32357 0.998186 0.0592647 -0.0105809 18.8079
-0.0163534 0.0651629 -0.997741 -115.221 -0.056304 0.996231 0.0659871 4.38148 0.99828 0.0572559 -0.0126228 18.7724
-0.0186391 0.0608859 -0.997971 -116.435 -0.0580846 0.996392 0.0618745 4.43233 0.998138 0.0591201 -0.0150353 18.7473
-0.0166984 0.0571691 -0.998225 -117.658 -0.0585534 0.996595 0.0580552 4.49205 0.998145 0.0594189 -0.0132941 18.708
-0.0179441 0.0559353 -0.998273 -118.863 -0.0576128 0.996717 0.0568837 4.53644 0.998178 0.058534 -0.0146626 18.6832
-0.0207493 0.0568645 -0.998166 -120.139 -0.0591139 0.996565 0.0580021 4.58531 0.998036 0.060209 -0.0173165 18.6562
-0.0225982 0.0609949 -0.997882 -121.393 -0.0636978 0.996021 0.0623236 4.64094 0.997713 0.0649713 -0.0186231 18.6121
-0.0211967 0.064553 -0.997689 -122.648 -0.0695623 0.9954 0.0658828 4.69921 0.997352 0.070798 -0.0166088 18.5552
-0.0198551 0.0644043 -0.997726 -123.909 -0.076481 0.994901 0.0657439 4.75791 0.996873 0.0776125 -0.0148282 18.5109
-0.0185211 0.0622135 -0.997891 -125.18 -0.0806347 0.994718 0.0635123 4.81406 0.996572 0.081641 -0.0134067 18.4629
-0.0207573 0.0606751 -0.997942 -126.409 -0.0824682 0.994651 0.0621904 4.86905 0.996377 0.0835894 -0.0156425 18.4252
-0.01888 0.0607302 -0.997976 -127.694 -0.0822133 0.994679 0.0620849 4.91898 0.996436 0.083219 -0.0137867 18.3927
-0.0155691 0.05991 -0.998082 -128.917 -0.0808539 0.994859 0.0609778 4.96218 0.996604 0.0816482 -0.0106451 18.3467
-0.0156586 0.0605828 -0.99804 -130.169 -0.0810622 0.9948 0.0616579 5.01425 0.996586 0.0818688 -0.0106662 18.3508
-0.0264952 0.064425 -0.997571 -131.431 -0.0808254 0.994516 0.0663744 5.06806 0.996376 0.0823876 -0.0211427 18.3211
-0.0273887 0.0689975 -0.997241 -132.678 -0.0779886 0.994427 0.0709447 5.12608 0.996578 0.0797165 -0.0218551 18.2914
-0.026692 0.0675944 -0.997356 -133.955 -0.0801294 0.994356 0.0695356 5.18535 0.996427 0.0817735 -0.021125 18.2472
-0.0257978 0.0661261 -0.997478 -135.168 -0.0797837 0.994491 0.0679916 5.24596 0.996478 0.0813365 -0.0203798 18.2114
-0.0228912 0.0656757 -0.997579 -136.411 -0.0787948 0.994617 0.0672888 5.29918 0.996628 0.0801443 -0.0175931 18.1807
-0.0177656 0.0647813 -0.997741 -137.666 -0.080135 0.994596 0.066004 5.35575 0.996626 0.0811266 -0.0124784 18.1588
-0.0244776 0.0662093 -0.997505 -138.877 -0.0790942 0.994548 0.0679539 5.40695 0.996567 0.0805603 -0.0191074 18.1372
-0.0222411 0.0700011 -0.997299 -140.139 -0.0797382 0.994244 0.071565 5.46818 0.996568 0.0811145 -0.0165313 18.0947
-0.0191379 0.0710253 -0.997291 -141.392 -0.0816668 0.99403 0.0723602 5.52494 0.996476 0.0828304 -0.0132233 18.0635
-0.0181656 0.068636 -0.997476 -142.615 -0.0839892 0.99401 0.0699271 5.58767 0.996301 0.0850475 -0.0122921 18.0277
-0.0157734 0.0654507 -0.997731 -143.845 -0.0831535 0.994313 0.066541 5.64771 0.996412 0.0840145 -0.0102413 17.9996
-0.00997468 0.0641099 -0.997893 -145.097 -0.0807638 0.994631 0.0647076 5.69966 0.996683 0.0812391 -0.00474337 17.9624
-0.0128812 0.0635587 -0.997895 -146.302 -0.078876 0.994803 0.06438 5.74935 0.996801 0.0795392 -0.00780103 17.9553
-0.0114759 0.0634922 -0.997916 -147.55 -0.0765611 0.994997 0.0641869 5.80416 0.996999 0.0771381 -0.00655742 17.9301
-0.0100013 0.0630044 -0.997963 -148.765 -0.0742412 0.995212 0.0635747 5.84588 0.99719 0.0747258 -0.00527588 17.9185
-0.0111805 0.0627473 -0.997967 -150.009 -0.0734252 0.995283 0.0634012 5.90167 0.997238 0.0739847 -0.00652049 17.9007
-0.00986775 0.0648523 -0.997846 -151.238 -0.0715991 0.995288 0.065394 5.95343 0.997385 0.0720902 -0.00517788 17.8835
-0.00717767 0.0670522 -0.997724 -152.471 -0.0682798 0.995388 0.0673864 6.00758 0.99764 0.068608 -0.00256626 17.8672
-0.00753594 0.0657098 -0.99781 -153.724 -0.0669771 0.995565 0.0660677 6.06278 0.997726 0.0673283 -0.00310147 17.8565
-0.0052881 0.0653168 -0.997851 -154.918 -0.0681449 0.995521 0.0655254 6.11643 0.997661 0.0683449 -0.000813416 17.8539
-0.00552441 0.0699246 -0.997537 -156.152 -0.0689553 0.995151 0.0701392 6.16865 0.997604 0.069173 -0.00067595 17.8362
-0.0038229 0.076385 -0.997071 -157.389 -0.0718103 0.994483 0.0764621 6.23392 0.997411 0.0718923 0.00168342 17.8171
-0.000473471 0.0769235 -0.997037 -158.615 -0.07782 0.994011 0.076727 6.29935 0.996967 0.0776257 0.00551555 17.8014
0.004203 0.0733595 -0.997297 -159.839 -0.0810357 0.994051 0.0727792 6.36606 0.996702 0.0805107 0.0101227 17.7915
0.00270396 0.0676922 -0.997703 -161.056 -0.0851938 0.994095 0.0672165 6.42331 0.996361 0.0848163 0.00845495 17.7948
0.00392435 0.0653336 -0.997856 -162.246 -0.0865027 0.994145 0.0647504 6.48249 0.996244 0.0860632 0.00955291 17.8013
0.00514414 0.0622508 -0.998047 -163.473 -0.0812297 0.994788 0.0616288 6.52766 0.996682 0.0807541 0.0101739 17.7946
0.00721565 0.0578075 -0.998302 -164.677 -0.0786759 0.995266 0.0570631 6.57772 0.996874 0.0781305 0.0117296 17.8071
0.00924133 0.05508 -0.998439 -165.879 -0.0725776 0.995885 0.0542674 6.61358 0.99732 0.0719628 0.0132009 17.8084
0.0106134 0.056985 -0.998319 -167.087 -0.0703443 0.995944 0.0561016 6.65818 0.997466 0.0696306 0.0145789 17.8146
0.0120104 0.0632637 -0.997925 -168.332 -0.0690408 0.995667 0.0622897 6.70512 0.997542 0.0681493 0.0163262 17.8173
0.0175552 0.0664883 -0.997633 -169.559 -0.0701915 0.995407 0.0651048 6.75622 0.997379 0.0688824 0.0221415 17.8182
0.0187412 0.0641802 -0.997762 -170.798 -0.0739005 0.995297 0.0626335 6.80641 0.99709 0.0725613 0.023396 17.8281
0.018919 0.0635208 -0.997801 -171.952 -0.075058 0.995254 0.0619355 6.85758 0.997 0.0737212 0.023597 17.8401
0.0165367 0.0647503 -0.997764 -173.208 -0.0731365 0.995306 0.0633787 6.90937 0.997185 0.0719249 0.0211947 17.8613
0.0186037 0.063336 -0.997819 -174.393 -0.073669 0.995366 0.0618068 6.95294 0.997109 0.0723585 0.0231834 17.8656
0.0254472 0.0620516 -0.997749 -175.542 -0.0745433 0.995411 0.060005 6.99454 0.996893 0.0728485 0.029956 17.8737
0.0275258 0.0636179 -0.997595 -176.716 -0.0752865 0.99527 0.0613924 7.03774 0.996782 0.0734156 0.0321851 17.8999
0.0298185 0.0654981 -0.997407 -177.816 -0.0753518 0.995159 0.0630977 7.07163 0.996711 0.073275 0.0346095 17.9229
0.0296525 0.0672407 -0.997296 -178.93 -0.0763068 0.994976 0.0648154 7.10796 0.996643 0.0741786 0.0346345 17.9324
0.0238708 0.0687874 -0.997346 -179.982 -0.0765824 0.994824 0.0667805 7.14729 0.996778 0.074785 0.0290151 17.9531
0.0209038 0.0694258 -0.997368 -180.983 -0.0756331 0.994837 0.0676645 7.18092 0.996917 0.0740196 0.0260467 17.9602
0.0207471 0.0690037 -0.997401 -181.997 -0.0764158 0.994807 0.0672347 7.21726 0.99686 0.0748222 0.0259123 17.9743
0.0233274 0.0689993 -0.997344 -182.952 -0.0774008 0.994746 0.0670092 7.25231 0.996727 0.075632 0.0285454 17.9825
0.0218459 0.0692484 -0.99736 -183.896 -0.0781443 0.994664 0.0673496 7.29071 0.996703 0.0764667 0.0271407 17.9847
0.0196484 0.0681107 -0.997484 -184.851 -0.0764911 0.994855 0.0664245 7.3254 0.996877 0.0749935 0.0247572 18.0049
0.018126 0.0652052 -0.997707 -185.771 -0.0742417 0.995204 0.0636928 7.35278 0.997076 0.0729169 0.02288 18.0101
0.0126631 0.0615306 -0.998025 -186.717 -0.0745453 0.995385 0.060422 7.38718 0.997137 0.073633 0.0171915 18.0157
0.00932254 0.0588691 -0.998222 -187.613 -0.0765393 0.995379 0.0579866 7.42162 0.997023 0.0758627 0.0137853 18.0053
0.0056779 0.0579852 -0.998301 -188.53 -0.0788368 0.995236 0.0573588 7.4552 0.996871 0.0783772 0.0102222 18.0015
0.00440406 0.0585593 -0.998274 -189.479 -0.0812274 0.995006 0.0580092 7.49065 0.996686 0.0808318 0.00913869 17.9983
0.000661017 0.0601428 -0.99819 -190.355 -0.0797539 0.995013 0.0598986 7.52528 0.996814 0.0795699 0.00545435 17.9903
-0.00701441 0.0611483 -0.998104 -191.272 -0.0766064 0.995162 0.0615064 7.55462 0.997037 0.0768925 -0.00229612 17.9913
-0.00766058 0.061726 -0.998064 -192.172 -0.0751816 0.995233 0.062128 7.5888 0.99714 0.0755119 -0.0029834 17.9784
-0.00688202 0.0608328 -0.998124 -193.063 -0.0753386 0.99528 0.0611789 7.61751 0.997134 0.0756183 -0.00226647 17.968
-0.00976509 0.0595434 -0.998178 -193.996 -0.0774939 0.995178 0.0601226 7.65462 0.996945 0.0779398 -0.00510375 17.9578
-0.00793015 0.0587781 -0.99824 -194.899 -0.080728 0.994975 0.0592272 7.69296 0.996705 0.0810555 -0.00314527 17.9314
0.00272741 0.0573596 -0.99835 -195.794 -0.0834951 0.994881 0.0569321 7.72445 0.996504 0.0832021 0.00750269 17.9161
0.0119818 0.0552967 -0.998398 -196.692 -0.0845131 0.994953 0.0540917 7.75664 0.99635 0.0837296 0.0165946 17.9138
0.0197699 0.0525624 -0.998422 -197.582 -0.0849111 0.995098 0.050706 7.78818 0.996192 0.0837747 0.0241361 17.9382
0.00469976 0.0518654 -0.998643 -198.53 -0.0839486 0.995149 0.0512889 7.81916 0.996459 0.0835936 0.00903099 17.9434
0.00228077 0.0544661 -0.998513 -199.455 -0.0816353 0.995193 0.0540985 7.85147 0.99666 0.0813905 0.00671616 17.9444
0.00195036 0.0561105 -0.998423 -200.389 -0.0796644 0.99526 0.0557772 7.88295 0.99682 0.0794299 0.00641113 17.9436
-0.00147937 0.0526148 -0.998614 -201.354 -0.0748627 0.995807 0.0525778 7.91178 0.997193 0.0748367 0.00246572 17.9464
-0.00555583 0.0488208 -0.998792 -202.276 -0.0740494 0.996045 0.0490984 7.94243 0.997239 0.0742327 -0.00191871 17.9345
-0.00449405 0.0498164 -0.998748 -203.244 -0.0775158 0.995736 0.050015 7.97979 0.996981 0.0776435 -0.00061333 17.9373
-0.0117578 0.0525918 -0.998547 -204.213 -0.0766001 0.995634 0.0533404 8.0175 0.996993 0.0771159 -0.0076779 17.9284
-0.00990018 0.0529832 -0.998546 -205.166 -0.075147 0.995732 0.0535789 8.04536 0.997123 0.0755682 -0.0058764 17.9228
-0.00816271 0.053808 -0.998518 -206.143 -0.0749018 0.995713 0.0542692 8.08483 0.997158 0.0752337 -0.0040974 17.9121
-0.00630322 0.0584242 -0.998272 -207.121 -0.0744256 0.995496 0.0587317 8.12684 0.997207 0.0746672 -0.00192657 17.8985
-0.00404686 0.0628509 -0.998015 -208.142 -0.0712711 0.995467 0.0629794 8.16636 0.997449 0.0713845 0.000450939 17.8847
-0.00311673 0.0638668 -0.997954 -209.133 -0.071296 0.995405 0.0639263 8.20672 0.99745 0.0713494 0.00145105 17.8802
-0.000104801 0.0646607 -0.997907 -210.121 -0.0739157 0.995177 0.0644916 8.25213 0.997265 0.0737678 0.00467515 17.8809
0.0020715 0.0663531 -0.997794 -211.148 -0.0759739 0.994923 0.0660044 8.30497 0.997108 0.0756696 0.00710209 17.8691
0.00605167 0.0667126 -0.997754 -212.152 -0.0771896 0.994826 0.0660487 8.34764 0.996998 0.0766166 0.0111699 17.8815
0.00900277 0.0643607 -0.997886 -213.2 -0.0804238 0.99474 0.0634322 8.39966 0.99672 0.0796827 0.0141315 17.8742
0.0115822 0.0617049 -0.998027 -214.243 -0.0816247 0.994822 0.0605595 8.44512 0.996596 0.0807622 0.0165589 17.8857
0.013691 0.0607416 -0.99806 -215.245 -0.0805861 0.994973 0.0594483 8.48458 0.996654 0.0796158 0.0185171 17.8969
0.0152037 0.0629619 -0.9979 -216.309 -0.0803306 0.994866 0.0615466 8.53244 0.996652 0.0792262 0.0201834 17.9027
0.0174959 0.0660427 -0.997663 -217.358 -0.0813771 0.9946 0.0644128 8.58291 0.99653 0.0800599 0.0227757 17.9045
0.0187084 0.0662037 -0.997631 -218.424 -0.0809961 0.994626 0.0644854 8.62761 0.996539 0.0795977 0.0239701 17.9171
0.0201775 0.0635145 -0.997777 -219.487 -0.0800865 0.994876 0.0617102 8.67593 0.996584 0.0786633 0.0251608 17.9268
0.0213616 0.0609611 -0.997912 -220.562 -0.0784739 0.995162 0.0591133 8.71983 0.996687 0.0770473 0.0260421 17.9321
0.0203143 0.0597639 -0.998006 -221.639 -0.074537 0.995524 0.0580981 8.76182 0.997011 0.0732082 0.024678 17.9729
0.0213007 0.0589372 -0.998034 -222.757 -0.0756834 0.995492 0.0571717 8.81126 0.996904 0.0743169 0.0256652 17.9729
0.0211344 0.0592491 -0.99802 -223.805 -0.0750718 0.995518 0.0575109 8.84724 0.996954 0.0737076 0.0254876 18.001
0.0212056 0.0601956 -0.997961 -224.928 -0.0779178 0.995249 0.0583764 8.89567 0.996734 0.076521 0.0257951 18.0142
0.0219397 0.0624521 -0.997807 -226.073 -0.0767709 0.995205 0.0606012 8.94397 0.996807 0.0752729 0.026629 18.0128
0.0205376 0.064497 -0.997707 -227.173 -0.0778859 0.994988 0.062718 8.99179 0.996751 0.0764192 0.0254581 18.0399
0.0210024 0.0665103 -0.997565 -228.288 -0.0789228 0.994781 0.0646631 9.04451 0.996659 0.0773725 0.0261419 18.0416
0.0190712 0.0676057 -0.99753 -229.465 -0.080202 0.9946 0.0658738 9.09929 0.996596 0.0787476 0.0243903 18.0649
0.018721 0.0663457 -0.997621 -230.592 -0.0832583 0.994434 0.0645713 9.15471 0.996352 0.0818514 0.0241406 18.0679
0.0179782 0.0621118 -0.997907 -231.724 -0.0815909 0.994831 0.0604503 9.20168 0.996504 0.0803333 0.0229531 18.0747
0.0167068 0.0563203 -0.998273 -232.864 -0.0797996 0.995303 0.0548172 9.24832 0.996671 0.078746 0.0211227 18.0875
0.0155941 0.0518403 -0.998534 -234.015 -0.0755077 0.995865 0.0505226 9.28767 0.997023 0.0746092 0.019444 18.0963
0.0132988 0.051858 -0.998566 -235.197 -0.0703572 0.996228 0.0507996 9.32654 0.997433 0.0695807 0.0168972 18.1121
0.0106973 0.0555266 -0.9984 -236.399 -0.0635788 0.996475 0.0547383 9.36925 0.997919 0.0628915 0.0141899 18.1269
0.00916209 0.0578416 -0.998284 -237.574 -0.0609687 0.996501 0.0571787 9.4138 0.998098 0.0603402 0.0126566 18.135
0.00806288 0.0577657 -0.998298 -238.771 -0.0607895 0.996512 0.0571714 9.45694 0.998118 0.060225 0.0115463 18.1229
0.00462602 0.0584032 -0.998282 -240 -0.0609163 0.996456 0.058014 9.50945 0.998132 0.0605433 0.00816733 18.1276
0.00337217 0.0598369 -0.998203 -241.226 -0.0589895 0.996482 0.0595345 9.55791 0.998253 0.0586827 0.00689006 18.12
0.00128355 0.0596999 -0.998216 -242.463 -0.0579167 0.996545 0.0595255 9.6068 0.998321 0.057737 0.00473674 18.1164
-0.00142821 0.0584106 -0.998292 -243.7 -0.0583832 0.996585 0.0583942 9.65758 0.998293 0.0583669 0.00198687 18.1041
-0.00317571 0.0583211 -0.998293 -244.912 -0.0590753 0.996543 0.0584068 9.70567 0.998249 0.0591599 0.000280598 18.0912
-0.00637082 0.0590288 -0.998236 -246.182 -0.0584066 0.99653 0.0593007 9.75962 0.998273 0.0586813 -0.00290104 18.0683
-0.00882284 0.0600554 -0.998156 -247.418 -0.0589177 0.99643 0.0604724 9.80716 0.998224 0.0593426 -0.00525301 18.0565
-0.0102707 0.0609162 -0.99809 -248.647 -0.0605267 0.996275 0.0614282 9.85867 0.998114 0.061042 -0.00654538 18.0164
-0.0130754 0.0626271 -0.997951 -249.936 -0.0613911 0.996104 0.0633155 9.91404 0.998028 0.0620932 -0.00917969 17.9929
-0.0145161 0.0636111 -0.997869 -251.176 -0.0643976 0.995843 0.0644187 9.96504 0.997819 0.0651955 -0.0103593 17.964
-0.0152725 0.0634932 -0.997865 -252.404 -0.0664405 0.995712 0.064373 10.0225 0.997674 0.0672819 -0.0109884 17.9281
-0.0154094 0.0654495 -0.997737 -253.681 -0.0667973 0.995559 0.0663383 10.0753 0.997648 0.0676684 -0.0109691 17.9008
-0.0147906 0.0637852 -0.997854 -254.915 -0.0659727 0.995726 0.0646271 10.1274 0.997712 0.066787 -0.0105193 17.8689
-0.0144467 0.0627862 -0.997922 -256.179 -0.0644592 0.995892 0.0635917 10.1792 0.997816 0.065244 -0.0103402 17.8484
-0.0147776 0.0630019 -0.997904 -257.424 -0.0625535 0.996 0.063808 10.2314 0.997932 0.0633653 -0.0107775 17.8201
-0.0145341 0.0627172 -0.997926 -258.678 -0.0611571 0.996107 0.0634936 10.285 0.998022 0.061953 -0.0106419 17.7845
-0.0147719 0.0630777 -0.997899 -259.926 -0.061515 0.99606 0.0638721 10.3342 0.997997 0.0623293 -0.0108335 17.7598
-0.0137333 0.0638031 -0.997868 -261.156 -0.0601281 0.996103 0.0645178 10.3845 0.998096 0.0608859 -0.00984339 17.7278
-0.0140034 0.0648911 -0.997794 -262.414 -0.058281 0.996143 0.0656016 10.4374 0.998202 0.059071 -0.0101675 17.7037
-0.0139479 0.0675418 -0.997619 -263.664 -0.05429 0.996193 0.0682043 10.488 0.998428 0.055112 -0.010228 17.6867
-0.0126898 0.0710508 -0.997392 -264.908 -0.0503596 0.996161 0.0716038 10.5433 0.998651 0.0511369 -0.00906302 17.6579
-0.0132704 0.0731398 -0.997233 -266.165 -0.0478775 0.996131 0.0736961 10.6046 0.998765 0.048723 -0.00971729 17.6316
-0.0133968 0.0723148 -0.997292 -267.41 -0.0488835 0.996141 0.072888 10.6639 0.998715 0.0497276 -0.00981006 17.6225
-0.0128916 0.0705776 -0.997423 -268.673 -0.0522412 0.996096 0.0711589 10.7255 0.998551 0.053024 -0.00915422 17.5894
-0.0144563 0.0731459 -0.997216 -269.916 -0.0571583 0.995629 0.0738581 10.7889 0.99826 0.0580669 -0.0102122 17.5581
-0.0132553 0.0791034 -0.996778 -271.151 -0.0616039 0.994908 0.0797742 10.8658 0.998013 0.0624628 -0.00831475 17.5287
-0.0137899 0.0798334 -0.996713 -272.414 -0.0645802 0.994655 0.0805621 10.9353 0.997817 0.0654788 -0.00856054 17.4791
-0.0139322 0.0725865 -0.997265 -273.63 -0.0662854 0.995101 0.073355 11.0016 0.997703 0.0671261 -0.00905255 17.4659
-0.012829 0.0671111 -0.997663 -274.846 -0.0650176 0.995578 0.0678069 11.0555 0.997802 0.0657355 -0.00840888 17.4323
-0.0147387 0.0662264 -0.997696 -276.056 -0.0590307 0.996006 0.0669862 11.1151 0.998147 0.059882 -0.0107705 17.4219
-0.012972 0.067737 -0.997619 -277.299 -0.0546419 0.996164 0.0683487 11.1664 0.998422 0.0553984 -0.00922098 17.3989
-0.0107769 0.0695015 -0.997524 -278.509 -0.054597 0.996053 0.0699888 11.2247 0.99845 0.0552161 -0.00693975 17.3758
-0.00984503 0.072373 -0.997329 -279.756 -0.0548243 0.995838 0.072806 11.2854 0.998447 0.0553946 -0.00583625 17.3593
-0.00911701 0.0731422 -0.99728 -280.966 -0.0565263 0.995689 0.0735422 11.3503 0.998359 0.057043 -0.00494325 17.3379
-0.00899546 0.0750065 -0.997142 -282.202 -0.0562837 0.995564 0.0753955 11.4129 0.998374 0.0568011 -0.00473392 17.3222
-0.00775571 0.0740116 -0.997227 -283.44 -0.0568758 0.99561 0.0743339 11.4717 0.998351 0.0572946 -0.0035122 17.3114
-0.00671495 0.0726479 -0.997335 -284.637 -0.0571451 0.9957 0.0729135 11.5363 0.998343 0.0574824 -0.0025346 17.2833
-0.00722595 0.0713134 -0.997428 -285.87 -0.0575071 0.995773 0.0716117 11.595 0.998319 0.0578766 -0.00309439 17.2753
-0.00576908 0.0712148 -0.997444 -287.104 -0.0576089 0.995781 0.0714292 11.6567 0.998323 0.0578738 -0.00164213 17.2465
-0.00574885 0.0710498 -0.997456 -288.302 -0.0576764 0.995789 0.0712635 11.7147 0.998319 0.0579394 -0.00162674 17.2343
-0.00648577 0.0716648 -0.997408 -289.54 -0.0588936 0.99567 0.0719229 11.7744 0.998243 0.0592074 -0.00223708 17.2309
-0.00546376 0.0717709 -0.997406 -290.76 -0.058128 0.995712 0.0719674 11.8347 0.998294 0.0583704 -0.00126843 17.2071
-0.00573961 0.0703754 -0.997504 -292.005 -0.057588 0.995842 0.0705894 11.8922 0.998324 0.0578495 -0.00166296 17.1924
-0.00508085 0.0674737 -0.997708 -293.22 -0.0587807 0.995976 0.0676559 11.9517 0.998258 0.0589897 -0.00109425 17.175
-0.00564459 0.064752 -0.997886 -294.477 -0.0598368 0.996091 0.0649741 12.0094 0.998192 0.060077 -0.00174798 17.1617
-0.00607498 0.0634521 -0.997966 -295.686 -0.0618943 0.996048 0.0637068 12.0597 0.998064 0.0621554 -0.00212365 17.1397
-0.00659215 0.0638724 -0.997936 -296.921 -0.0642128 0.995871 0.0641645 12.1146 0.997914 0.0645032 -0.00246351 17.1214
-0.0062973 0.0650013 -0.997865 -298.126 -0.067233 0.9956 0.065278 12.1661 0.997718 0.0675005 -0.00189936 17.1021
-0.0076152 0.0661927 -0.997778 -299.373 -0.0704682 0.995291 0.0665655 12.2233 0.997485 0.0708185 -0.00291486 17.0877
-0.00701941 0.0658006 -0.997808 -300.573 -0.0723886 0.995181 0.0661366 12.2774 0.997352 0.0726941 -0.00222238 17.0602
-0.00745739 0.064411 -0.997896 -301.834 -0.0713197 0.995348 0.0647795 12.3323 0.997426 0.0716527 -0.00282892 17.0272
-0.00827026 0.0621982 -0.99803 -303.06 -0.0694553 0.995618 0.0626234 12.3832 0.997551 0.0698363 -0.00391402 17.0157
-0.00830671 0.0617584 -0.998057 -304.277 -0.0657447 0.995898 0.062172 12.4306 0.997802 0.0661334 -0.00421235 16.9932
-0.00928482 0.0637686 -0.997922 -305.53 -0.0630959 0.995939 0.064229 12.4866 0.997964 0.0635611 -0.00522357 16.9833
-0.0100086 0.0655973 -0.997796 -306.77 -0.0614153 0.995922 0.0660901 12.5359 0.998062 0.0619414 -0.00593907 16.9619
-0.0101881 0.0646171 -0.997858 -308.005 -0.0623991 0.995924 0.065129 12.5918 0.997999 0.062929 -0.00611449 16.9405
-0.00973224 0.0634354 -0.997939 -309.272 -0.0636438 0.995923 0.063928 12.6474 0.997925 0.0641348 -0.00565529 16.9183
