1 8.43646e-10 8.78481e-13 0 3.29294e-10 1 1.62786e-10 3.72529e-09 -1.92121e-13 5.46116e-11 1 0
0.999032 -0.000373312 0.0439891 0.046478 0.000489303 0.999996 -0.00262606 -0.0364297 -0.043988 0.00264505 0.999029 1.01276
0.996191 -0.00436136 0.08709 0.135447 0.00504891 0.999958 -0.00767594 -0.0706146 -0.0870528 0.00808641 0.996171 2.0409
0.991004 -0.00423442 0.133764 0.258647 0.00573341 0.999925 -0.010823 -0.107999 -0.133708 0.0114926 0.990954 2.98909
0.983525 -0.00314686 0.180747 0.426483 0.00569695 0.999891 -0.0135912 -0.132545 -0.180684 0.014397 0.983436 3.9968
0.97417 -0.00537909 0.225751 0.652377 0.00873901 0.999865 -0.0138866 -0.172888 -0.225646 0.0155008 0.974086 4.95824
0.962242 -0.00654238 0.272119 0.921772 0.0110013 0.999829 -0.0148635 -0.207148 -0.271975 0.0172959 0.962149 5.90676
0.948353 -0.00970122 0.317068 1.23496 0.0160293 0.999721 -0.0173556 -0.244053 -0.316811 0.0215416 0.948244 6.86987
0.933353 -0.0111636 0.358786 1.59287 0.0189942 0.999652 -0.0183077 -0.297938 -0.358457 0.0239024 0.93324 7.78488
0.915863 -0.0116377 0.401323 1.96917 0.0210584 0.999596 -0.0190709 -0.322242 -0.400939 0.0259176 0.915738 8.66817
0.896394 -0.0123632 0.443086 2.44429 0.0227057 0.999579 -0.0180445 -0.366579 -0.442676 0.0262355 0.896298 9.59239
0.874542 -0.0123243 0.484794 2.9137 0.0232419 0.999593 -0.0165156 -0.408725 -0.484393 0.0257111 0.874472 10.4411
0.849944 -0.0127462 0.526719 3.45173 0.0248358 0.999565 -0.0158877 -0.442945 -0.526288 0.0265851 0.849891 11.3093
0.824341 -0.013376 0.565935 3.9382 0.0265941 0.999532 -0.0151129 -0.478104 -0.565468 0.0275087 0.824311 12.0664
0.797974 -0.015014 0.602505 4.56241 0.0298106 0.999449 -0.0145764 -0.523512 -0.601954 0.0295927 0.797982 12.8504
0.766444 -0.0150586 0.642135 5.21147 0.0319275 0.999383 -0.0146719 -0.547222 -0.641517 0.031747 0.766451 13.6285
0.738052 -0.0177413 0.674511 5.86319 0.0364177 0.999245 -0.0135657 -0.588866 -0.67376 0.0345763 0.738141 14.3272
0.705874 -0.0171262 0.708131 6.53645 0.0368517 0.999242 -0.0125675 -0.619368 -0.707378 0.0349669 0.70597 14.9736
0.668774 -0.0165559 0.743281 7.25999 0.0392966 0.999142 -0.0131025 -0.646992 -0.742426 0.0379711 0.668851 15.67
0.635106 -0.017364 0.77223 7.97232 0.0430485 0.998989 -0.0129416 -0.684992 -0.771225 0.0414626 0.635211 16.2469
0.5973 -0.0161137 0.801856 8.7755 0.0443901 0.99893 -0.0129921 -0.716139 -0.800788 0.0433546 0.597376 16.8555
0.560291 -0.0148574 0.828163 9.55654 0.0473369 0.998779 -0.0141074 -0.751137 -0.826942 0.0471069 0.56031 17.3641
0.522337 -0.0137111 0.852629 10.3286 0.0513977 0.998559 -0.0154294 -0.780622 -0.851189 0.0518825 0.522289 17.8299
0.481772 -0.0125509 0.876207 11.2108 0.0544296 0.998395 -0.0156264 -0.808167 -0.874604 0.0552199 0.481682 18.3348
0.443219 -0.0144898 0.896296 12.0512 0.0594924 0.99814 -0.0132828 -0.836458 -0.894437 0.05921 0.443257 18.7406
0.407811 -0.0151502 0.912941 12.9395 0.063738 0.997896 -0.0119117 -0.870542 -0.910839 0.0630467 0.407918 19.1245
0.370594 -0.0132753 0.9287 13.863 0.0648158 0.99783 -0.011601 -0.896316 -0.926531 0.0644937 0.370651 19.4764
0.338005 -0.0135223 0.941047 14.7742 0.0657096 0.997796 -0.00926382 -0.914936 -0.938848 0.064967 0.338149 19.7704
0.302872 -0.0151139 0.952912 15.7237 0.0686094 0.997626 -0.00598359 -0.937213 -0.950558 0.067191 0.30319 20.0876
0.271394 -0.0150631 0.962351 16.6643 0.0691883 0.997596 -0.00389716 -0.959104 -0.959978 0.0676411 0.271784 20.3395
0.238144 -0.0124412 0.97115 17.6768 0.0663834 0.997788 -0.00349604 -0.981334 -0.968959 0.0653008 0.238443 20.5837
0.206574 -0.0106891 0.978373 18.6417 0.0666788 0.997769 -0.00317759 -0.989748 -0.976156 0.0658932 0.206825 20.7972
0.175703 -0.0104229 0.984388 19.6623 0.0685505 0.997646 -0.00167233 -1.00762 -0.982054 0.0677741 0.176004 20.9767
0.144952 -0.0109856 0.989378 20.6609 0.0700933 0.99754 0.00080701 -1.02209 -0.986953 0.0692318 0.145365 21.1152
0.114032 -0.0114366 0.993411 21.722 0.069428 0.997581 0.00351514 -1.03778 -0.991048 0.0685697 0.11455 21.2563
0.0853155 -0.0114046 0.996289 22.7694 0.0698831 0.99754 0.00543457 -1.0416 -0.9939 0.0691601 0.0859026 21.3346
0.0565861 -0.0114399 0.998332 23.842 0.0725012 0.997342 0.00731918 -1.04643 -0.995762 0.0719661 0.0572651 21.3893
0.0327362 -0.0108321 0.999405 24.9236 0.0766499 0.997024 0.00829554 -1.05335 -0.996521 0.0763328 0.033469 21.4059
0.00918916 -0.0101847 0.999906 26.0045 0.0812932 0.996646 0.00940437 -1.05445 -0.996648 0.0811991 0.00998628 21.4059
-0.0119749 -0.0107467 0.999871 27.135 0.0863463 0.996196 0.0117413 -1.06188 -0.996193 0.0864757 -0.0110014 21.4101
-0.0282148 -0.0108179 0.999543 28.2748 0.0910058 0.995761 0.0133459 -1.05735 -0.995451 0.0913408 -0.0271107 21.3416
-0.0450578 -0.0110416 0.998923 29.4065 0.0939841 0.995457 0.0152426 -1.05732 -0.994554 0.0945697 -0.0438154 21.2937
-0.0594956 -0.0114759 0.998163 30.5606 0.0962329 0.995211 0.0171779 -1.05634 -0.993579 0.0970781 -0.0581063 21.2222
-0.0729048 -0.0124329 0.997262 31.6599 0.0966012 0.995133 0.0194684 -1.04951 -0.99265 0.097756 -0.0713489 21.1373
-0.0848731 -0.0120185 0.996319 32.8173 0.0966868 0.995109 0.0202404 -1.0471 -0.99169 0.0980488 -0.0832959 21.0497
-0.0967265 -0.00946254 0.995266 34.013 0.0966541 0.99514 0.0188548 -1.03714 -0.990607 0.0980203 -0.0953417 20.9206
-0.106462 -0.00616123 0.994298 35.1772 0.0971453 0.995132 0.016568 -1.03248 -0.98956 0.0983552 -0.105345 20.8002
-0.11584 -0.00380701 0.993261 36.3868 0.0978847 0.995081 0.0152299 -1.02458 -0.988433 0.0989892 -0.114898 20.6702
-0.12453 -0.00262802 0.992213 37.5865 0.0976414 0.99511 0.0148904 -1.01456 -0.9874 0.0987354 -0.123664 20.5062
-0.128042 -0.00144876 0.991768 38.8656 0.0978035 0.995106 0.0140806 -1.00537 -0.986934 0.0988012 -0.127274 20.339
-0.135056 -0.000179671 0.990838 40.1014 0.0983359 0.995061 0.0135841 -1.00218 -0.985946 0.0992696 -0.134371 20.1809
-0.138537 0.00144686 0.990356 41.4295 0.0978864 0.995122 0.0122391 -0.993804 -0.985508 0.0986379 -0.138003 20.0031
-0.142645 0.00186801 0.989772 42.7285 0.0978599 0.995125 0.0122254 -0.987669 -0.984924 0.0986029 -0.142132 19.7974
-0.146739 0.00136589 0.989174 43.9875 0.0979879 0.995101 0.013162 -0.986717 -0.98431 0.0988585 -0.146154 19.6343
-0.149358 -0.000815918 0.988783 45.3634 0.0984815 0.995015 0.0156969 -0.975341 -0.983867 0.0997213 -0.148533 19.419
-0.151407 -0.000893863 0.988471 46.7116 0.0991567 0.994942 0.0160878 -0.96921 -0.983486 0.100449 -0.150553 19.2153
-0.154861 -0.00158401 0.987935 48.1815 0.100417 0.994794 0.0173357 -0.957713 -0.98282 0.10189 -0.153896 18.9862
-0.153673 -0.000690058 0.988122 49.6006 0.101591 0.99469 0.0164942 -0.941615 -0.982885 0.102919 -0.152787 18.7797
-0.156077 -0.000164286 0.987745 51.0172 0.10212 0.994639 0.0163018 -0.93468 -0.982452 0.103413 -0.155224 18.5389
-0.155001 0.000763971 0.987914 52.4751 0.102868 0.994576 0.0153705 -0.916744 -0.982544 0.104007 -0.154239 18.3043
-0.155064 0.00140193 0.987904 53.9546 0.101982 0.994679 0.0145958 -0.913074 -0.982626 0.103011 -0.154382 18.0845
-0.155142 0.00127302 0.987891 55.4468 0.10209 0.994666 0.0147509 -0.904865 -0.982603 0.103142 -0.154445 17.8504
-0.154474 0.00083793 0.987997 56.9547 0.102749 0.994591 0.0152214 -0.893276 -0.98264 0.103867 -0.153725 17.6106
-0.152998 0.00107609 0.988226 58.4745 0.10296 0.994575 0.0148573 -0.888478 -0.982848 0.104021 -0.152279 17.3895
-0.152534 0.00172133 0.988297 60.0574 0.102758 0.994606 0.0141274 -0.875996 -0.982942 0.10371 -0.151888 17.1334
-0.152372 0.00245935 0.98832 61.5996 0.10396 0.994489 0.013553 -0.873444 -0.98284 0.104811 -0.151788 16.9244
-0.150493 0.00205949 0.988609 63.2145 0.103307 0.994556 0.0136542 -0.861154 -0.983199 0.104185 -0.149886 16.6575
-0.15016 0.000527516 0.988662 64.857 0.105005 0.994352 0.0154178 -0.857689 -0.98307 0.10613 -0.149367 16.4147
-0.149166 -0.000809405 0.988812 66.4973 0.107529 0.994056 0.0170348 -0.845072 -0.982948 0.108867 -0.148192 16.1572
-0.150129 0.000144139 0.988666 68.0597 0.109942 0.9938 0.0165498 -0.841285 -0.982534 0.11118 -0.149215 15.9447
-0.148913 0.000773452 0.98885 69.7635 0.109448 0.993868 0.0157046 -0.837513 -0.982775 0.110567 -0.148084 15.6615
-0.148622 0.00152659 0.988893 71.4141 0.111412 0.993658 0.0152104 -0.829768 -0.982598 0.112435 -0.14785 15.4198
-0.148855 -0.000164116 0.988859 73.1653 0.109705 0.993824 0.016679 -0.827083 -0.982755 0.110965 -0.147918 15.1528
-0.148594 0.0005459 0.988898 74.7978 0.11171 0.993608 0.0162373 -0.816479 -0.982569 0.112882 -0.147706 14.9175
-0.148566 -0.000308394 0.988903 76.5202 0.112165 0.993542 0.0171607 -0.810906 -0.982521 0.113469 -0.147572 14.6512
-0.147373 -8.81363e-05 0.989081 78.2941 0.113605 0.99338 0.0170157 -0.796045 -0.982535 0.114872 -0.146387 14.3862
-0.149497 0.000829427 0.988762 80.0085 0.113665 0.993385 0.0163524 -0.790623 -0.982207 0.114832 -0.148602 14.1199
-0.150801 0.00155052 0.988563 81.8082 0.113499 0.993413 0.0157556 -0.785302 -0.982027 0.114577 -0.149984 13.8809
-0.152624 0.00263004 0.988281 83.5299 0.113776 0.993394 0.0149273 -0.776369 -0.981713 0.114721 -0.151915 13.5786
-0.15187 0.0023363 0.988398 85.367 0.112101 0.993585 0.014876 -0.775385 -0.982023 0.11306 -0.151157 13.3243
-0.154736 0.00251857 0.987953 87.1484 0.11204 0.99359 0.0150151 -0.768936 -0.981582 0.113013 -0.154027 13.0412
-0.153953 0.00125316 0.988077 89.0238 0.111308 0.993656 0.0160828 -0.767382 -0.981789 0.112457 -0.153116 12.7521
-0.156517 0.000621741 0.987675 90.7897 0.109694 0.993824 0.0167575 -0.750366 -0.981565 0.110964 -0.155619 12.4595
-0.157407 0.00142007 0.987533 92.7281 0.109232 0.993888 0.0159817 -0.744958 -0.981474 0.110385 -0.1566 12.1602
-0.159423 0.00222831 0.987208 94.5901 0.107705 0.994068 0.0151494 -0.734249 -0.981318 0.108742 -0.158717 11.8604
-0.163201 0.00293737 0.986589 96.445 0.108901 0.993939 0.0150551 -0.729095 -0.980564 0.109898 -0.162532 11.5492
-0.168859 0.00224107 0.985638 98.378 0.106358 0.9942 0.0159607 -0.723235 -0.979885 0.107526 -0.168118 11.2447
-0.173178 0.00172433 0.984889 100.263 0.105619 0.994264 0.0168308 -0.713345 -0.979211 0.106938 -0.172367 10.927
-0.178407 0.00252533 0.983954 102.121 0.104 0.994444 0.0163046 -0.708784 -0.978445 0.10524 -0.177678 10.5881
-0.182481 0.00369648 0.983202 104.086 0.104594 0.994392 0.0156739 -0.704788 -0.97763 0.105697 -0.181845 10.2085
-0.18627 0.00523431 0.982485 106.028 0.104526 0.994416 0.0145192 -0.70902 -0.976923 0.105399 -0.185777 9.8898
-0.19316 0.0059535 0.981149 107.949 0.102845 0.994596 0.0142121 -0.703206 -0.975762 0.103652 -0.192728 9.50283
-0.196867 0.00559398 0.980414 109.885 0.101491 0.994728 0.0147037 -0.700024 -0.975163 0.102398 -0.196396 9.09951
-0.203561 0.00460976 0.979052 111.811 0.0992073 0.994939 0.0159423 -0.69574 -0.974023 0.100374 -0.202988 8.72517
-0.20796 0.00452549 0.978127 113.809 0.0995436 0.994895 0.0165609 -0.695624 -0.973059 0.10081 -0.207349 8.30759
-0.213894 0.00396778 0.976849 115.759 0.0991516 0.994916 0.0176694 -0.684896 -0.971812 0.100636 -0.2132 7.87881
-0.218408 0.005228 0.975844 117.715 0.0994225 0.994901 0.0169221 -0.678073 -0.97078 0.100717 -0.217814 7.42332
-0.224446 0.006212 0.974467 119.71 0.0987708 0.994975 0.0164068 -0.669798 -0.969468 0.0999313 -0.223932 6.9695
-0.230283 0.00621098 0.973104 121.668 0.0993997 0.994899 0.0171726 -0.666772 -0.968034 0.100681 -0.229726 6.49604
-0.236334 0.00645991 0.971651 123.67 0.0990407 0.99493 0.0174749 -0.662457 -0.966611 0.100363 -0.235776 6.04438
-0.239928 0.00704865 0.970765 125.673 0.0977185 0.99507 0.0169263 -0.650883 -0.96586 0.0989228 -0.239434 5.51931
-0.246297 0.00695528 0.96917 127.67 0.0972695 0.995103 0.0175779 -0.64769 -0.964301 0.0986 -0.245768 5.04586
-0.251024 0.00646612 0.967959 129.66 0.0980034 0.995009 0.0187687 -0.640806 -0.963007 0.0995747 -0.250405 4.51516
-0.252691 0.00659424 0.967525 131.704 0.100852 0.994709 0.0195602 -0.627895 -0.962277 0.102519 -0.252019 3.96831
-0.256961 0.00683727 0.966398 133.746 0.101113 0.994677 0.0198483 -0.617652 -0.961118 0.102816 -0.256284 3.41658
-0.261252 0.00747996 0.965242 135.738 0.102052 0.99458 0.0199142 -0.60624 -0.959861 0.103708 -0.2606 2.9089
-0.265007 0.00742651 0.964218 137.788 0.101168 0.994665 0.0201442 -0.593598 -0.958924 0.102886 -0.264345 2.34727
-0.270208 0.00809341 0.962768 139.868 0.100645 0.994724 0.0198848 -0.586959 -0.957527 0.102271 -0.269597 1.79941
-0.275314 0.00810767 0.96132 141.863 0.0989214 0.994896 0.0199394 -0.574088 -0.956251 0.100585 -0.274711 1.24051
-0.280755 0.00803239 0.959746 143.973 0.0984201 0.994935 0.020464 -0.553537 -0.95472 0.100204 -0.280123 0.650703
-0.283745 0.00841021 0.958863 146.053 0.0984736 0.99493 0.0204135 -0.549658 -0.95383 0.100215 -0.283134 0.0465611
-0.288377 0.00847523 0.957479 148.094 0.0977278 0.994999 0.0206266 -0.529011 -0.952517 0.0995206 -0.287763 -0.557613
-0.29422 0.0087039 0.955698 150.227 0.0977351 0.99499 0.0210268 -0.521425 -0.950727 0.0995918 -0.293596 -1.19354
-0.296554 0.00837899 0.954979 152.26 0.0974544 0.995007 0.0215328 -0.507402 -0.950031 0.0994525 -0.29589 -1.80882
-0.302263 0.00845477 0.953187 154.34 0.0979248 0.994946 0.0222275 -0.492171 -0.948181 0.100059 -0.301563 -2.4855
-0.30721 0.00886537 0.951601 156.469 0.0986411 0.994867 0.0225763 -0.477311 -0.946516 0.100803 -0.306507 -3.16207
-0.311188 0.00991191 0.950297 158.51 0.0986402 0.994882 0.0219242 -0.457822 -0.945215 0.10056 -0.310573 -3.83135
-0.314968 0.0113699 0.949035 160.605 0.0988233 0.994886 0.0208785 -0.447222 -0.943944 0.100363 -0.31448 -4.5108
-0.319737 0.0123734 0.947426 162.733 0.0992874 0.994847 0.0205147 -0.428748 -0.94229 0.100627 -0.319318 -5.24947
-0.322818 0.0127495 0.946375 164.814 0.0987015 0.994911 0.0202648 -0.417312 -0.9413 0.0999505 -0.322434 -5.93456
-0.326452 0.0131726 0.945122 166.947 0.098773 0.994904 0.0202505 -0.402206 -0.940039 0.0999634 -0.326089 -6.65578
-0.330302 0.0133057 0.943782 169.108 0.098756 0.9949 0.020536 -0.389119 -0.938695 0.0999872 -0.329932 -7.40118
-0.334724 0.0134532 0.94222 171.139 0.10034 0.994722 0.0214429 -0.372154 -0.936959 0.10172 -0.334307 -8.13241
-0.337189 0.0138739 0.941335 173.383 0.102441 0.994495 0.0220373 -0.363535 -0.935847 0.103862 -0.336754 -8.90148
-0.339593 0.0134904 0.940476 175.454 0.103107 0.994405 0.0229667 -0.340847 -0.934904 0.104769 -0.339084 -9.66362
-0.343212 0.0129051 0.939169 177.637 0.102561 0.994442 0.0238156 -0.31935 -0.933642 0.104496 -0.342628 -10.479
-0.347468 0.0136928 0.937592 179.836 0.101983 0.994514 0.0232705 -0.304448 -0.93213 0.103704 -0.346958 -11.2641
-0.350032 0.0147872 0.936621 181.973 0.10049 0.994698 0.021851 -0.279457 -0.931332 0.10177 -0.349662 -12.0596
-0.352877 0.016089 0.935532 184.155 0.0998366 0.994792 0.0205496 -0.270217 -0.930328 0.100652 -0.352645 -12.8751
-0.356336 0.0171686 0.9342 186.285 0.0985055 0.99495 0.0192884 -0.248335 -0.929151 0.098897 -0.356228 -13.6712
-0.360141 0.0176706 0.93273 188.377 0.0968637 0.995125 0.0185479 -0.23828 -0.927855 0.0970276 -0.360097 -14.481
-0.363895 0.0184706 0.931257 190.667 0.0981063 0.995002 0.0186007 -0.227599 -0.926259 0.0981309 -0.363888 -15.3681
-0.367179 0.0174423 0.929987 192.759 0.0970497 0.995085 0.019654 -0.211805 -0.925073 0.0974715 -0.367068 -16.202
-0.371039 0.0164854 0.928471 194.983 0.0971139 0.995049 0.0211415 -0.194785 -0.923525 0.0980118 -0.370803 -17.0899
-0.377709 0.0163378 0.92578 197.149 0.0971181 0.995028 0.0220633 -0.190875 -0.920817 0.0982436 -0.377418 -17.9403
-0.378252 0.0168548 0.92555 199.312 0.0958545 0.995173 0.021051 -0.165583 -0.920727 0.0966806 -0.378041 -18.8648
-0.382831 0.0171403 0.92366 201.503 0.0953979 0.995216 0.0210716 -0.149178 -0.91888 0.0961821 -0.382635 -19.7482
-0.386847 0.0175913 0.921976 203.731 0.0955465 0.995201 0.0211014 -0.140555 -0.917181 0.0962546 -0.386671 -20.6441
-0.388949 0.0179722 0.921084 205.864 0.0960319 0.995154 0.0211343 -0.134953 -0.916241 0.0966736 -0.38879 -21.5609
-0.39286 0.0178541 0.919425 208.111 0.0974184 0.994994 0.0223042 -0.119616 -0.914424 0.0983313 -0.392632 -22.4938
-0.393159 0.0180929 0.919293 210.304 0.0990137 0.994826 0.0227662 -0.106603 -0.914124 0.0999733 -0.392916 -23.4136
-0.396522 0.0181943 0.917845 212.487 0.099854 0.994726 0.0234201 -0.0832525 -0.912579 0.100937 -0.396248 -24.3771
-0.400689 0.0186732 0.916024 214.682 0.0996439 0.99475 0.0233084 -0.0719135 -0.910779 0.100616 -0.400447 -25.3383
-0.40255 0.0192644 0.915195 216.819 0.0996091 0.994764 0.022874 -0.0518075 -0.909962 0.10037 -0.402361 -26.2755
-0.405019 0.020456 0.91408 219.083 0.0992163 0.994829 0.0216986 -0.0390267 -0.908909 0.09948 -0.404954 -27.2548
-0.408914 0.0211291 0.912328 221.254 0.0985915 0.994903 0.0211482 -0.0352881 -0.907231 0.0985956 -0.408913 -28.2308
-0.410527 0.02156 0.911594 223.446 0.0969905 0.995081 0.0201441 -0.0192827 -0.906676 0.0966856 -0.410599 -29.1874
-0.414382 0.0221104 0.909834 225.613 0.0972869 0.995053 0.0201277 -0.00760385 -0.904888 0.0968555 -0.414483 -30.2445
-0.417845 0.0220116 0.908252 227.806 0.0990722 0.994849 0.0214683 -0.00704184 -0.903101 0.0989529 -0.417873 -31.2138
-0.419644 0.0208565 0.907449 229.984 0.0990907 0.994814 0.0229594 0.011462 -0.902264 0.0995546 -0.419534 -32.2302
-0.423797 0.0208132 0.905518 232.202 0.0987227 0.994841 0.0233374 0.0257071 -0.900361 0.0992855 -0.423665 -33.2437
-0.425883 0.0200041 0.904557 234.345 0.0965756 0.995049 0.0234643 0.037469 -0.899609 0.0973512 -0.425706 -34.2388
-0.42837 0.0200883 0.90338 236.538 0.0955275 0.995157 0.0231686 0.0593686 -0.89854 0.0962224 -0.428215 -35.3056
-0.433323 0.0192654 0.901033 238.751 0.0946757 0.995213 0.0242522 0.073662 -0.896252 0.0958149 -0.433073 -36.3329
-0.435458 0.019204 0.900004 240.861 0.0940519 0.995272 0.0242694 0.0901395 -0.895282 0.0952154 -0.435206 -37.384
-0.440411 0.0186079 0.897604 243.023 0.0932324 0.995328 0.0251109 0.116283 -0.892942 0.0947448 -0.440088 -38.442
-0.445168 0.0179385 0.895267 245.235 0.0919639 0.995429 0.0257833 0.128951 -0.890712 0.0938102 -0.444783 -39.5673
-0.447817 0.017891 0.893946 247.369 0.0914597 0.995472 0.0258934 0.148486 -0.889435 0.0933556 -0.447426 -40.5477
-0.451455 0.0183923 0.892105 249.565 0.0915199 0.995469 0.0257909 0.166141 -0.887588 0.0932887 -0.451092 -41.6578
-0.455408 0.0183453 0.890094 251.708 0.0916764 0.995439 0.0263889 0.188722 -0.88555 0.0936183 -0.455013 -42.7796
-0.459233 0.0185238 0.888123 253.858 0.0914394 0.995458 0.0265192 0.210253 -0.883597 0.0933879 -0.458841 -43.8569
-0.463497 0.0183419 0.885909 256.031 0.0899903 0.995591 0.026469 0.232339 -0.881517 0.0919915 -0.463104 -45.0024
-0.465842 0.0188363 0.884668 258.094 0.0904063 0.995555 0.0264082 0.26203 -0.880238 0.0922816 -0.465474 -46.0909
-0.470813 0.0192354 0.882023 260.221 0.0911922 0.995468 0.0269679 0.290941 -0.877507 0.0931305 -0.470434 -47.2007
-0.475296 0.0209626 0.879576 262.424 0.0924917 0.995367 0.0262575 0.311592 -0.874951 0.0938336 -0.475033 -48.3813
-0.476696 0.0222784 0.878786 264.527 0.0941749 0.99522 0.0258548 0.340045 -0.874009 0.0950845 -0.476515 -49.5637
-0.479268 0.023273 0.87736 266.713 0.095711 0.995073 0.0258877 0.365711 -0.872434 0.0963802 -0.479134 -50.7161
-0.484411 0.0254235 0.874471 268.815 0.0973776 0.994933 0.0250163 0.39066 -0.869404 0.097272 -0.484432 -51.8854
-0.486194 0.0275038 0.873418 270.96 0.0993211 0.994767 0.0239627 0.412637 -0.868188 0.0983994 -0.486381 -53.079
-0.49051 0.0285766 0.870967 273.07 0.100575 0.99464 0.0240072 0.438079 -0.865612 0.0993728 -0.490755 -54.2427
-0.492606 0.0289281 0.869772 275.211 0.100332 0.994671 0.0237423 0.463743 -0.864449 0.0989618 -0.492883 -55.4384
-0.495933 0.0292973 0.867867 277.363 0.0997314 0.994739 0.0234102 0.499043 -0.862615 0.0981634 -0.496246 -56.6893
-0.501257 0.0300019 0.864778 279.531 0.0999784 0.994713 0.0234414 0.530534 -0.859503 0.0982093 -0.501607 -57.9119
-0.503816 0.0304521 0.863274 281.702 0.0996105 0.99476 0.0230435 0.554915 -0.858048 0.0976009 -0.504209 -59.1676
-0.506869 0.0305125 0.861483 283.859 0.0983626 0.994893 0.0226358 0.584399 -0.856393 0.0962111 -0.507282 -60.4256
-0.51005 0.0305392 0.859603 286.023 0.0993947 0.994767 0.0236351 0.612345 -0.854383 0.097495 -0.510416 -61.7129
-0.511513 0.0305095 0.858734 288.158 0.100567 0.994627 0.0245658 0.640713 -0.85337 0.0989256 -0.511833 -62.9918
-0.514158 0.0303238 0.85716 290.329 0.101547 0.994498 0.0257295 0.671855 -0.851663 0.100271 -0.514408 -64.2841
-0.517558 0.0298076 0.855129 292.583 0.101344 0.994494 0.0266722 0.709908 -0.849625 0.100467 -0.51773 -65.6443
-0.519287 0.0293372 0.854097 294.72 0.101022 0.994511 0.0272606 0.750879 -0.848608 0.100439 -0.5194 -66.9074
-0.521088 0.0289024 0.853013 296.971 0.101553 0.994426 0.0283428 0.793387 -0.84744 0.101395 -0.521119 -68.2906
-0.522846 0.0287639 0.851942 299.148 0.101945 0.994368 0.0289921 0.832588 -0.846309 0.102009 -0.522833 -69.6097
-0.523924 0.0296815 0.851248 301.338 0.101614 0.994434 0.0278671 0.874718 -0.845682 0.101099 -0.524023 -70.9873
-0.529027 0.0308541 0.848044 303.655 0.100591 0.994573 0.0265656 0.909257 -0.842622 0.0993596 -0.52926 -72.3616
-0.530681 0.0303433 0.847028 305.814 0.0988992 0.994749 0.0263273 0.947375 -0.841782 0.0977418 -0.530895 -73.7153
-0.535985 0.0284704 0.843747 308.102 0.0966702 0.994927 0.0278376 0.989528 -0.838674 0.0964857 -0.536019 -75.1466
-0.541328 0.0260101 0.840409 310.359 0.0941827 0.995107 0.0298675 1.03334 -0.83552 0.0953201 -0.541129 -76.5329
-0.545865 0.0252068 0.837494 312.571 0.0936554 0.995119 0.0310921 1.07473 -0.832623 0.095408 -0.545561 -77.9308
-0.550103 0.0244181 0.83474 314.773 0.0929271 0.995154 0.0321293 1.13341 -0.829911 0.0952444 -0.549706 -79.4202
-0.555988 0.0259405 0.830785 317.034 0.0949712 0.99495 0.0324914 1.18268 -0.825747 0.0969656 -0.555644 -80.8781
-0.558514 0.026642 0.829067 319.263 0.0960451 0.994839 0.0327331 1.23827 -0.823916 0.0979097 -0.55819 -82.371
-0.563317 0.0263579 0.825821 321.517 0.0963497 0.994768 0.0339728 1.28475 -0.820604 0.098705 -0.562909 -83.8637
-0.566748 0.0256501 0.823492 323.7 0.0966429 0.994685 0.0355298 1.34119 -0.818203 0.0997211 -0.566215 -85.3739
-0.571084 0.0237822 0.820547 325.902 0.0953022 0.994742 0.0374975 1.39679 -0.815341 0.0996142 -0.570348 -86.8744
-0.574726 0.0232528 0.818016 328.214 0.094278 0.994822 0.0379596 1.45421 -0.812897 0.0989372 -0.573942 -88.4805
-0.578176 0.0225347 0.815601 330.39 0.0936187 0.994849 0.0388787 1.51493 -0.810523 0.0988343 -0.577307 -90.005
-0.58206 0.0227468 0.812828 332.582 0.0946639 0.994707 0.0399516 1.57377 -0.807617 0.1002 -0.581133 -91.5561
-0.587205 0.0222462 0.809133 334.811 0.0950598 0.9946 0.0416415 1.63889 -0.803837 0.101368 -0.586149 -93.181
-0.590435 0.0205778 0.806823 337.004 0.0928103 0.994774 0.0425473 1.7102 -0.801732 0.100003 -0.589259 -94.7673
-0.594501 0.019733 0.803853 339.208 0.0925293 0.994737 0.0440125 1.78276 -0.798754 0.100545 -0.593198 -96.3484
-0.598378 0.0192045 0.800984 341.485 0.0926224 0.994668 0.0453456 1.85981 -0.795842 0.101323 -0.596967 -98.0603
-0.600665 0.0172365 0.799315 343.475 0.0897686 0.9949 0.0460047 1.92794 -0.794445 0.0993868 -0.599149 -99.5338
-0.604062 0.0160617 0.796776 345.71 0.0860454 0.995267 0.0451709 2.01765 -0.792279 0.0958449 -0.602584 -101.18
-0.606844 0.0147969 0.794684 347.917 0.0813386 0.995734 0.0435721 2.08297 -0.790648 0.0910799 -0.605458 -102.864
-0.60995 0.0121771 0.792346 349.998 0.0792675 0.995805 0.0457164 2.16395 -0.788465 0.0906921 -0.608356 -104.442
-0.612222 0.0118745 0.790597 352.305 0.08011 0.995674 0.0470809 2.24671 -0.786617 0.0921586 -0.610525 -106.194
-0.616061 0.0117593 0.787611 354.381 0.0795178 0.995709 0.0473317 2.32815 -0.783674 0.0917883 -0.614353 -107.803
-0.61932 0.00977986 0.785078 356.532 0.0761624 0.995955 0.0476749 2.40252 -0.781436 0.0893194 -0.617559 -109.495
-0.62274 0.00789213 0.782389 358.821 0.0756805 0.995868 0.050192 2.50417 -0.77876 0.0904682 -0.620764 -111.223
-0.625733 0.00511999 0.780021 360.876 0.0729503 0.99598 0.0519833 2.58253 -0.776619 0.0894304 -0.623591 -112.824
-0.627887 0.0039719 0.778295 363.063 0.0714932 0.996054 0.0525938 2.68738 -0.775014 0.0886657 -0.625693 -114.581
-0.631154 0.0033834 0.775651 365.189 0.0708083 0.996066 0.0532725 2.78907 -0.772419 0.0885456 -0.628911 -116.292
-0.634187 0.00283773 0.773175 367.391 0.0701318 0.996082 0.0538689 2.87822 -0.769993 0.0883871 -0.631901 -118.061
-0.635641 0.00262888 0.771981 369.712 0.0700317 0.996067 0.0542714 2.98569 -0.768802 0.0885602 -0.633325 -119.974
-0.638018 0.000891411 0.770021 371.79 0.0675359 0.996211 0.0548051 3.08402 -0.767054 0.0869707 -0.63566 -121.661
-0.639903 -0.00243261 0.768452 373.883 0.0579576 0.996994 0.0514184 3.1706 -0.766267 0.0774404 -0.637839 -123.387
-0.643406 -0.00120985 0.765525 376.02 0.0484375 0.997931 0.0422877 3.27696 -0.763992 0.0642882 -0.642015 -125.127
-0.647608 0.00814022 0.76193 378.023 0.0576352 0.997602 0.0383294 3.31868 -0.759791 0.0687364 -0.646524 -126.829
-0.647015 0.0111643 0.762395 380.208 0.066864 0.996872 0.0421471 3.37759 -0.75954 0.0782466 -0.645738 -128.655
-0.649135 0.0019354 0.760671 382.32 0.0663188 0.996333 0.0540597 3.47636 -0.757776 0.0855388 -0.646883 -130.482
-0.650431 -0.00716379 0.759532 384.484 0.0613748 0.99619 0.0619547 3.5815 -0.757082 0.0869134 -0.647513 -132.245
-0.654857 -0.015341 0.755597 386.528 0.053825 0.996308 0.066877 3.72234 -0.753833 0.0844649 -0.651614 -134.042
-0.655834 -0.0160501 0.754735 388.649 0.0518913 0.996451 0.0662819 3.8493 -0.753119 0.0826341 -0.652673 -135.804
-0.660919 -0.0107992 0.75038 390.649 0.0572405 0.996258 0.0647542 3.96987 -0.748271 0.0857494 -0.657828 -137.553
-0.662848 -0.00408647 0.748743 392.707 0.0624 0.996205 0.0606785 4.07589 -0.74615 0.0869422 -0.660077 -139.367
-0.666004 -0.00161202 0.745947 394.739 0.0626651 0.996342 0.0581024 4.18164 -0.743311 0.0854412 -0.663467 -141.114
-0.668362 -0.00126195 0.743836 396.833 0.0630197 0.996307 0.0583156 4.29762 -0.741162 0.0858522 -0.665814 -143.004
-0.672654 -0.00193166 0.739955 398.88 0.0635602 0.99615 0.0603797 4.40919 -0.737222 0.0876464 -0.669941 -144.791
-0.674966 -0.00232155 0.737845 400.902 0.0639255 0.996051 0.0616117 4.52294 -0.735075 0.0887529 -0.672152 -146.616
-0.675642 -0.00257737 0.737225 403.015 0.0643459 0.995972 0.0624528 4.64259 -0.734416 0.0896332 -0.672755 -148.495
-0.678784 -0.00247845 0.734334 404.932 0.0643819 0.995943 0.062873 4.76227 -0.731511 0.089955 -0.67587 -150.259
-0.678601 -0.00159528 0.734505 406.999 0.0654052 0.995894 0.0625901 4.87625 -0.731589 0.0905142 -0.67571 -152.117
-0.681897 -0.00237474 0.731445 409.076 0.0665717 0.995643 0.0652947 5.00551 -0.728413 0.0932178 -0.678768 -154.039
-0.681646 -0.00350823 0.731674 411.07 0.0678724 0.995374 0.0680042 5.13104 -0.728528 0.0960153 -0.678254 -155.876
-0.683241 -0.0036996 0.730184 413.104 0.0694062 0.995131 0.0699862 5.26758 -0.726887 0.0984967 -0.679657 -157.744
-0.684977 -0.00319954 0.728557 415.028 0.0687783 0.995241 0.0690349 5.39557 -0.725311 0.0973962 -0.681497 -159.541
-0.687254 -0.00419489 0.726406 417.1 0.0639814 0.995748 0.0662832 5.5394 -0.723594 0.0920298 -0.684063 -161.463
-0.687443 -0.00484231 0.726222 419.037 0.0609891 0.99606 0.0643739 5.65816 -0.723673 0.088545 -0.68444 -163.255
-0.689967 -0.00542551 0.723821 421.045 0.0604859 0.996042 0.0651229 5.78761 -0.721309 0.0887136 -0.686908 -165.146
-0.690267 -0.00664746 0.723524 423.024 0.0592869 0.996076 0.0657133 5.91128 -0.721122 0.0882552 -0.687164 -166.985
-0.692222 -0.00806379 0.72164 425.071 0.0558352 0.996342 0.0646924 6.04227 -0.719522 0.0850744 -0.689239 -168.907
-0.692365 -0.00916583 0.72149 427.022 0.0546162 0.996385 0.0650696 6.16448 -0.719478 0.0844569 -0.689361 -170.76
-0.694086 -0.00970176 0.719827 429 0.055984 0.996154 0.067408 6.28616 -0.717712 0.0870857 -0.690873 -172.601
-0.695338 -0.0113654 0.718593 431.099 0.0574405 0.995797 0.0713314 6.43706 -0.716383 0.0908758 -0.691763 -174.643
-0.694817 -0.0118975 0.719088 433.089 0.0624435 0.995089 0.0767999 6.58616 -0.716471 0.0982642 -0.690662 -176.554
-0.693297 -0.0129952 0.720535 434.87 0.0658839 0.994507 0.0813298 6.73823 -0.717634 0.103857 -0.688633 -178.283
-0.693358 -0.0153853 0.720429 436.936 0.0613566 0.994881 0.0802974 6.91666 -0.717977 0.0998779 -0.688864 -180.246
-0.69149 -0.0182505 0.722156 438.817 0.0521843 0.995807 0.0751347 7.06854 -0.720499 0.0896401 -0.687638 -182.029
-0.69045 -0.0193681 0.723121 440.957 0.0481196 0.996198 0.0726277 7.23893 -0.721778 0.084942 -0.686893 -184.06
-0.688058 -0.0204213 0.725368 442.87 0.0461078 0.996354 0.0717865 7.36732 -0.724189 0.0828384 -0.684608 -185.849
-0.68569 -0.0194124 0.727635 444.855 0.0482913 0.996229 0.0720856 7.51119 -0.72629 0.0845667 -0.682166 -187.675
-0.682588 -0.019742 0.730537 446.918 0.0489153 0.996159 0.0726248 7.67637 -0.729165 0.0853072 -0.679001 -189.617
-0.680669 -0.0191786 0.73234 448.938 0.0470743 0.996446 0.069848 7.8116 -0.731077 0.0820177 -0.677347 -191.45
-0.678543 -0.0241125 0.734165 450.981 0.0401894 0.996745 0.0698812 7.95865 -0.73346 0.0769231 -0.675366 -193.323
-0.678956 -0.0299632 0.733567 453 0.0326673 0.996944 0.0709564 8.10166 -0.733452 0.0721399 -0.675902 -195.138
-0.675794 -0.0345212 0.736282 454.939 0.024765 0.997275 0.0694885 8.23542 -0.736674 0.0651939 -0.673098 -196.927
-0.67906 -0.0350467 0.733245 456.889 0.022913 0.997361 0.0688904 8.36714 -0.733725 0.0635816 -0.676465 -198.674
-0.676183 -0.0353739 0.735884 458.916 0.0243512 0.997228 0.0703123 8.5063 -0.736331 0.0654637 -0.673447 -200.567
-0.675759 -0.036073 0.73624 460.876 0.026946 0.996925 0.073578 8.64227 -0.73663 0.0695596 -0.672709 -202.325
-0.673163 -0.0372425 0.738556 462.897 0.0267248 0.996853 0.074626 8.79696 -0.739011 0.0699733 -0.670049 -204.142
-0.672567 -0.038841 0.739017 464.89 0.0234415 0.997002 0.0737339 8.94681 -0.739665 0.0669146 -0.66964 -205.964
-0.671825 -0.0378682 0.739741 466.882 0.0223819 0.997198 0.0713746 9.0911 -0.740372 0.0645081 -0.669095 -207.738
-0.670907 -0.0370889 0.740613 468.81 0.0223478 0.997284 0.0701871 9.22698 -0.741205 0.0636401 -0.668256 -209.491
-0.669653 -0.035489 0.741826 470.825 0.0264375 0.997085 0.071566 9.36781 -0.742203 0.0675365 -0.666763 -211.276
-0.669278 -0.0357227 0.742153 472.784 0.0276645 0.996953 0.0729352 9.50686 -0.742497 0.0693452 -0.666251 -213.04
-0.666491 -0.0354734 0.744669 474.765 0.0285615 0.996919 0.0730527 9.6528 -0.744966 0.0699578 -0.663424 -214.845
-0.665547 -0.0367314 0.745452 476.805 0.0270954 0.996941 0.0733144 9.79215 -0.745864 0.0689925 -0.662515 -216.607
-0.66495 -0.0375844 0.745942 478.796 0.0275811 0.996816 0.0748111 9.94905 -0.746378 0.0703195 -0.661796 -218.413
-0.664755 -0.0382251 0.746083 480.861 0.0274348 0.996767 0.075513 10.0979 -0.746558 0.0706663 -0.661557 -220.195
-0.66332 -0.0380578 0.747367 482.811 0.0267665 0.99686 0.074519 10.2471 -0.747857 0.0694344 -0.660219 -221.917
-0.662793 -0.0376112 0.747857 484.772 0.0257302 0.997004 0.0729448 10.3862 -0.74836 0.0675898 -0.65984 -223.661
-0.663868 -0.0377379 0.746897 486.871 0.0264804 0.996914 0.073907 10.5373 -0.747381 0.0688427 -0.66082 -225.476
-0.662729 -0.0391598 0.747835 488.817 0.0260098 0.996826 0.075248 10.6834 -0.748407 0.0693201 -0.659607 -227.171
-0.662865 -0.0406129 0.747637 490.845 0.0246511 0.996803 0.0760041 10.8365 -0.748333 0.0688105 -0.659744 -228.973
-0.663753 -0.0408079 0.746838 492.844 0.0245917 0.99678 0.0763209 10.9895 -0.747548 0.0690243 -0.660612 -230.729
-0.662206 -0.0406031 0.748221 494.895 0.0245996 0.996815 0.075865 11.1449 -0.748918 0.0686442 -0.659097 -232.519
-0.665373 -0.0404676 0.745414 496.924 0.0247806 0.996782 0.0762338 11.2981 -0.7461 0.0691957 -0.662229 -234.299
-0.663981 -0.0410067 0.746624 498.922 0.0252184 0.996699 0.0771685 11.4477 -0.747324 0.070067 -0.660755 -236.044
-0.664439 -0.0431956 0.746093 500.978 0.0240108 0.996579 0.0790807 11.6177 -0.746957 0.0704586 -0.661129 -237.864
-0.666403 -0.0445356 0.74426 503.087 0.0225305 0.996556 0.0798062 11.784 -0.745251 0.0699517 -0.663105 -239.733
-0.664193 -0.0440268 0.746264 505.041 0.0229967 0.996589 0.0792626 11.9431 -0.747208 0.0698073 -0.660914 -241.418
-0.664759 -0.0439303 0.745766 507.063 0.0222418 0.996663 0.0785356 12.1007 -0.746727 0.0687944 -0.661563 -243.208
-0.66419 -0.0424497 0.746357 509.128 0.0244277 0.996621 0.0784222 12.271 -0.747164 0.0703191 -0.660909 -245.04
-0.663885 -0.0436799 0.746558 511.047 0.0233011 0.9966 0.0790302 12.4243 -0.747472 0.0698626 -0.66061 -246.749
-0.665369 -0.0437918 0.74523 513.098 0.0228223 0.996618 0.0789407 12.5791 -0.746166 0.0695326 -0.662119 -248.531
-0.663351 -0.0439378 0.747017 515.077 0.0225356 0.996649 0.0786322 12.742 -0.747969 0.0689953 -0.660138 -250.302
-0.663215 -0.044484 0.747106 517.141 0.0222161 0.996622 0.0790622 12.9084 -0.748099 0.069033 -0.659987 -252.089
-0.663844 -0.0448495 0.746526 519.166 0.022953 0.996508 0.0802787 13.0725 -0.747519 0.0704275 -0.660496 -253.894
-0.664 -0.0464064 0.746291 521.11 0.0231182 0.996321 0.0825229 13.2376 -0.747375 0.0720481 -0.660484 -255.588
-0.662938 -0.0472093 0.747184 523.131 0.0215841 0.99639 0.0821054 13.4033 -0.748363 0.0705581 -0.659526 -257.378
-0.664966 -0.0454689 0.745488 525.103 0.0234922 0.996378 0.081726 13.5683 -0.746504 0.0718582 -0.66149 -259.133
-0.661735 -0.0450613 0.748382 527.133 0.0251525 0.996296 0.082229 13.7456 -0.749316 0.0732375 -0.658151 -260.91
-0.663081 -0.0462887 0.747115 529.088 0.0239399 0.996264 0.0829724 13.9085 -0.748165 0.0729033 -0.659496 -262.66
-0.663142 -0.047002 0.747017 531.136 0.0228156 0.996293 0.0829401 14.0869 -0.748146 0.0720447 -0.659611 -264.454
-0.662806 -0.0465254 0.747344 533.133 0.0233759 0.996296 0.0827553 14.2547 -0.748426 0.0723206 -0.659263 -266.196
-0.661669 -0.0480025 0.748258 535.161 0.0226628 0.996212 0.0839495 14.4272 -0.749454 0.0725044 -0.658075 -267.968
-0.663546 -0.0494121 0.746502 537.171 0.0225572 0.996042 0.0859801 14.6083 -0.747795 0.0738907 -0.659805 -269.777
-0.662306 -0.0507758 0.747511 539.172 0.021418 0.99601 0.0866321 14.7842 -0.748928 0.0733871 -0.658576 -271.506
-0.664187 -0.0503174 0.745872 541.173 0.0197838 0.9962 0.084822 14.9607 -0.747305 0.0710938 -0.660667 -273.265
-0.665662 -0.0480715 0.744704 543.144 0.019893 0.996425 0.082102 15.1366 -0.745988 0.0694665 -0.662326 -274.984
-0.663774 -0.0487299 0.746344 545.148 0.019158 0.99644 0.0820975 15.304 -0.747688 0.0687926 -0.660478 -276.771
-0.664618 -0.0496657 0.745531 547.197 0.020465 0.996204 0.0846089 15.4832 -0.746903 0.0714898 -0.661079 -278.58
-0.664367 -0.050697 0.745686 549.124 0.021379 0.996 0.0867627 15.6544 -0.747101 0.0735842 -0.660625 -280.288
-0.665447 -0.0504602 0.744737 551.265 0.0212794 0.996025 0.0865002 15.8429 -0.746141 0.0734089 -0.661728 -282.157
-0.665637 -0.0492257 0.744651 553.214 0.021601 0.996133 0.0851591 16.0219 -0.745964 0.0727702 -0.661999 -283.872
-0.665741 -0.0490543 0.744569 555.248 0.0224758 0.996066 0.0857199 16.208 -0.745844 0.073802 -0.662019 -285.699
-0.665626 -0.0486296 0.7447 557.183 0.0235671 0.996007 0.0861049 16.376 -0.745914 0.074864 -0.661822 -287.382
-0.666231 -0.049137 0.744125 559.259 0.0245744 0.995838 0.0877605 16.5666 -0.745341 0.0767552 -0.662251 -289.22
-0.664735 -0.0498879 0.745412 561.299 0.0242691 0.995799 0.0882878 16.7514 -0.746685 0.0767785 -0.660732 -291.028
-0.665489 -0.0495005 0.744764 563.247 0.0247869 0.995783 0.0883329 16.9315 -0.745996 0.077245 -0.661456 -292.763
-0.665355 -0.0505912 0.744811 565.332 0.0238198 0.995754 0.0889151 17.121 -0.746147 0.0769013 -0.661325 -294.591
-0.663149 -0.0502537 0.746798 567.24 0.0261097 0.995583 0.0901801 17.3014 -0.748032 0.0793016 -0.658908 -296.262
-0.665896 -0.0520249 0.744228 569.262 0.0235148 0.995606 0.0906371 17.4953 -0.745674 0.0778553 -0.661747 -298.075
-0.664072 -0.0530797 0.745782 571.08 0.0230294 0.995551 0.0913628 17.6722 -0.747314 0.0778464 -0.659895 -299.704
-0.663267 -0.0529987 0.746504 573.156 0.0225856 0.995617 0.090752 17.8722 -0.748042 0.0770531 -0.659163 -301.536
-0.661394 -0.0516383 0.748259 575.08 0.0235453 0.995706 0.089527 18.0515 -0.749669 0.0768306 -0.657338 -303.241
-0.662076 -0.0514109 0.747671 577.188 0.024074 0.995671 0.0897816 18.2463 -0.74905 0.0774416 -0.657972 -305.062
-0.662426 -0.0517283 0.747339 579.23 0.0245678 0.995576 0.0906869 18.435 -0.748724 0.0784339 -0.658225 -306.845
-0.662063 -0.052502 0.747607 581.22 0.0251187 0.995428 0.0921503 18.6249 -0.749027 0.0797882 -0.657718 -308.573
-0.66065 -0.0513591 0.748935 583.088 0.0258766 0.995506 0.0910944 18.8018 -0.750248 0.0795614 -0.656353 -310.215
-0.659185 -0.0523547 0.750156 585.11 0.0244089 0.995558 0.0909305 19.005 -0.751584 0.0782505 -0.654979 -312.056
-0.660178 -0.0528315 0.749249 587.197 0.0240088 0.995529 0.0913519 19.1968 -0.750726 0.078297 -0.655958 -313.803
-0.65904 -0.0535589 0.750198 589.218 0.0232804 0.995531 0.0915256 19.3901 -0.751747 0.077784 -0.654848 -315.594
-0.659074 -0.054131 0.750127 591.177 0.0230438 0.995485 0.0920833 19.5783 -0.751725 0.0779755 -0.654851 -317.265
-0.657732 -0.0552672 0.751222 593.101 0.0216666 0.995504 0.0922091 19.7673 -0.75294 0.0769253 -0.653577 -318.98
-0.656794 -0.0564646 0.751954 595.081 0.0202014 0.995517 0.0923989 19.9643 -0.7538 0.0758775 -0.652709 -320.695
-0.656745 -0.0559897 0.752032 597.033 0.019385 0.995657 0.0910567 20.1544 -0.753864 0.0743792 -0.652807 -322.44
-0.65725 -0.0562123 0.751574 599.158 0.0200943 0.995553 0.0920326 20.3493 -0.753405 0.0755908 -0.653197 -324.18
-0.65802 -0.0574162 0.750808 601.118 0.0203885 0.995365 0.0939868 20.5488 -0.752724 0.0771531 -0.653799 -325.917
-0.656983 -0.0583648 0.751643 603.007 0.0198499 0.995314 0.0946358 20.7385 -0.753644 0.0770941 -0.652746 -327.576
-0.657202 -0.0587555 0.751421 605.084 0.0179608 0.995453 0.0935457 20.9453 -0.753501 0.0749745 -0.653158 -329.378
-0.65798 -0.0572877 0.750854 607.107 0.0178421 0.995636 0.091599 21.1398 -0.752824 0.0736671 -0.654086 -331.124
-0.65587 -0.056479 0.752759 609.01 0.0182664 0.995718 0.0906234 21.3224 -0.754653 0.0731873 -0.652029 -332.761
-0.657582 -0.0560736 0.751294 611.122 0.0185788 0.995716 0.0905777 21.5277 -0.753154 0.0735204 -0.653723 -334.604
-0.656633 -0.0567142 0.752075 613.082 0.0196114 0.995548 0.0921971 21.7138 -0.753956 0.0752889 -0.652597 -336.257
-0.657057 -0.0576622 0.751633 615.09 0.0193029 0.995456 0.0932414 21.9061 -0.753594 0.0757736 -0.652959 -338.036
-0.658473 -0.0577403 0.750387 617.123 0.0199868 0.995359 0.094129 22.1113 -0.752339 0.0769791 -0.654263 -339.797
-0.654517 -0.0579292 0.753825 618.988 0.0193048 0.995455 0.0932593 22.2949 -0.755801 0.0755922 -0.650424 -341.447
-0.655664 -0.058438 0.752788 621.064 0.0184704 0.995461 0.0933636 22.4992 -0.754827 0.0751194 -0.651608 -343.198
-0.655609 -0.0578097 0.752885 623.055 0.0191874 0.995468 0.0931446 22.6945 -0.754857 0.0755124 -0.651528 -344.89
-0.653712 -0.0589219 0.754446 625.041 0.0189165 0.99538 0.0941294 22.8902 -0.756507 0.075805 -0.649577 -346.621
-0.654042 -0.0597881 0.754092 627.083 0.018046 0.995355 0.0945683 23.0894 -0.756243 0.07546 -0.649925 -348.357
-0.652186 -0.0601535 0.755668 629.045 0.0182143 0.995315 0.0949501 23.2948 -0.75784 0.0756891 -0.648036 -350.11
-0.652278 -0.0597771 0.755619 631.111 0.017426 0.995439 0.093792 23.4899 -0.75778 0.0743459 -0.648261 -351.819
-0.651721 -0.0590325 0.756158 633.093 0.0186305 0.99542 0.0937687 23.6867 -0.75823 0.0751987 -0.647637 -353.509
-0.651986 -0.0603259 0.755828 635.148 0.0185466 0.995263 0.0954348 23.8903 -0.758004 0.0762402 -0.647778 -355.257
-0.649794 -0.0605056 0.757699 637.152 0.0192288 0.995199 0.0959615 24.0873 -0.759867 0.0769248 -0.645511 -356.933
-0.649614 -0.0600154 0.757892 639.134 0.0184757 0.995339 0.0946543 24.2918 -0.76004 0.0754914 -0.645477 -358.694
-0.649957 -0.0581003 0.757747 641.214 0.0198529 0.995435 0.0933538 24.4909 -0.759712 0.0757194 -0.645836 -360.385
-0.648031 -0.058639 0.759353 643.221 0.0197175 0.995406 0.0936944 24.6845 -0.761359 0.0756894 -0.643897 -362.116
-0.64795 -0.0590995 0.759387 645.198 0.0214335 0.995176 0.095738 24.8853 -0.761382 0.0783097 -0.643557 -363.777
-0.647614 -0.0599129 0.75961 647.268 0.0207327 0.995149 0.0961664 25.0886 -0.761687 0.0780274 -0.64323 -365.553
-0.64789 -0.0607448 0.759308 649.292 0.0200107 0.995114 0.0966837 25.2858 -0.761472 0.0778347 -0.643508 -367.232
-0.646541 -0.0612372 0.760417 651.321 0.0202764 0.995042 0.0973717 25.502 -0.762609 0.0783733 -0.642094 -368.967
