1 8.43646e-10 8.78481e-13 0 3.29294e-10 1 1.62786e-10 3.72529e-09 -1.92121e-13 5.46116e-11 1 0
0.999998 -0.00200948 -0.000876386 -0.0029069 0.00201211 0.999994 0.00301345 -0.0411848 0.000870325 -0.0030152 0.999995 1.53107
0.999997 -0.0018097 -0.00158189 0.00116311 0.0018163 0.99999 0.00418221 -0.0773548 0.00157431 -0.00418507 0.99999 3.08319
0.999996 -0.000508582 -0.0029315 -0.0235525 0.000521325 0.999991 0.0043477 -0.102251 0.00292926 -0.00434921 0.999986 4.60297
0.999992 0.000110956 -0.00401402 -0.0216343 -9.43976e-05 0.999992 0.00412464 -0.127741 0.00401444 -0.00412423 0.999984 6.13908
0.99998 0.000202027 -0.0063472 -0.0494459 -0.000172866 0.99999 0.00459448 -0.154386 0.00634806 -0.00459329 0.999969 7.6647
0.999972 -0.000200507 -0.00743911 -0.066291 0.000236992 0.999988 0.00490381 -0.178173 0.00743804 -0.00490543 0.99996 9.17883
0.999967 -0.00169521 -0.00800843 -0.0838773 0.00173163 0.999988 0.0045423 -0.204594 0.00800063 -0.00455602 0.999958 10.6962
0.999941 -0.00269752 -0.0105277 -0.103123 0.00274763 0.999985 0.00474874 -0.226103 0.0105147 -0.00477739 0.999933 12.1842
0.999934 -0.00263865 -0.0112095 -0.121783 0.00269335 0.999985 0.00486746 -0.254349 0.0111965 -0.00489733 0.999925 13.6657
0.999923 -0.00189034 -0.0122816 -0.125317 0.0019513 0.999986 0.004953 -0.278906 0.0122721 -0.00497658 0.999912 15.185
0.999899 -0.00102484 -0.0141794 -0.163645 0.00110575 0.999983 0.00569943 -0.304628 0.0141733 -0.00571453 0.999883 16.6713
0.999903 0.00105375 -0.0139221 -0.176285 -0.000967573 0.99998 0.00619492 -0.325417 0.0139284 -0.00618085 0.999884 18.134
0.999902 0.00164596 -0.0138923 -0.213713 -0.0015509 0.999975 0.00685014 -0.348529 0.0139032 -0.00682792 0.99988 19.6632
0.999883 0.00226587 -0.0151393 -0.236486 -0.00215822 0.999972 0.00712327 -0.3721 0.015155 -0.00708976 0.99986 21.1417
0.999871 0.00271589 -0.0158321 -0.274405 -0.00259952 0.99997 0.0073662 -0.391359 0.0158517 -0.0073241 0.999848 22.6044
0.999872 0.00406948 -0.0154551 -0.305496 -0.00394469 0.99996 0.00809585 -0.411456 0.0154874 -0.00803385 0.999848 24.0553
0.999867 0.00409517 -0.0157875 -0.335658 -0.00395499 0.999953 0.00889993 -0.431737 0.0158232 -0.00883631 0.999836 25.4947
0.999872 0.00467088 -0.0153198 -0.366183 -0.00454626 0.999956 0.00815964 -0.451961 0.0153572 -0.00808895 0.999849 26.9666
0.999877 0.00491224 -0.0149219 -0.397558 -0.00482083 0.999969 0.00615614 -0.471457 0.0149517 -0.00608345 0.99987 28.3781
0.999889 0.00358374 -0.0144926 -0.432417 -0.00349552 0.999975 0.00610766 -0.493796 0.0145142 -0.00605632 0.999876 29.8098
0.999895 0.00226181 -0.0143 -0.444847 -0.00214019 0.999962 0.00851445 -0.512855 0.0143187 -0.00848295 0.999862 31.2422
0.999886 0.000460354 -0.015103 -0.486313 -0.000309491 0.99995 0.00998973 -0.532832 0.0151068 -0.00998392 0.999836 32.7053
0.999897 -0.000264158 -0.0143343 -0.511654 0.00039995 0.999955 0.00947118 -0.553878 0.0143311 -0.00947594 0.999853 34.1238
0.999911 0.000126316 -0.0133647 -0.546402 -1.74132e-05 0.999967 0.00814813 -0.571764 0.0133653 -0.00814717 0.999878 35.5068
0.999911 0.000534975 -0.0133623 -0.571855 -0.000441522 0.999976 0.00699564 -0.591374 0.0133657 -0.00698912 0.999886 36.91
0.999929 0.00122312 -0.0118223 -0.597255 -0.0011466 0.999978 0.00647677 -0.616908 0.0118299 -0.00646276 0.999909 38.2776
0.999928 0.0019652 -0.0118772 -0.630497 -0.00187808 0.999971 0.00734176 -0.636613 0.0118913 -0.00731892 0.999903 39.6174
0.999949 0.00209858 -0.00992357 -0.64128 -0.00200582 0.999954 0.00934837 -0.659103 0.00994274 -0.00932799 0.999907 40.9148
0.999967 0.00151827 -0.00800474 -0.673354 -0.00143322 0.999943 0.0106193 -0.684412 0.0080204 -0.0106075 0.999912 42.2498
0.999983 0.00191593 -0.00561016 -0.685811 -0.001853 0.999936 0.0112009 -0.699748 0.00563126 -0.0111903 0.999922 43.5314
0.999996 0.00150444 -0.0024664 -0.691458 -0.00147761 0.99994 0.0108431 -0.717857 0.00248257 -0.0108394 0.999938 44.8085
0.999999 0.00095254 0.0012792 -0.705934 -0.000964297 0.999957 0.00922199 -0.738882 -0.00127036 -0.00922322 0.999957 46.0472
0.999978 0.0011178 0.00648727 -0.696838 -0.00116737 0.99997 0.00764182 -0.7581 -0.00647853 -0.00764922 0.99995 47.3117
0.99996 0.00136369 0.00886547 -0.696511 -0.00143258 0.999969 0.00776886 -0.776014 -0.0088546 -0.00778125 0.999931 48.5062
0.999899 0.00153486 0.0141308 -0.685374 -0.00164864 0.999966 0.00804337 -0.798637 -0.014118 -0.00806586 0.999868 49.7257
0.999777 0.00328821 0.0208894 -0.664264 -0.00343727 0.999969 0.00710398 -0.81852 -0.0208654 -0.0071742 0.999757 50.9595
0.999559 0.00500039 0.0292694 -0.639128 -0.00521671 0.99996 0.00731911 -0.835136 -0.0292316 -0.00746858 0.999545 52.1501
0.99928 0.00563683 0.0375137 -0.610507 -0.0059536 0.999948 0.0083379 -0.852082 -0.0374648 -0.00855524 0.999261 53.2784
0.998847 0.00775453 0.0473776 -0.556008 -0.00816972 0.99993 0.00857623 -0.870194 -0.0473078 -0.0089534 0.99884 54.4413
0.998108 0.0103767 0.0606107 -0.497949 -0.010927 0.999902 0.00875647 -0.889657 -0.0605139 -0.00940219 0.998123 55.6121
0.99711 0.0123341 0.0749603 -0.436013 -0.0130589 0.999873 0.00918764 -0.907027 -0.0748374 -0.01014 0.997144 56.7219
0.995635 0.0141249 0.0922569 -0.347132 -0.0151185 0.999835 0.0100794 -0.921795 -0.0920993 -0.0114302 0.995684 57.8808
0.993949 0.014494 0.108883 -0.229081 -0.0157903 0.999814 0.0110522 -0.937329 -0.108702 -0.0127046 0.993993 58.9945
0.991703 0.0139474 0.127789 -0.101405 -0.0154351 0.999824 0.0106592 -0.956455 -0.127618 -0.0125432 0.991744 60.0911
0.988656 0.0130755 0.14963 0.0556917 -0.0146914 0.999845 0.00969938 -0.96853 -0.14948 -0.0117876 0.988695 61.1696
0.985385 0.0101184 0.17004 0.237395 -0.011888 0.999885 0.0093924 -0.97978 -0.169926 -0.0112766 0.985392 62.2418
0.981248 0.00484335 0.192691 0.443018 -0.00716743 0.99991 0.0113659 -0.996862 -0.192619 -0.0125339 0.981194 63.3103
0.976735 -0.00078164 0.214448 0.657494 -0.00196962 0.999919 0.0126155 -1.00691 -0.21444 -0.0127444 0.976654 64.3108
0.97131 -0.00628259 0.237734 0.912207 0.00348551 0.99992 0.0121841 -1.01995 -0.237792 -0.0110059 0.971254 65.3328
0.964554 -0.0118593 0.26362 1.1884 0.00930582 0.999897 0.0109328 -1.0381 -0.263722 -0.00809207 0.964565 66.3397
0.956902 -0.0154899 0.29 1.49187 0.0126677 0.999852 0.0116065 -1.04784 -0.290137 -0.00743261 0.956956 67.321
0.947813 -0.0187957 0.318273 1.81263 0.0152431 0.999791 0.0136489 -1.05589 -0.318462 -0.00808515 0.947901 68.2721
0.938662 -0.0239637 0.344006 2.14526 0.0195795 0.999677 0.0162134 -1.06191 -0.344283 -0.00848345 0.938828 69.2009
0.927409 -0.0273343 0.373049 2.51361 0.0229025 0.999605 0.0163076 -1.07485 -0.373347 -0.00658013 0.927669 70.1132
0.914906 -0.0271646 0.402752 2.92315 0.0242621 0.99963 0.0123078 -1.07964 -0.402938 -0.0014889 0.915226 71.0353
0.902446 -0.0274037 0.42993 3.32792 0.0267998 0.999613 0.00746109 -1.09387 -0.429968 0.00478881 0.902831 71.8748
0.888075 -0.0293739 0.45876 3.78458 0.0303246 0.999526 0.0052957 -1.10665 -0.458698 0.00920873 0.888544 72.723
0.87145 -0.0305693 0.489531 4.24753 0.0304531 0.999503 0.00820325 -1.12145 -0.489538 0.00775901 0.871947 73.6
0.853871 -0.0300017 0.519619 4.74826 0.026922 0.999547 0.0134718 -1.1264 -0.519788 0.00248603 0.854292 74.3788
0.834097 -0.0305874 0.550769 5.274 0.0258901 0.999532 0.0163013 -1.12858 -0.55101 0.000662627 0.834499 75.191
0.812859 -0.0249183 0.581928 5.82518 0.0217042 0.999686 0.0124896 -1.14328 -0.582057 0.00247796 0.813145 75.9816
0.791547 -0.0179102 0.610846 6.3739 0.0179048 0.999821 0.00611369 -1.15351 -0.610846 0.00609781 0.791726 76.7124
0.769525 -0.0150845 0.638438 6.95174 0.0162263 0.99986 0.0040659 -1.1628 -0.63841 0.0072307 0.769662 77.3939
0.744608 -0.0183879 0.66725 7.55757 0.0186264 0.999804 0.00676658 -1.17542 -0.667243 0.00738998 0.744804 78.0832
0.719554 -0.0190395 0.694176 8.19001 0.0195317 0.999784 0.00717577 -1.18351 -0.694162 0.00839506 0.71977 78.7538
0.693972 -0.0176595 0.719785 8.84999 0.0202227 0.999783 0.00503158 -1.20645 -0.719718 0.0110642 0.694179 79.3855
0.668255 -0.0148675 0.743784 9.53144 0.0191234 0.999813 0.00280381 -1.21931 -0.743687 0.01235 0.668414 79.9807
0.640532 -0.0126317 0.767828 10.2392 0.0178072 0.99984 0.00159357 -1.22797 -0.767725 0.0126521 0.640655 80.5726
0.612542 -0.0116054 0.790353 10.9346 0.0188028 0.999823 0.000108557 -1.24312 -0.790214 0.0147944 0.612652 81.1418
0.583026 -0.0057667 0.812433 11.6698 0.0177578 0.999826 -0.00564668 -1.2634 -0.812259 0.0177192 0.583027 81.6657
0.554656 0.00340901 0.832073 12.4192 0.0160081 0.999763 -0.014767 -1.2858 -0.831926 0.0215105 0.55447 82.1636
0.524823 0.0115984 0.851132 13.1929 0.0144966 0.99964 -0.022561 -1.3176 -0.851088 0.0241791 0.524466 82.6404
0.49339 0.0162355 0.869657 14.002 0.0124382 0.999592 -0.025718 -1.34821 -0.869719 0.0235059 0.492987 83.0875
0.460136 0.0164402 0.887696 14.8254 0.00996803 0.99967 -0.0236809 -1.38084 -0.887792 0.019745 0.459821 83.5256
0.425481 0.0148303 0.904846 15.6505 0.00682181 0.999785 -0.0195941 -1.41429 -0.904941 0.0145096 0.425289 83.9458
0.389735 0.0155727 0.920796 16.5153 0.00235069 0.999837 -0.0179044 -1.4476 -0.920924 0.00914248 0.389634 84.3146
0.355817 0.0180616 0.934381 17.3744 -0.0044632 0.999835 -0.0176272 -1.48205 -0.934545 0.00210173 0.355839 84.6533
0.319795 0.0205277 0.947264 18.2944 -0.0101535 0.999782 -0.0182379 -1.50961 -0.947432 -0.00378562 0.319934 84.96
0.282963 0.0198504 0.958925 19.1905 -0.01254 0.999777 -0.0169957 -1.53955 -0.959049 -0.0072158 0.283149 85.247
0.247162 0.0190618 0.968787 20.0866 -0.0129559 0.999782 -0.0163663 -1.56836 -0.968888 -0.00850633 0.247355 85.4798
0.21022 0.018139 0.977486 21.0382 -0.0123002 0.999798 -0.0159078 -1.60354 -0.977577 -0.0086791 0.210401 85.6855
0.174501 0.017482 0.984502 21.9779 -0.0100579 0.999822 -0.0159713 -1.62856 -0.984606 -0.007115 0.174646 85.8571
0.139934 0.015961 0.990032 22.9151 -0.00227343 0.999873 -0.0157983 -1.66156 -0.990158 -4.00518e-05 0.139953 85.9776
0.105192 0.0190677 0.994269 23.9085 0.000405128 0.999815 -0.0192169 -1.70087 -0.994452 0.00242427 0.105165 86.0661
0.071803 0.0249268 0.997108 24.8677 0.000811131 0.999686 -0.0250496 -1.72299 -0.997418 0.00260742 0.0717602 86.1261
0.0438419 0.0274204 0.998662 25.8711 0.00633813 0.999596 -0.0277243 -1.77603 -0.999018 0.00754514 0.0436504 86.1711
0.0157424 0.0266625 0.999521 26.8241 0.00956729 0.999595 -0.0268152 -1.81316 -0.99983 0.00998484 0.0154809 86.1832
-0.00483476 0.0236343 0.999709 27.8055 0.0111876 0.999659 -0.023579 -1.84339 -0.999926 0.0110703 -0.00509752 86.1718
-0.024186 0.0216811 0.999472 28.7737 0.0130921 0.999686 -0.0213689 -1.8781 -0.999622 0.0125684 -0.0244622 86.1775
-0.0414203 0.0238082 0.998858 29.796 0.0138571 0.999634 -0.023252 -1.92437 -0.999046 0.0128781 -0.041735 86.1212
-0.0557399 0.0288366 0.998029 30.7571 0.0170237 0.999465 -0.0279273 -1.95741 -0.9983 0.0154335 -0.056201 86.0624
-0.0673731 0.033082 0.997179 31.7639 0.0200689 0.999293 -0.0317962 -2.00471 -0.997526 0.0178701 -0.0679894 85.9674
-0.078688 0.0375493 0.996192 32.7401 0.0271378 0.999001 -0.0355115 -2.04849 -0.99653 0.0242401 -0.0796284 85.8957
-0.0840234 0.0422779 0.995567 33.7382 0.0300113 0.998754 -0.0398804 -2.10176 -0.996012 0.0265273 -0.0851875 85.7862
-0.0881684 0.047335 0.99498 34.7483 0.0320391 0.998488 -0.0446628 -2.15525 -0.99559 0.0279404 -0.0895517 85.7098
-0.090841 0.0510623 0.994556 35.7385 0.0338271 0.998267 -0.0481631 -2.21733 -0.995291 0.0292677 -0.0924108 85.6043
-0.0935564 0.054229 0.994136 36.7582 0.034594 0.99809 -0.051189 -2.28058 -0.995013 0.0296021 -0.0952537 85.498
-0.0963554 0.0575666 0.993681 37.7595 0.0355073 0.99789 -0.0543673 -2.34684 -0.994713 0.0300443 -0.098196 85.4162
-0.0981972 0.061208 0.993283 38.7755 0.0364467 0.997658 -0.0578744 -2.41859 -0.994499 0.0305187 -0.100198 85.3037
-0.100299 0.0622486 0.993008 39.7637 0.0388446 0.997525 -0.0586083 -2.49057 -0.994199 0.0326946 -0.102469 85.1838
-0.102683 0.0618485 0.99279 40.8174 0.0391734 0.997542 -0.0580929 -2.56145 -0.993942 0.0329258 -0.104854 85.0768
-0.104112 0.0610965 0.992687 41.8196 0.0391667 0.997589 -0.0572905 -2.63565 -0.993794 0.0329157 -0.106254 84.9833
-0.105502 0.0621274 0.992477 42.839 0.0386719 0.997548 -0.0583339 -2.70994 -0.993667 0.0322266 -0.107646 84.8625
-0.109356 0.0641013 0.991934 43.8677 0.0372712 0.997481 -0.0603509 -2.78245 -0.993304 0.0303708 -0.11147 84.7531
-0.111432 0.0665787 0.99154 44.9011 0.0358046 0.997374 -0.0629467 -2.85988 -0.993127 0.0284874 -0.113523 84.6248
-0.115405 0.07018 0.990836 45.9486 0.033956 0.997197 -0.0666756 -2.94206 -0.992738 0.0259502 -0.117465 84.5254
-0.115835 0.0738973 0.990516 46.9864 0.0294414 0.997046 -0.0709414 -3.02342 -0.992832 0.0209446 -0.117669 84.3817
-0.118457 0.0759263 0.990052 48.0092 0.02716 0.996947 -0.0732055 -3.10778 -0.992588 0.0182182 -0.120157 84.241
-0.120942 0.0747872 0.989838 49.0758 0.0252457 0.997067 -0.0722487 -3.20284 -0.992339 0.0162513 -0.122475 84.1367
-0.124337 0.071374 0.98967 50.1539 0.0230211 0.997349 -0.0690355 -3.28458 -0.991973 0.0141996 -0.125651 84.0158
-0.1256 0.0688039 0.989692 51.2077 0.0224232 0.997534 -0.0665034 -3.37611 -0.991828 0.0138392 -0.126833 83.869
-0.12765 0.0694804 0.989383 52.2462 0.0223777 0.997491 -0.0671626 -3.45833 -0.991567 0.0135668 -0.128884 83.7419
-0.128899 0.0722846 0.98902 53.3385 0.0236536 0.99728 -0.0698055 -3.54877 -0.991376 0.014396 -0.130259 83.6146
-0.128905 0.0746131 0.988846 54.3877 0.0234595 0.997116 -0.072179 -3.63518 -0.991379 0.0138936 -0.130284 83.4493
-0.129286 0.07539 0.988737 55.4472 0.0222976 0.997075 -0.0731101 -3.72726 -0.991357 0.0125944 -0.130589 83.3114
-0.128407 0.0742465 0.988939 56.5389 0.0195442 0.997189 -0.0723283 -3.8169 -0.991529 0.0100405 -0.129497 83.1787
-0.129295 0.0736519 0.988867 57.6055 0.0161665 0.997262 -0.0721633 -3.9083 -0.991474 0.0066562 -0.130131 83.0569
-0.127296 0.0743199 0.989077 58.7015 0.0116499 0.997232 -0.0734334 -4.00341 -0.991796 0.00217487 -0.127809 82.9057
-0.128814 0.0744382 0.988871 59.7754 0.00773767 0.997224 -0.074059 -4.09503 -0.991639 -0.00188831 -0.129033 82.7928
-0.128614 0.0735803 0.988961 60.8709 0.00431425 0.997276 -0.0736379 -4.18952 -0.991685 -0.00520422 -0.128581 82.6675
-0.128312 0.0691796 0.989318 61.9798 0.00426289 0.997593 -0.0692053 -4.281 -0.991725 -0.00466249 -0.128298 82.5207
-0.12852 0.0608107 0.989841 63.0766 0.00720743 0.998149 -0.0603853 -4.36608 -0.991681 -0.000626541 -0.128721 82.3706
-0.129144 0.0551824 0.990089 64.1831 0.0141485 0.998451 -0.0538029 -4.44293 -0.991525 0.00705991 -0.129725 82.2522
-0.127897 0.0571404 0.99014 65.2857 0.0211126 0.99827 -0.0548824 -4.52468 -0.991563 0.0138851 -0.128882 82.0706
-0.126658 0.0623504 0.989985 66.3983 0.0260338 0.997888 -0.0595173 -4.60277 -0.991605 0.0182347 -0.128014 81.9219
-0.12522 0.0680799 0.989791 67.5062 0.0295597 0.997456 -0.0648675 -4.67821 -0.991689 0.0211351 -0.126914 81.7566
-0.12429 0.0709943 0.989703 68.6299 0.0298894 0.997252 -0.0677823 -4.78304 -0.991796 0.0211569 -0.12607 81.5994
-0.124889 0.0703819 0.989671 69.7454 0.0280676 0.997332 -0.0673848 -4.85738 -0.991774 0.0193621 -0.126531 81.4761
-0.123581 0.0659867 0.990138 70.8776 0.027373 0.997634 -0.0630698 -4.94659 -0.991957 0.0193088 -0.125094 81.3397
-0.123398 0.0630199 0.990354 72.0187 0.0253863 0.997855 -0.0603341 -5.03116 -0.992033 0.0176963 -0.124733 81.2177
-0.124263 0.0640006 0.990183 73.1432 0.0235787 0.997826 -0.0615356 -5.11054 -0.991969 0.0157006 -0.125502 81.0875
-0.123053 0.0680197 0.990066 74.2931 0.0234234 0.99757 -0.065624 -5.2014 -0.992124 0.0151155 -0.124348 80.9306
-0.123197 0.0716841 0.98979 75.4434 0.0242858 0.997307 -0.0692057 -5.29238 -0.992085 0.015512 -0.124606 80.8082
-0.122653 0.0699983 0.989978 76.5841 0.0225765 0.997448 -0.0677294 -5.38297 -0.992193 0.014043 -0.12392 80.6463
-0.121033 0.0640109 0.990583 77.7662 0.0260532 0.99778 -0.0612927 -5.47389 -0.992306 0.0183894 -0.122432 80.5117
-0.12176 0.0619709 0.990623 78.9396 0.0254957 0.997915 -0.0592934 -5.55916 -0.992232 0.018037 -0.123086 80.3854
-0.121747 0.064664 0.990453 80.0756 0.0229598 0.997792 -0.062321 -5.64542 -0.992296 0.0151532 -0.122963 80.2389
-0.122221 0.0677764 0.990186 81.246 0.0215668 0.997611 -0.0656227 -5.73298 -0.992269 0.0133347 -0.12339 80.099
-0.123012 0.0671093 0.990134 82.4394 0.020845 0.997666 -0.0650301 -5.8251 -0.992186 0.0126398 -0.124124 79.9524
-0.122272 0.0641855 0.990419 83.6118 0.020492 0.997857 -0.0621377 -5.91135 -0.992285 0.0126979 -0.123325 79.8116
-0.121792 0.0625604 0.990582 84.8042 0.0214916 0.997944 -0.0603829 -6.00436 -0.992323 0.013935 -0.122886 79.6678
-0.12059 0.062922 0.990706 86.022 0.0231357 0.997896 -0.0605625 -6.09224 -0.992433 0.0156175 -0.121792 79.5265
-0.12102 0.0631294 0.990641 87.1951 0.0250549 0.997852 -0.0605281 -6.17884 -0.992334 0.0174953 -0.122342 79.396
-0.120136 0.0632631 0.99074 88.4076 0.0254348 0.997836 -0.0606321 -6.26439 -0.992432 0.0179151 -0.121485 79.2498
-0.11954 0.0629946 0.990829 89.5698 0.0254031 0.997852 -0.0603763 -6.35226 -0.992504 0.0179527 -0.120884 79.1041
-0.117015 0.0614387 0.991228 90.7989 0.0271797 0.997909 -0.0586442 -6.44144 -0.992758 0.020079 -0.11844 78.9639
-0.118962 0.060857 0.991032 92.0014 0.0255808 0.997976 -0.0582127 -6.52806 -0.992569 0.0184262 -0.120278 78.8143
-0.1158 0.0600298 0.991457 93.2238 0.0267086 0.997999 -0.0573064 -6.61325 -0.992913 0.0198444 -0.117172 78.6733
-0.114283 0.0606641 0.991595 94.4238 0.024915 0.997995 -0.0581842 -6.69696 -0.993136 0.0180562 -0.115565 78.5327
-0.114889 0.0628438 0.991389 95.6704 0.0249136 0.997865 -0.0603672 -6.7875 -0.993066 0.0177635 -0.11621 78.4031
-0.114628 0.0624529 0.991444 96.9035 0.0223065 0.997932 -0.0602826 -6.87713 -0.993158 0.0152056 -0.115784 78.2453
-0.112189 0.0607606 0.991828 98.1354 0.0199479 0.998065 -0.0588864 -6.96422 -0.993487 0.0131784 -0.113184 78.125
-0.112447 0.0613278 0.991763 99.3758 0.016739 0.998069 -0.0598198 -7.0561 -0.993517 0.00987453 -0.113257 77.9896
-0.114413 0.0609539 0.991562 100.642 0.0133674 0.99812 -0.0598147 -7.14609 -0.993343 0.00641104 -0.115013 77.8508
-0.114893 0.0585544 0.991651 101.887 0.01161 0.998272 -0.0576002 -7.23383 -0.99331 0.00489523 -0.115374 77.7169
-0.116173 0.0569006 0.991598 103.161 0.00943109 0.998376 -0.0561847 -7.32426 -0.993184 0.00282468 -0.116521 77.5858
-0.118695 0.0562267 0.991338 104.423 0.0075497 0.998418 -0.0557243 -7.4121 -0.992902 0.000870117 -0.118932 77.4401
-0.120369 0.0561023 0.991143 105.662 0.00744835 0.998425 -0.05561 -7.49838 -0.992701 0.000688656 -0.120597 77.3022
-0.123841 0.0543789 0.990811 106.955 0.00632159 0.99852 -0.0540119 -7.60114 -0.992282 -0.00042541 -0.124002 77.1246
-0.125334 0.0511035 0.990798 108.164 0.00602959 0.998693 -0.050748 -7.67291 -0.992096 -0.000386355 -0.125479 76.9999
-0.128123 0.0503938 0.990477 109.411 0.00509434 0.998729 -0.0501546 -7.75654 -0.991745 -0.00138012 -0.128217 76.8607
-0.135834 0.0549449 0.989207 110.661 -0.000664405 0.998456 -0.0555499 -7.84662 -0.990731 -0.00820282 -0.135588 76.6815
-0.146461 0.0578514 0.987523 111.875 -0.00478385 0.998235 -0.0591884 -7.93679 -0.989205 -0.013393 -0.145926 76.4404
-0.153263 0.0550206 0.986653 113.142 0.000281631 0.998451 -0.0556348 -8.02763 -0.988185 -0.00824891 -0.153042 76.3137
-0.162676 0.0524148 0.985286 114.354 0.00361921 0.998613 -0.0525262 -8.11001 -0.986673 -0.00497881 -0.16264 76.1373
-0.177483 0.0525359 0.982721 115.586 0.00314616 0.998599 -0.0528166 -8.20786 -0.984119 -0.00628226 -0.1774 75.8918
-0.191789 0.05268 0.980022 116.774 0.00372761 0.99859 -0.0529486 -8.29417 -0.981429 -0.00650181 -0.191715 75.6383
-0.204928 0.0521075 0.977389 118.012 0.00611913 0.998631 -0.051957 -8.366 -0.978758 -0.00466669 -0.204966 75.4226
-0.220967 0.0530484 0.973838 119.181 0.00923714 0.998589 -0.0523007 -8.45988 -0.975238 -0.00256123 -0.221145 75.1585
-0.235524 0.0571041 0.970189 120.381 0.00989081 0.998362 -0.0563612 -8.5446 -0.971818 -0.00367847 -0.235703 74.8578
-0.252844 0.059664 0.965666 121.574 0.00847797 0.998195 -0.059454 -8.64065 -0.96747 -0.00684573 -0.252894 74.5425
-0.269483 0.0580891 0.961252 122.765 0.00498947 0.99825 -0.0589262 -8.73315 -0.962992 -0.0110835 -0.269301 74.2269
-0.283846 0.0526456 0.957424 123.95 -0.000331134 0.998486 -0.0550017 -8.81653 -0.95887 -0.015929 -0.283398 73.9151
-0.298065 0.049641 0.953254 125.118 -0.00279703 0.998597 -0.0528768 -8.89744 -0.954542 -0.018427 -0.297508 73.6055
-0.314929 0.0494081 0.947828 126.274 -0.00619238 0.998516 -0.0541078 -8.98933 -0.949095 -0.0229094 -0.314156 73.2038
-0.328744 0.0516882 0.943004 127.385 -0.00641571 0.998356 -0.0569588 -9.06915 -0.944397 -0.0247749 -0.327872 72.8441
-0.342932 0.053402 0.937841 128.529 -0.004756 0.998271 -0.0585821 -9.15825 -0.939348 -0.02455 -0.342085 72.453
-0.357167 0.053513 0.932507 129.641 -0.00313981 0.998283 -0.0584902 -9.24864 -0.934035 -0.0238186 -0.356385 72.025
-0.371428 0.0518284 0.927014 130.773 -0.00290958 0.998371 -0.0569837 -9.33676 -0.928457 -0.0238625 -0.370672 71.5931
-0.385576 0.0501456 0.921313 131.856 -0.00369285 0.99843 -0.0558884 -9.4253 -0.922669 -0.0249515 -0.384786 71.1254
-0.399762 0.0514082 0.915176 132.949 -0.00510995 0.998286 -0.0583088 -9.50754 -0.916605 -0.0279861 -0.398814 70.6689
-0.415271 0.0530071 0.908152 134.045 -0.00473167 0.998162 -0.0604245 -9.60023 -0.909685 -0.0293896 -0.414257 70.1724
-0.430383 0.0550701 0.900965 135.138 -0.00327478 0.998035 -0.0625677 -9.68755 -0.902641 -0.0298785 -0.429357 69.6775
-0.443873 0.0576456 0.894234 136.192 -0.00052743 0.997912 -0.0645909 -9.77949 -0.896089 -0.0291418 -0.442916 69.1613
-0.45987 0.0608764 0.885897 137.276 -0.000741552 0.997621 -0.0689386 -9.8781 -0.887986 -0.0323597 -0.458731 68.612
-0.475256 0.0621078 0.877653 138.334 -0.0014487 0.997449 -0.0713697 -9.97541 -0.879846 -0.0351903 -0.473954 68.0325
-0.491253 0.060369 0.868923 139.387 -0.00119536 0.997548 -0.0699811 -10.0745 -0.871016 -0.0354171 -0.489976 67.4761
-0.505375 0.0565521 0.861045 140.466 -0.0042889 0.997673 -0.0680429 -10.166 -0.862889 -0.0380802 -0.503957 66.8599
-0.52098 0.0555355 0.851761 141.512 -0.00539925 0.997647 -0.0683498 -10.2702 -0.853552 -0.0402078 -0.519454 66.2259
-0.537983 0.0546112 0.841185 142.551 -0.00684109 0.997584 -0.0691401 -10.3645 -0.842928 -0.0429508 -0.536309 65.6009
-0.553459 0.0538884 0.831132 143.583 -0.0072426 0.997556 -0.0695018 -10.4644 -0.832845 -0.044486 -0.551715 64.9364
-0.569075 0.0528514 0.820585 144.593 -0.00892284 0.997477 -0.0704324 -10.5619 -0.822237 -0.0474033 -0.567168 64.2556
-0.583648 0.0522006 0.810327 145.614 -0.00934656 0.997434 -0.0709857 -10.6671 -0.811953 -0.0490045 -0.581662 63.5394
-0.59864 0.0490908 0.799513 146.605 -0.010587 0.997548 -0.0691774 -10.7691 -0.800949 -0.0498768 -0.596652 62.8056
-0.613454 0.0465173 0.78836 147.609 -0.00973308 0.997743 -0.0664456 -10.8678 -0.789671 -0.0484345 -0.611616 62.0478
-0.62817 0.0443656 0.77681 148.601 -0.00946316 0.997864 -0.064643 -10.9683 -0.778018 -0.0479579 -0.626408 61.2793
-0.643671 0.0437116 0.764053 149.569 -0.0089701 0.997868 -0.0646449 -11.0627 -0.76525 -0.0484637 -0.641906 60.4905
-0.658299 0.0430441 0.751525 150.522 -0.0119961 0.997637 -0.0676483 -11.1648 -0.752661 -0.0535482 -0.656227 59.6702
-0.673305 0.0427486 0.738128 151.446 -0.0140262 0.997409 -0.0705592 -11.2654 -0.739232 -0.057861 -0.670961 58.8422
-0.689296 0.0387714 0.723442 152.399 -0.0165783 0.997461 -0.0692527 -11.3704 -0.724291 -0.059729 -0.686903 57.9887
-0.704888 0.0336628 0.70852 153.331 -0.0182468 0.997682 -0.0655547 -11.4654 -0.709084 -0.0591369 -0.70264 57.0969
-0.721364 0.0299849 0.691907 154.225 -0.0203057 0.997717 -0.0644078 -11.5718 -0.692259 -0.0605111 -0.719108 56.1796
-0.739067 0.027655 0.673065 155.109 -0.0216069 0.99767 -0.0647182 -11.6688 -0.673286 -0.0623739 -0.736747 55.2859
-0.755791 0.0232807 0.654399 155.969 -0.0253791 0.997576 -0.0648007 -11.7659 -0.65432 -0.0655839 -0.753368 54.3266
-0.772833 0.0233917 0.634178 156.818 -0.0234774 0.997583 -0.0654064 -11.8606 -0.634175 -0.0654371 -0.770415 53.3713
-0.7886 0.0219585 0.614515 157.603 -0.0242341 0.997476 -0.0667423 -11.972 -0.614429 -0.0675252 -0.786077 52.3696
-0.802972 0.0244621 0.595515 158.383 -0.0190579 0.997593 -0.0666753 -12.0638 -0.595713 -0.0648877 -0.800572 51.3618
-0.817495 0.0251476 0.575386 159.132 -0.0153172 0.997744 -0.0653693 -12.1743 -0.575731 -0.0622524 -0.815266 50.3298
-0.831553 0.0269751 0.55479 159.858 -0.0130992 0.99759 -0.0681388 -12.2765 -0.555291 -0.0639283 -0.829195 49.273
-0.844505 0.027425 0.534846 160.56 -0.0130188 0.997342 -0.0716965 -12.385 -0.53539 -0.0675111 -0.841903 48.211
-0.857386 0.0276069 0.513934 161.23 -0.0109561 0.997355 -0.0718527 -12.4899 -0.514558 -0.0672362 -0.854815 47.1244
-0.868846 0.0280699 0.494286 161.882 -0.00761072 0.997516 -0.0700258 -12.6021 -0.495023 -0.0646035 -0.866475 46.018
-0.878847 0.0288873 0.476229 162.497 -0.00601461 0.997415 -0.0716012 -12.7051 -0.477066 -0.0657908 -0.876401 44.88
-0.888168 0.0313054 0.458451 163.089 -0.00324939 0.997224 -0.0743907 -12.8277 -0.459507 -0.0675611 -0.885601 43.7686
-0.896355 0.0290288 0.442386 163.651 -0.00527901 0.997084 -0.0761237 -12.9346 -0.443306 -0.0705693 -0.893588 42.6273
-0.904639 0.0269192 0.425327 164.223 -0.00613364 0.997078 -0.0761513 -13.0435 -0.426134 -0.0714982 -0.90183 41.4956
-0.911771 0.0245846 0.409962 164.762 -0.00708418 0.997117 -0.0755507 -13.1629 -0.410637 -0.0717893 -0.908968 40.3199
-0.917921 0.0233223 0.396078 165.277 -0.00728999 0.997111 -0.0756079 -13.2803 -0.396697 -0.0722895 -0.915099 39.1615
-0.923736 0.0195698 0.382529 165.778 -0.00970904 0.997177 -0.0744599 -13.3936 -0.382907 -0.0724953 -0.920938 37.9854
-0.929407 0.0162479 0.368698 166.278 -0.0109706 0.997373 -0.0716073 -13.5038 -0.368892 -0.0705972 -0.926787 36.7971
-0.934086 0.0117958 0.356855 166.739 -0.0132073 0.997629 -0.0675473 -13.609 -0.356805 -0.067808 -0.931715 35.6113
-0.938165 0.0136597 0.345919 167.199 -0.00962474 0.997806 -0.0655045 -13.7118 -0.346055 -0.0647834 -0.935975 34.3975
-0.941223 0.0163279 0.337392 167.631 -0.00612922 0.997841 -0.0653886 -13.8214 -0.337731 -0.0636131 -0.939091 33.1852
-0.943376 0.023219 0.330913 168.048 0.00064283 0.997674 -0.0681709 -13.9229 -0.331725 -0.064098 -0.941196 31.9949
-0.945044 0.0246836 0.326011 168.48 0.00219599 0.997603 -0.0691668 -14.0327 -0.326937 -0.0646497 -0.942832 30.7793
-0.946879 0.022846 0.320778 168.887 0.000808456 0.997639 -0.068666 -14.1422 -0.32159 -0.064759 -0.944662 29.5568
-0.948229 0.0157116 0.317199 169.314 -0.00530233 0.997853 -0.0652768 -14.2413 -0.317543 -0.0635793 -0.94611 28.3288
-0.949666 0.0104254 0.313092 169.737 -0.0100044 0.997927 -0.0635742 -14.348 -0.313106 -0.0635065 -0.947592 27.0624
-0.951111 0.00341808 0.30883 170.156 -0.0174542 0.997746 -0.0647969 -14.4431 -0.308356 -0.0670194 -0.948908 25.8551
-0.952373 0.000849406 0.304935 170.56 -0.0206743 0.997515 -0.0673487 -14.5477 -0.304235 -0.0704454 -0.949989 24.6351
-0.953247 0.000539707 0.302193 170.972 -0.0214718 0.99735 -0.0695124 -14.6548 -0.30143 -0.0727511 -0.950709 23.4078
-0.953192 0.00144389 0.302363 171.359 -0.0211426 0.997223 -0.0714136 -14.7614 -0.301626 -0.0744636 -0.950514 22.1856
-0.953077 0.00405006 0.3027 171.763 -0.0189158 0.99716 -0.0728999 -14.8774 -0.302135 -0.0752051 -0.950294 20.9649
-0.952899 0.00515518 0.303244 172.152 -0.0183431 0.997046 -0.0745903 -14.9856 -0.302733 -0.0766395 -0.949989 19.7584
-0.952053 0.0059604 0.305875 172.558 -0.018102 0.996961 -0.0757705 -15.1022 -0.305397 -0.0776745 -0.949052 18.5151
-0.951735 0.00778366 0.306823 172.978 -0.0162855 0.996989 -0.0758081 -15.2204 -0.306489 -0.077146 -0.948743 17.3
-0.950763 0.00752617 0.309828 173.359 -0.0166991 0.997009 -0.075463 -15.3362 -0.30947 -0.0769212 -0.947793 16.1035
-0.949458 0.00552988 0.313847 173.782 -0.0191246 0.996968 -0.0754225 -15.4537 -0.313312 -0.0776126 -0.946473 14.8869
-0.948069 0.00479422 0.318029 174.192 -0.0194901 0.997132 -0.073133 -15.566 -0.317468 -0.0755335 -0.945256 13.6938
-0.945821 0.00302598 0.324674 174.635 -0.0208295 0.997331 -0.0699745 -15.6774 -0.324019 -0.0729462 -0.943234 12.4739
-0.943836 0.00149784 0.330411 175.058 -0.0220234 0.997481 -0.0674328 -15.779 -0.32968 -0.0709223 -0.941425 11.2904
-0.940964 0.00325817 0.338491 175.488 -0.0202933 0.997612 -0.0660154 -15.8904 -0.337898 -0.0689872 -0.938651 10.0882
-0.937635 0.00459614 0.34759 175.936 -0.0198914 0.997565 -0.0668483 -15.9877 -0.347051 -0.0695934 -0.935261 8.9121
-0.934061 0.00594447 0.357064 176.395 -0.019557 0.99751 -0.0677669 -16.0987 -0.356578 -0.0702815 -0.931619 7.7176
-0.929435 0.00846962 0.36889 176.868 -0.0179057 0.997524 -0.068017 -16.2028 -0.368553 -0.0698226 -0.926981 6.50513
-0.924212 0.0105774 0.381734 177.389 -0.0169426 0.997496 -0.068659 -16.3096 -0.381504 -0.069923 -0.921719 5.26506
-0.918615 0.0120509 0.39497 177.878 -0.0169669 0.99741 -0.0698932 -16.4158 -0.394789 -0.0709063 -0.916032 4.13263
-0.912936 0.0141379 0.407858 178.414 -0.0155966 0.997461 -0.0694867 -16.5314 -0.407805 -0.0697981 -0.910397 2.93407
-0.906965 0.0148278 0.420946 178.955 -0.014842 0.997635 -0.06712 -16.625 -0.420945 -0.0671231 -0.904599 1.81074
-0.900005 0.0170519 0.435546 179.511 -0.013248 0.997703 -0.066436 -16.7347 -0.435679 -0.0655628 -0.897711 0.657711
-0.893689 0.0184134 0.448309 180.066 -0.0126534 0.997726 -0.0662039 -16.8385 -0.448508 -0.0648383 -0.891424 -0.476707
-0.886567 0.0212569 0.462111 180.65 -0.00914404 0.997943 -0.0634479 -16.9376 -0.462509 -0.0604764 -0.88455 -1.56589
-0.878947 0.0231951 0.476355 181.241 -0.00631702 0.998163 -0.0602592 -17.0383 -0.476878 -0.0559738 -0.877186 -2.67765
-0.870864 0.0263029 0.49082 181.863 -0.00258224 0.998309 -0.0580809 -17.1375 -0.491517 -0.051848 -0.869323 -3.78106
-0.862048 0.0296211 0.505961 182.487 0.00101108 0.998389 -0.0567274 -17.2316 -0.506826 -0.0483902 -0.860689 -4.84932
-0.851303 0.0327824 0.523649 183.14 0.00441806 0.998459 -0.0553247 -17.3267 -0.524656 -0.0447846 -0.850136 -5.92907
-0.840998 0.0357366 0.539858 183.78 0.00765266 0.998502 -0.0541757 -17.4141 -0.540985 -0.0414303 -0.840011 -6.9361
-0.829438 0.0373123 0.557351 184.498 0.00911967 0.998538 -0.0532763 -17.506 -0.558524 -0.0391065 -0.828566 -8.02039
-0.817787 0.0394123 0.57417 185.187 0.0108019 0.998528 -0.0531561 -17.5933 -0.575419 -0.0372683 -0.817009 -9.01025
-0.805238 0.0409894 0.591534 185.902 0.0118576 0.998522 -0.0530496 -17.6799 -0.592833 -0.0357034 -0.804533 -10.0055
-0.79095 0.0424196 0.610409 186.681 0.014314 0.998604 -0.050849 -17.7672 -0.611714 -0.0314816 -0.790453 -11.0149
-0.776178 0.0434642 0.629015 187.408 0.0164838 0.998679 -0.0486673 -17.8508 -0.630299 -0.0274059 -0.775869 -11.9391
-0.761024 0.0461886 0.647077 188.143 0.0187262 0.998611 -0.0492574 -17.9291 -0.648453 -0.0253688 -0.760832 -12.815
-0.741575 0.0493934 0.669049 189.052 0.0199651 0.998469 -0.0515839 -18.025 -0.670573 -0.0248957 -0.741426 -13.823
-0.72363 0.0502035 0.68836 189.882 0.0197911 0.99845 -0.0520139 -18.1068 -0.689905 -0.0240154 -0.723502 -14.6986
-0.705033 0.05066 0.707362 190.729 0.0205591 0.998486 -0.0510184 -18.1908 -0.708876 -0.021427 -0.705008 -15.5331
-0.685105 0.0497227 0.726745 191.603 0.018629 0.998537 -0.0507566 -18.2782 -0.728206 -0.0212351 -0.685029 -16.3639
-0.663976 0.0497336 0.746098 192.496 0.0170434 0.998533 -0.0513931 -18.3598 -0.747559 -0.0214077 -0.66385 -17.173
-0.642858 0.0491821 0.764405 193.406 0.0143668 0.998535 -0.0521638 -18.4419 -0.765851 -0.0225519 -0.642623 -17.9343
-0.621256 0.0490839 0.782069 194.377 0.0134087 0.998556 -0.0520195 -18.5269 -0.783493 -0.0218309 -0.621017 -18.7073
-0.598935 0.048491 0.799328 195.287 0.0139106 0.998644 -0.0501593 -18.6069 -0.800677 -0.0189231 -0.598798 -19.3995
-0.575232 0.0494896 0.816492 196.256 0.0144849 0.998628 -0.0503245 -18.6851 -0.817862 -0.0171215 -0.57516 -20.0707
-0.550864 0.0519534 0.832977 197.19 0.0156646 0.998528 -0.0519197 -18.7656 -0.834448 -0.0155524 -0.550867 -20.7157
-0.523251 0.0529174 0.850534 198.213 0.0163721 0.99851 -0.0520519 -18.8487 -0.852021 -0.0133112 -0.523338 -21.3543
-0.496364 0.051191 0.866604 199.226 0.0143911 0.998608 -0.0507459 -18.9255 -0.867995 -0.012717 -0.49641 -21.9263
-0.469429 0.049495 0.881582 200.219 0.0145331 0.998726 -0.0483332 -18.9994 -0.88285 -0.00987691 -0.469551 -22.452
-0.439443 0.0502969 0.896862 201.311 0.0155123 0.998707 -0.0484078 -19.0794 -0.898137 -0.00736006 -0.439655 -22.9946
-0.408024 0.0524281 0.911465 202.37 0.015792 0.998606 -0.0503711 -19.1566 -0.912835 -0.00615875 -0.408283 -23.467
-0.376689 0.0541524 0.924756 203.463 0.0172814 0.998527 -0.0514329 -19.235 -0.926179 -0.00339312 -0.37707 -23.9206
-0.344963 0.0547726 0.937017 204.541 0.0196085 0.998499 -0.0511476 -19.3109 -0.938411 0.000729402 -0.345519 -24.3287
-0.311827 0.0544163 0.94858 205.687 0.0200902 0.998513 -0.0506765 -19.3917 -0.949927 0.00325485 -0.312456 -24.7017
-0.279859 0.0535263 0.958548 206.752 0.0219875 0.99854 -0.04934 -19.4648 -0.959789 0.00726778 -0.280628 -25.0258
-0.244557 0.0512227 0.968281 207.919 0.0221927 0.998638 -0.0472234 -19.5431 -0.969381 0.00993998 -0.245361 -25.3263
-0.210705 0.0501933 0.97626 209.01 0.0240255 0.998645 -0.0461588 -19.6148 -0.977254 0.0137293 -0.211626 -25.5627
-0.175348 0.0494013 0.983266 210.176 0.0245709 0.998649 -0.0457924 -19.692 -0.9842 0.0161301 -0.176325 -25.7909
-0.140703 0.0493634 0.988821 211.321 0.0254115 0.998607 -0.0462361 -19.7646 -0.989726 0.0186219 -0.141761 -25.9595
-0.105164 0.0485822 0.993268 212.458 0.0258039 0.998603 -0.0461111 -19.8406 -0.99412 0.0207809 -0.106271 -26.0907
-0.0684807 0.0487896 0.996459 213.668 0.0250541 0.998573 -0.0471713 -19.9153 -0.997338 0.021735 -0.0696053 -26.175
-0.0360434 0.0486144 0.998167 214.787 0.0237465 0.998576 -0.0477769 -19.9899 -0.999068 0.0219809 -0.0371465 -26.2153
-0.000921565 0.0473593 0.998878 215.986 0.0236258 0.9986 -0.0473244 -20.0619 -0.99972 0.0235557 -0.00203918 -26.2249
0.0324451 0.0476568 0.998337 217.165 0.0224972 0.998575 -0.0483993 -20.1396 -0.99922 0.0240302 0.0313267 -26.1805
0.0645065 0.047297 0.996796 218.314 0.0230636 0.998539 -0.0488723 -20.2144 -0.997651 0.0261423 0.0633214 -26.1275
0.0966145 0.0454354 0.994284 219.478 0.0247522 0.998539 -0.048035 -20.2861 -0.995014 0.0292516 0.0953487 -26.001
0.128151 0.0437304 0.99079 220.633 0.0269403 0.998505 -0.0475554 -20.3594 -0.991389 0.0327864 0.126782 -25.8571
0.158204 0.0436693 0.98644 221.766 0.0271581 0.998451 -0.0485566 -20.433 -0.987033 0.0344716 0.156773 -25.6891
0.187617 0.0433953 0.981283 222.919 0.0293687 0.998329 -0.0497642 -20.5093 -0.981803 0.0381556 0.186029 -25.4809
0.217496 0.0426412 0.975129 224.026 0.0313088 0.998226 -0.0506344 -20.5827 -0.975559 0.0415429 0.215775 -25.2259
0.247723 0.0405048 0.967984 225.182 0.0347918 0.998109 -0.0506692 -20.6578 -0.968206 0.0462298 0.245845 -24.9537
0.279003 0.0388763 0.959503 226.348 0.0366219 0.998023 -0.0510859 -20.7357 -0.959592 0.0493919 0.277028 -24.6107
0.307081 0.038201 0.950916 227.428 0.0394176 0.997826 -0.0528147 -20.8173 -0.950867 0.0537012 0.304908 -24.2715
0.33697 0.0376589 0.940762 228.576 0.0398609 0.997733 -0.0542171 -20.8954 -0.940671 0.0557691 0.334705 -23.8832
0.366112 0.0353051 0.929901 229.719 0.0411667 0.997687 -0.0540865 -20.9809 -0.92966 0.0580827 0.363812 -23.4441
0.393713 0.0341132 0.9186 230.776 0.0409577 0.997668 -0.0546039 -21.063 -0.91832 0.059122 0.391398 -22.9764
0.422853 0.0352329 0.905513 231.887 0.0418667 0.997417 -0.0583596 -21.1511 -0.905231 0.0625884 0.420286 -22.4806
0.449801 0.036158 0.892397 232.914 0.0433757 0.997117 -0.062264 -21.2326 -0.892075 0.0667147 0.446935 -21.9798
0.478046 0.0349362 0.87764 234.012 0.0445068 0.996962 -0.0639286 -21.3289 -0.877206 0.0696217 0.475039 -21.4047
0.504368 0.0324787 0.862878 235.004 0.0449014 0.996954 -0.0637711 -21.4198 -0.86232 0.0709086 0.501374 -20.8459
0.530003 0.0296421 0.847478 236.046 0.0445298 0.997037 -0.0627216 -21.516 -0.846826 0.0709806 0.527112 -20.2106
0.553911 0.0300116 0.832035 237.062 0.0418966 0.997079 -0.0638566 -21.6152 -0.831521 0.0702303 0.551036 -19.563
0.574864 0.0296136 0.817713 238.048 0.0413915 0.997013 -0.0652058 -21.7078 -0.817201 0.0713309 0.571921 -18.8537
0.594243 0.028567 0.803778 239.03 0.0400805 0.997076 -0.065069 -21.805 -0.803286 0.0708826 0.59136 -18.1654
0.612772 0.0258884 0.789836 239.981 0.039804 0.997184 -0.0635655 -21.9005 -0.789257 0.0703898 0.610016 -17.4073
0.630316 0.0226681 0.776008 240.927 0.0403598 0.997265 -0.0619139 -21.9942 -0.775289 0.0703448 0.627678 -16.6556
0.646527 0.0199539 0.76263 241.873 0.0414684 0.997261 -0.0612482 -22.0903 -0.761763 0.0712237 0.643929 -15.8724
0.66238 0.0179629 0.748953 242.808 0.0424552 0.997206 -0.0614647 -22.1869 -0.747965 0.0725099 0.659766 -15.0488
0.677412 0.0176169 0.735393 243.711 0.0419348 0.997163 -0.0625163 -22.2801 -0.734407 0.0731879 0.674751 -14.2332
0.692646 0.0159496 0.721102 244.626 0.042762 0.997089 -0.0631285 -22.3747 -0.72001 0.0745614 0.689947 -13.3543
0.707279 0.0139484 0.706797 245.481 0.0419076 0.99722 -0.061616 -22.4644 -0.705692 0.0731999 0.704728 -12.528
0.721911 0.0105411 0.691906 246.354 0.0421191 0.997361 -0.0591402 -22.5623 -0.690703 0.0718364 0.719562 -11.6064
0.735781 0.00862591 0.677165 247.195 0.042737 0.997334 -0.0591407 -22.6525 -0.67587 0.0724546 0.733451 -10.7051
0.749512 0.00833964 0.661938 248.029 0.0429401 0.997202 -0.0611846 -22.75 -0.660597 0.0742822 0.747057 -9.77247
0.763019 0.00773138 0.64633 248.867 0.0429564 0.997111 -0.0626392 -22.8426 -0.644947 0.0755589 0.760483 -8.82501
0.773998 0.00699342 0.63315 249.646 0.0424616 0.997115 -0.062921 -22.9352 -0.631763 0.0755853 0.771468 -7.86595
0.785707 0.00427033 0.618584 250.439 0.0429045 0.997192 -0.0613801 -23.0313 -0.617109 0.0747668 0.783318 -6.85696
0.796066 0.0011771 0.605208 251.202 0.0442191 0.997212 -0.0601036 -23.1271 -0.603592 0.0746083 0.793795 -5.86139
0.806905 0.000139391 0.590682 251.977 0.0442619 0.997174 -0.0606996 -23.2275 -0.589021 0.0751235 0.804618 -4.83955
0.815459 -0.00181637 0.578813 252.717 0.0472449 0.996867 -0.0634326 -23.3207 -0.576884 0.0790727 0.81299 -3.79506
0.824472 -0.00421024 0.565888 253.449 0.0485847 0.996807 -0.0633693 -23.4177 -0.563814 0.0797396 0.822044 -2.73661
0.832092 -0.00773459 0.554583 254.146 0.0510241 0.99673 -0.062655 -23.5092 -0.552285 0.0804318 0.829766 -1.71215
0.839579 -0.00905281 0.543162 254.874 0.0518947 0.996625 -0.0636044 -23.6072 -0.540753 0.0815882 0.837216 -0.608006
0.845142 -0.0105809 0.534437 255.552 0.05221 0.996658 -0.0628314 -23.7058 -0.531985 0.0810044 0.84287 0.464679
0.849333 -0.0121059 0.527719 256.249 0.0525223 0.996714 -0.0616669 -23.8023 -0.525239 0.0800928 0.847178 1.58726
0.851983 -0.0133338 0.5234 256.941 0.0526334 0.996793 -0.0602822 -23.8997 -0.520918 0.0789078 0.849952 2.70944
0.855401 -0.0145549 0.517762 257.636 0.0532154 0.996785 -0.0598971 -23.9994 -0.515226 0.078789 0.853425 3.85712
0.857601 -0.0145879 0.514109 258.309 0.0527105 0.996827 -0.0596429 -24.099 -0.511608 0.0782487 0.855649 4.97311
0.859814 -0.0181806 0.510283 258.991 0.0553839 0.99679 -0.0578063 -24.1886 -0.507595 0.0779641 0.858061 6.12758
0.862182 -0.020091 0.506201 259.66 0.0565991 0.996778 -0.05684 -24.2838 -0.503428 0.0776569 0.86054 7.25808
0.864397 -0.0205638 0.50239 260.325 0.0569137 0.996744 -0.0571253 -24.3781 -0.499579 0.0779718 0.862752 8.3927
0.866349 -0.021632 0.498971 260.992 0.0575566 0.99673 -0.0567223 -24.4746 -0.496112 0.0778603 0.864761 9.55674
0.868917 -0.0221308 0.494463 261.647 0.0577316 0.996713 -0.0568413 -24.5665 -0.491579 0.0779365 0.867338 10.7008
0.870764 -0.0222438 0.491198 262.289 0.057326 0.996756 -0.0564859 -24.6648 -0.488348 0.0773444 0.869215 11.8523
0.872787 -0.0230436 0.487556 262.959 0.0576841 0.996755 -0.0561517 -24.7584 -0.48468 0.0771328 0.871284 13.0381
0.874326 -0.0212011 0.484876 263.611 0.0552595 0.996897 -0.0560546 -24.8565 -0.482183 0.075804 0.872785 14.2102
0.874915 -0.0202122 0.483854 264.252 0.0538373 0.996995 -0.0557021 -24.9508 -0.481274 0.074784 0.873374 15.4022
0.876049 -0.0185961 0.481864 264.895 0.0519136 0.997086 -0.0559015 -25.0467 -0.47942 0.0739878 0.874461 16.5681
0.876468 -0.017747 0.481134 265.531 0.0512348 0.997084 -0.0565548 -25.1435 -0.478727 0.0742193 0.874821 17.7535
0.877026 -0.0144933 0.480225 266.175 0.0482981 0.997141 -0.058112 -25.2384 -0.478009 0.0741596 0.875219 18.93
