1 8.43646e-10 8.78481e-13 0 3.29294e-10 1 1.62786e-10 3.72529e-09 -1.92121e-13 5.46116e-11 1 0
0.999015 -0.000442411 0.0443842 0.0474824 0.000560096 0.999996 -0.00263909 -0.0334898 -0.0443829 0.00266134 0.999011 1.00484
0.9961 -0.00463475 0.0881083 0.130725 0.00531973 0.999957 -0.00754104 -0.0662514 -0.0880696 0.00798034 0.996082 2.05089
0.990863 -0.00447741 0.134796 0.258676 0.00597685 0.999925 -0.0107211 -0.103232 -0.134738 0.0114288 0.990815 3.00349
0.983412 -0.00341511 0.181354 0.431436 0.0059651 0.999891 -0.0135173 -0.126123 -0.181288 0.0143749 0.983325 4.00794
0.97394 -0.00562365 0.226735 0.655449 0.0089818 0.999865 -0.0137819 -0.165661 -0.226627 0.0154592 0.973859 4.96454
0.962014 -0.00684277 0.272916 0.924206 0.0113036 0.999827 -0.0147761 -0.199058 -0.272767 0.0172998 0.961925 5.92364
0.948127 -0.0100236 0.317734 1.23599 0.0162799 0.999722 -0.0170412 -0.234197 -0.317475 0.0213299 0.948027 6.87836
0.933139 -0.0114918 0.359332 1.60073 0.019324 0.999647 -0.0182121 -0.289795 -0.358996 0.0239382 0.933032 7.80234
0.915711 -0.0119991 0.401659 1.98331 0.0214188 0.999591 -0.0189694 -0.311899 -0.401267 0.0259735 0.915593 8.68819
0.896055 -0.0126422 0.443762 2.43476 0.0229801 0.999575 -0.0179255 -0.355603 -0.443347 0.0262599 0.895965 9.61576
0.873937 -0.0126226 0.485876 2.92439 0.0235008 0.999591 -0.0163022 -0.39724 -0.485472 0.0256656 0.873876 10.4577
0.849471 -0.0131392 0.527472 3.43672 0.0251258 0.999563 -0.0155652 -0.430895 -0.527037 0.0264753 0.84943 11.3099
0.824035 -0.0136352 0.566376 3.9785 0.0269475 0.999522 -0.0151437 -0.466313 -0.565898 0.0277413 0.824008 12.1257
0.796836 -0.0154416 0.603998 4.56522 0.0300633 0.999448 -0.0141101 -0.509563 -0.603447 0.0294016 0.796861 12.8748
0.766491 -0.0154298 0.64207 5.22769 0.0323553 0.99937 -0.014609 -0.533597 -0.64144 0.031972 0.766507 13.6526
0.736819 -0.0181702 0.675846 5.85106 0.0366214 0.999244 -0.0130605 -0.575055 -0.675098 0.0343736 0.736927 14.3453
0.704755 -0.017592 0.709233 6.52599 0.0370761 0.99924 -0.0120567 -0.605867 -0.708481 0.0347926 0.704871 14.9888
0.668784 -0.0169615 0.743263 7.27814 0.0395822 0.999134 -0.0128154 -0.633032 -0.742402 0.0379907 0.668877 15.7092
0.633867 -0.0176405 0.773241 7.98864 0.0432769 0.998983 -0.012686 -0.669216 -0.772231 0.0415047 0.633986 16.2702
0.597345 -0.0163009 0.801819 8.78104 0.0446749 0.998917 -0.0129743 -0.702984 -0.800739 0.0435713 0.597426 16.8942
0.561108 -0.0152264 0.827603 9.53425 0.0475733 0.998771 -0.0138787 -0.738714 -0.826374 0.0471592 0.561143 17.4257
0.521357 -0.0140352 0.853223 10.3353 0.0516636 0.99855 -0.015143 -0.766834 -0.851773 0.0519755 0.521327 17.8739
0.48151 -0.0129144 0.876346 11.2361 0.0547971 0.998379 -0.0153956 -0.793908 -0.874726 0.0554343 0.481437 18.3818
0.443466 -0.014907 0.896167 12.0593 0.0597071 0.998132 -0.0129428 -0.819577 -0.8943 0.0592473 0.443528 18.7686
0.407093 -0.0153488 0.913258 12.9519 0.0638114 0.997894 -0.0116733 -0.85485 -0.911155 0.0630284 0.407215 19.157
0.36946 -0.0138605 0.929143 13.8389 0.0648839 0.997833 -0.010915 -0.877647 -0.926979 0.0643191 0.369559 19.4941
0.336956 -0.0138823 0.941418 14.7814 0.0659326 0.997785 -0.00888537 -0.900074 -0.939209 0.0650641 0.337125 19.8286
0.301924 -0.0154959 0.953206 15.7249 0.0688008 0.997615 -0.00557447 -0.920499 -0.950846 0.0672644 0.30227 20.1299
0.269984 -0.0155123 0.96274 16.6858 0.0693932 0.997584 -0.00338638 -0.941617 -0.960361 0.0677219 0.270408 20.3842
0.237327 -0.0128482 0.971345 17.6631 0.0667151 0.997767 -0.00310266 -0.963892 -0.969136 0.0655397 0.237654 20.6406
0.205947 -0.0110919 0.9785 18.6408 0.0669494 0.997753 -0.00278088 -0.972165 -0.97627 0.0660827 0.206227 20.8431
0.175914 -0.0108391 0.984346 19.6322 0.0686861 0.997638 -0.00128949 -0.98763 -0.982006 0.0678377 0.176243 21.0145
0.145658 -0.0114481 0.989269 20.6388 0.070376 0.99752 0.00118163 -1.00374 -0.986829 0.0694487 0.146102 21.1685
0.113372 -0.0118001 0.993483 21.7292 0.0695241 0.997573 0.00391493 -1.01593 -0.991117 0.0686271 0.113917 21.2963
0.0839765 -0.0118646 0.996397 22.7577 0.070031 0.997527 0.00597585 -1.02169 -0.994004 0.0692769 0.0845998 21.3795
0.0560432 -0.0118512 0.998358 23.8294 0.0727015 0.997324 0.00775776 -1.02626 -0.995778 0.0721474 0.0567548 21.4402
0.031134 -0.0114925 0.999449 24.9111 0.0767675 0.997008 0.00907308 -1.03178 -0.996563 0.0764428 0.0319231 21.459
0.00855773 -0.0106781 0.999907 25.9922 0.0815133 0.996623 0.00994535 -1.03568 -0.996636 0.0814206 0.00939924 21.4883
-0.0121917 -0.0112227 0.999863 27.1204 0.0865637 0.996171 0.0122368 -1.03915 -0.996172 0.086701 -0.0111736 21.4568
-0.0283591 -0.0114059 0.999533 28.2457 0.0910813 0.995746 0.0139469 -1.03487 -0.99544 0.0914342 -0.0271996 21.4078
-0.0456984 -0.0115824 0.998888 29.3813 0.0941516 0.995432 0.0158497 -1.03256 -0.994509 0.0947712 -0.0443991 21.3543
-0.0609035 -0.0120852 0.998071 30.529 0.0965472 0.995167 0.0179414 -1.03371 -0.993463 0.0974536 -0.0594424 21.3018
-0.0730192 -0.013018 0.997246 31.6714 0.0969538 0.995086 0.0200888 -1.02605 -0.992607 0.0981536 -0.0713983 21.2182
-0.0846655 -0.0124513 0.996332 32.8164 0.0967913 0.99509 0.0206608 -1.02056 -0.991697 0.0981855 -0.0830446 21.1102
-0.0966814 -0.0101492 0.995264 33.9913 0.0968086 0.995111 0.0195518 -1.00862 -0.990596 0.0982403 -0.0952261 20.9798
-0.106114 -0.00681281 0.994331 35.1641 0.097288 0.995108 0.0172006 -1.0024 -0.989583 0.0985617 -0.104932 20.8591
-0.117 -0.00457415 0.993122 36.3878 0.09795 0.995061 0.0161226 -0.992326 -0.98829 0.0991626 -0.115974 20.7193
-0.124135 -0.00331129 0.99226 37.5871 0.0978712 0.995077 0.0155647 -0.984888 -0.987427 0.0990458 -0.1232 20.584
-0.128598 -0.00214712 0.991695 38.8456 0.0979114 0.995084 0.0148512 -0.972425 -0.986852 0.0990081 -0.127756 20.409
-0.135286 -0.000953985 0.990806 40.1252 0.0985107 0.995032 0.0144089 -0.969033 -0.985897 0.0995543 -0.13452 20.2536
-0.138048 0.000685963 0.990425 41.3929 0.0979145 0.995111 0.0129584 -0.956807 -0.985574 0.0987659 -0.13744 20.0576
-0.141844 0.000924186 0.989889 42.7029 0.0980676 0.995093 0.0131234 -0.952594 -0.985019 0.0989374 -0.141239 19.8858
-0.14671 0.000584951 0.98918 44.0544 0.0979602 0.995093 0.0139405 -0.94552 -0.984317 0.0989455 -0.146047 19.6812
-0.148683 -0.00153498 0.988884 45.3945 0.0985667 0.994996 0.0163643 -0.9355 -0.98396 0.0999041 -0.147787 19.4797
-0.150413 -0.00162961 0.988622 46.7516 0.0991313 0.994934 0.0167223 -0.928162 -0.983641 0.100519 -0.14949 19.2934
-0.154499 -0.00237642 0.98799 48.1496 0.100239 0.994799 0.0180679 -0.91369 -0.982895 0.101827 -0.153457 19.0541
-0.153391 -0.00152234 0.988165 49.5965 0.101672 0.994667 0.0173147 -0.897027 -0.982921 0.103124 -0.152418 18.8434
-0.156777 -0.00107189 0.987634 51.0163 0.102234 0.99461 0.017308 -0.888277 -0.982329 0.103683 -0.155822 18.6152
-0.156173 -0.000165439 0.98773 52.4345 0.103018 0.994543 0.016455 -0.871424 -0.982343 0.104324 -0.155303 18.3905
-0.155237 0.000507938 0.987877 53.9187 0.101992 0.994664 0.0155158 -0.860962 -0.982598 0.103164 -0.15446 18.1284
-0.155742 0.000229936 0.987798 55.4397 0.102339 0.994622 0.0159039 -0.851606 -0.982482 0.103567 -0.154928 17.923
-0.153359 -3.95087e-05 0.988171 56.9347 0.102732 0.994581 0.0159832 -0.841087 -0.982816 0.103968 -0.152524 17.6854
-0.153554 5.04984e-05 0.98814 58.4266 0.102903 0.994564 0.01594 -0.832818 -0.982768 0.10413 -0.152724 17.4579
-0.152275 0.000931574 0.988338 60.0034 0.103162 0.994552 0.014957 -0.819966 -0.982939 0.104237 -0.151541 17.2109
-0.152364 0.00139088 0.988324 61.5817 0.10395 0.994475 0.0146259 -0.814975 -0.982843 0.104965 -0.151667 16.9786
-0.151333 0.00116409 0.988482 63.1626 0.10365 0.994505 0.0146972 -0.803604 -0.983034 0.10468 -0.150622 16.7435
-0.149806 -0.000512956 0.988715 64.7887 0.104932 0.994344 0.0164148 -0.794447 -0.983131 0.106207 -0.148905 16.4861
-0.149337 -0.00161959 0.988785 66.4414 0.108106 0.993977 0.0179554 -0.784798 -0.982859 0.109575 -0.148263 16.2555
-0.150072 -0.000937169 0.988675 68.013 0.110043 0.99377 0.0176456 -0.772199 -0.982532 0.111445 -0.149034 16.0143
-0.149573 -0.00154575 0.98875 69.758 0.108743 0.993907 0.0180039 -0.773187 -0.982753 0.110213 -0.148494 15.7327
-0.149575 0.000677398 0.98875 71.3613 0.111596 0.993622 0.0162011 -0.759144 -0.982433 0.112764 -0.148696 15.5168
-0.147759 -0.00142554 0.989022 73.1047 0.109965 0.993775 0.0178612 -0.756687 -0.982891 0.111397 -0.146683 15.2565
-0.148571 0.000553567 0.988902 74.7244 0.112906 0.99347 0.0164066 -0.737898 -0.982435 0.11409 -0.147663 15.0113
-0.149712 -0.00240223 0.988727 76.4866 0.111836 0.993538 0.019348 -0.735247 -0.982384 0.113472 -0.148475 14.7549
-0.148011 -0.000760314 0.988986 78.2253 0.114033 0.993317 0.0178297 -0.71715 -0.98239 0.115416 -0.146935 14.4817
-0.148801 -0.000679677 0.988867 79.9689 0.114004 0.99332 0.0178376 -0.708318 -0.982274 0.115389 -0.14773 14.2267
-0.150121 0.00106203 0.988667 81.752 0.114324 0.99331 0.0162922 -0.697599 -0.982035 0.115474 -0.149239 13.9638
-0.150646 0.000549709 0.988588 83.5472 0.113385 0.99341 0.0167258 -0.692962 -0.982064 0.114611 -0.149716 13.7054
-0.151357 0.00131003 0.988478 85.3617 0.112805 0.993489 0.0159563 -0.68521 -0.982021 0.113921 -0.150519 13.4191
-0.153526 0.000936614 0.988144 87.1226 0.112609 0.993502 0.0165542 -0.67585 -0.981707 0.113815 -0.152634 13.1388
-0.154209 -0.000103531 0.988038 88.9392 0.111814 0.993574 0.0175556 -0.668233 -0.981691 0.113184 -0.153207 12.853
-0.153604 -0.000376477 0.988133 90.8017 0.110735 0.993694 0.0175922 -0.652587 -0.981908 0.112123 -0.152593 12.5667
-0.156612 -8.34037e-05 0.98766 92.6386 0.10991 0.993787 0.0175123 -0.644484 -0.981526 0.111297 -0.15563 12.2791
-0.158419 0.000680889 0.987372 94.5351 0.10873 0.99393 0.0167598 -0.629831 -0.981367 0.110012 -0.157531 11.9875
-0.16315 0.00185622 0.9866 96.4057 0.109709 0.993831 0.0162723 -0.62385 -0.980483 0.110894 -0.162347 11.6857
-0.167093 0.000768543 0.985941 98.2997 0.107569 0.994044 0.0174555 -0.60881 -0.980056 0.108973 -0.166181 11.3718
-0.172476 0.000426711 0.985014 100.209 0.106478 0.994148 0.0182136 -0.601212 -0.979242 0.108024 -0.171512 11.0607
-0.177297 0.000761757 0.984157 102.109 0.104907 0.994317 0.0181295 -0.589338 -0.97855 0.106459 -0.176369 10.7109
-0.18094 0.00246744 0.983491 104.053 0.105701 0.994254 0.0169523 -0.58586 -0.977797 0.107024 -0.180161 10.3579
-0.185372 0.00400228 0.98266 105.961 0.105416 0.994302 0.0158363 -0.580415 -0.976998 0.106524 -0.184738 10.0006
-0.190944 0.0043406 0.981592 107.895 0.103841 0.994468 0.0158022 -0.574585 -0.976093 0.104947 -0.190338 9.63258
-0.19612 0.00423693 0.980571 109.835 0.102579 0.994593 0.0162189 -0.572079 -0.9752 0.103767 -0.195495 9.27153
-0.202275 0.00315687 0.979324 111.806 0.100156 0.994818 0.0174799 -0.561806 -0.974194 0.101621 -0.201543 8.88176
-0.206931 0.00278594 0.978352 113.769 0.100049 0.994814 0.0183285 -0.558118 -0.973226 0.101676 -0.206137 8.4765
-0.211468 0.00267316 0.977382 115.733 0.10044 0.994762 0.0190106 -0.544802 -0.972211 0.102188 -0.210628 8.04181
-0.219959 0.00434692 0.9755 117.71 0.100722 0.994747 0.0182786 -0.538757 -0.970295 0.102275 -0.219242 7.61819
-0.223262 0.004541 0.974748 119.68 0.099906 0.99483 0.0182485 -0.526705 -0.969625 0.101457 -0.222561 7.16853
-0.229529 0.00477448 0.97329 121.676 0.100822 0.994725 0.0188969 -0.520992 -0.968066 0.102466 -0.2288 6.68571
-0.23607 0.0048603 0.971724 123.634 0.100334 0.994765 0.0193994 -0.513652 -0.966543 0.102076 -0.235321 6.24558
-0.23941 0.0058208 0.970901 125.653 0.0996304 0.994851 0.018603 -0.500435 -0.965793 0.101185 -0.238757 5.73054
-0.24564 0.0053425 0.969347 127.642 0.0981273 0.994985 0.0193824 -0.489191 -0.964382 0.0998805 -0.244932 5.23574
-0.250316 0.00507811 0.968151 129.659 0.099762 0.994799 0.0205756 -0.481259 -0.963011 0.101735 -0.249521 4.72818
-0.252554 0.00530807 0.967568 131.673 0.101978 0.994562 0.021162 -0.460314 -0.962194 0.104015 -0.251722 4.17705
-0.256803 0.00545706 0.966449 133.716 0.102681 0.994478 0.0216689 -0.451875 -0.960994 0.104801 -0.255945 3.64886
-0.261378 0.00650631 0.965215 135.716 0.104211 0.994322 0.0215177 -0.437292 -0.959594 0.106211 -0.260572 3.12519
-0.264441 0.00595451 0.964384 137.783 0.102916 0.994445 0.0220803 -0.42209 -0.958895 0.10509 -0.263585 2.5654
-0.26902 0.00644029 0.963113 139.815 0.101867 0.994559 0.0218034 -0.405561 -0.957732 0.103975 -0.268213 2.0153
-0.274169 0.00571322 0.961665 141.854 0.0997189 0.994761 0.0225198 -0.389362 -0.956498 0.10207 -0.273302 1.44451
-0.277481 0.0067991 0.960707 143.952 0.0995173 0.994799 0.0217032 -0.36444 -0.955563 0.101629 -0.276715 0.85988
-0.282499 0.00697918 0.959242 145.975 0.0993961 0.994804 0.0220345 -0.352596 -0.954104 0.10157 -0.281725 0.269412
-0.287238 0.00732128 0.957831 148.1 0.098994 0.994843 0.0220826 -0.334122 -0.95273 0.101163 -0.286482 -0.359961
-0.292781 0.00713209 0.956153 150.128 0.0984314 0.994884 0.0227194 -0.3194 -0.9511 0.100767 -0.291985 -0.962636
-0.296553 0.00713191 0.95499 152.211 0.0986235 0.994854 0.0231959 -0.302755 -0.94991 0.101063 -0.295731 -1.59766
-0.301386 0.00716544 0.953475 154.291 0.0990759 0.994794 0.0238412 -0.283391 -0.948341 0.101652 -0.300527 -2.25481
-0.306189 0.00745144 0.951942 156.437 0.100029 0.994686 0.0243881 -0.266353 -0.946701 0.102689 -0.305307 -2.92919
-0.309217 0.00824667 0.950956 158.499 0.100258 0.994673 0.0239747 -0.240384 -0.945692 0.102755 -0.308397 -3.59272
-0.314218 0.0100416 0.949298 160.534 0.100491 0.994678 0.0227409 -0.224685 -0.944017 0.102541 -0.313555 -4.25649
-0.31765 0.0109002 0.948146 162.741 0.10119 0.994614 0.0224663 -0.203218 -0.942793 0.103079 -0.317042 -4.98675
-0.321366 0.0113354 0.946887 164.795 0.100358 0.994705 0.0221527 -0.18521 -0.941622 0.102146 -0.320802 -5.68138
-0.325776 0.0115471 0.945377 166.949 0.100732 0.994658 0.022563 -0.162787 -0.940066 0.10258 -0.325198 -6.40598
-0.328365 0.0117383 0.944478 169.032 0.101276 0.994596 0.0228492 -0.149025 -0.939106 0.103156 -0.327779 -7.11087
-0.332732 0.0118196 0.942947 171.182 0.102494 0.994451 0.0237011 -0.124569 -0.937435 0.104532 -0.332098 -7.88718
-0.335382 0.0119692 0.942006 173.358 0.104553 0.994215 0.0245915 -0.10459 -0.936263 0.106738 -0.334693 -8.64659
-0.338506 0.0121298 0.940886 175.468 0.105679 0.994081 0.025205 -0.0807136 -0.935011 0.107964 -0.337784 -9.39901
-0.342574 0.0114003 0.939422 177.578 0.105009 0.994125 0.026229 -0.0553171 -0.933604 0.107633 -0.341759 -10.1776
-0.345319 0.0118844 0.93841 179.817 0.104266 0.994215 0.025777 -0.0308618 -0.932676 0.106746 -0.34456 -10.9717
-0.349327 0.0130078 0.936911 181.921 0.10281 0.994399 0.0245268 -0.000455465 -0.931344 0.104892 -0.348707 -11.7547
-0.351756 0.0144545 0.93598 184.021 0.102216 0.994495 0.0230562 0.0183843 -0.930494 0.103782 -0.351297 -12.5622
-0.353096 0.015739 0.935455 186.284 0.101505 0.994601 0.0215799 0.0421764 -0.930064 0.102573 -0.352787 -13.3792
-0.357856 0.0163586 0.933633 188.439 0.100233 0.994743 0.0209893 0.0590975 -0.928382 0.101092 -0.357615 -14.1757
-0.362562 0.0164958 0.931814 190.613 0.100555 0.994699 0.0215159 0.0733686 -0.926519 0.101499 -0.362298 -15.0376
-0.364286 0.0161249 0.931148 192.739 0.100428 0.9947 0.0220641 0.0981752 -0.925856 0.10155 -0.363974 -15.8729
-0.367978 0.0150837 0.929712 194.969 0.100135 0.994696 0.023495 0.115506 -0.924427 0.101742 -0.367537 -16.7313
-0.373289 0.0148123 0.927597 197.149 0.100212 0.994666 0.0244446 0.134149 -0.922287 0.102081 -0.372782 -17.6103
-0.376163 0.0153975 0.926426 199.321 0.0992781 0.994776 0.023777 0.156282 -0.92122 0.100918 -0.375726 -18.4784
-0.380407 0.0157381 0.924686 201.495 0.0988322 0.994821 0.0237268 0.183024 -0.919523 0.100415 -0.379992 -19.3633
-0.383694 0.0163564 0.923315 203.707 0.0989931 0.99481 0.0235148 0.19769 -0.918139 0.100424 -0.383322 -20.261
-0.386517 0.0167111 0.922131 205.868 0.0998145 0.994721 0.0238112 0.210195 -0.916865 0.101245 -0.386144 -21.1587
-0.389686 0.016466 0.920801 208.117 0.100862 0.994589 0.0248994 0.231747 -0.915408 0.102576 -0.389238 -22.0883
-0.390297 0.0164992 0.920541 210.283 0.102602 0.994391 0.0256792 0.255472 -0.914954 0.104472 -0.389801 -23.0032
-0.394221 0.0165799 0.918866 212.474 0.103432 0.994285 0.0264346 0.282923 -0.913177 0.105461 -0.393683 -23.9517
-0.397151 0.0174032 0.917588 214.698 0.103297 0.994315 0.0258506 0.303997 -0.911922 0.105051 -0.396691 -24.9283
-0.399502 0.0178549 0.916559 216.852 0.103234 0.994327 0.0256269 0.326459 -0.910901 0.104858 -0.399079 -25.8317
-0.402 0.0190279 0.915442 219.083 0.102728 0.994409 0.0244418 0.34941 -0.909859 0.103867 -0.401707 -26.8193
-0.405181 0.0199207 0.914019 221.281 0.102008 0.994505 0.0235448 0.361801 -0.908528 0.102777 -0.404987 -27.8086
-0.408347 0.0200068 0.912608 223.462 0.100451 0.994673 0.0231411 0.384312 -0.907283 0.101122 -0.408182 -28.7521
-0.411467 0.0206555 0.911191 225.631 0.101106 0.994607 0.02311 0.396393 -0.905799 0.101636 -0.411336 -29.7212
-0.413956 0.0204243 0.910068 227.871 0.102695 0.994414 0.024395 0.406933 -0.904486 0.103558 -0.413741 -30.7553
-0.416977 0.0195235 0.908708 230.001 0.103067 0.994336 0.0259307 0.431869 -0.903055 0.10447 -0.416627 -31.7095
-0.420151 0.0196767 0.907241 232.261 0.102653 0.994378 0.0259728 0.454715 -0.90163 0.104043 -0.419809 -32.7628
-0.422845 0.0186292 0.906011 234.379 0.100775 0.994554 0.026583 0.477564 -0.900581 0.102544 -0.42242 -33.7419
-0.426418 0.018505 0.904337 236.573 0.0995209 0.994681 0.026573 0.500223 -0.899035 0.101332 -0.425992 -34.763
-0.430381 0.0179065 0.90247 238.788 0.0987559 0.994736 0.0273587 0.531444 -0.897229 0.100899 -0.429884 -35.8255
-0.433586 0.0178416 0.900935 240.933 0.0981627 0.994789 0.0275418 0.550835 -0.895749 0.10038 -0.433078 -36.8437
-0.437514 0.0171438 0.899049 243.09 0.097444 0.994834 0.0284499 0.583092 -0.893916 0.100054 -0.436924 -37.9052
-0.441415 0.0165593 0.897151 245.301 0.096198 0.994941 0.0289669 0.603479 -0.892132 0.0990905 -0.440774 -38.9718
-0.44447 0.0166999 0.895638 247.446 0.0956527 0.994995 0.0289161 0.636827 -0.890672 0.0985226 -0.443842 -39.9931
-0.448085 0.0170773 0.893828 249.608 0.0957032 0.994988 0.028967 0.663347 -0.888854 0.0985218 -0.447474 -41.0722
-0.452991 0.0167401 0.891358 251.767 0.0957524 0.994954 0.0299761 0.688878 -0.886358 0.0989285 -0.452308 -42.1834
-0.45597 0.0174331 0.889825 253.9 0.0957817 0.994963 0.0295882 0.719242 -0.884826 0.0987202 -0.455343 -43.2596
-0.461157 0.0169169 0.887158 256.084 0.0942847 0.995092 0.0300354 0.751598 -0.882295 0.0974964 -0.460488 -44.3842
-0.462982 0.0176662 0.886192 258.186 0.0947863 0.995055 0.0296837 0.786665 -0.881285 0.0977418 -0.462367 -45.4438
-0.467224 0.0179801 0.883956 260.333 0.0954771 0.994973 0.0302272 0.827917 -0.878969 0.0985205 -0.466592 -46.6005
-0.472179 0.0195771 0.881285 262.496 0.0967428 0.994865 0.0297331 0.857712 -0.876178 0.0992974 -0.471649 -47.7533
-0.47316 0.0210156 0.880726 264.647 0.0984769 0.994712 0.0291701 0.889347 -0.875455 0.100533 -0.472727 -48.9189
-0.476967 0.0222187 0.878641 266.797 0.100147 0.994544 0.029215 0.92434 -0.873197 0.101928 -0.47659 -50.0511
-0.48076 0.0239421 0.876525 268.925 0.10164 0.994411 0.0285857 0.960411 -0.870942 0.102833 -0.480506 -51.223
-0.48273 0.0261905 0.875378 271.046 0.103802 0.994218 0.0274958 0.987443 -0.869596 0.104139 -0.482657 -52.3709
-0.487269 0.0272579 0.872826 273.174 0.104651 0.994132 0.027377 1.0268 -0.866958 0.104682 -0.487263 -53.5667
-0.490204 0.0275658 0.871172 275.302 0.104633 0.994133 0.0274197 1.06173 -0.865304 0.104594 -0.490213 -54.7523
-0.493289 0.0278081 0.869421 277.473 0.103772 0.994233 0.0270774 1.10731 -0.863654 0.103578 -0.49333 -55.9629
-0.497402 0.028555 0.86705 279.642 0.104407 0.994164 0.0271541 1.14411 -0.861215 0.104033 -0.49748 -57.2125
-0.500495 0.0289496 0.865255 281.789 0.103852 0.994231 0.0268071 1.18067 -0.859488 0.103275 -0.500615 -58.4427
-0.502721 0.0291901 0.863956 283.962 0.102655 0.994374 0.0261368 1.21822 -0.858332 0.101829 -0.502889 -59.69
-0.506089 0.0289837 0.861994 286.147 0.10351 0.994253 0.0273412 1.25713 -0.856247 0.103062 -0.506181 -60.9648
-0.508334 0.0288581 0.860677 288.291 0.104751 0.994089 0.0285369 1.29633 -0.854766 0.104663 -0.508352 -62.2434
-0.510645 0.0285962 0.859316 290.472 0.105791 0.993942 0.0297894 1.33846 -0.853258 0.106119 -0.510577 -63.5285
-0.513706 0.028312 0.857499 292.705 0.105726 0.993927 0.0305213 1.38474 -0.851427 0.106339 -0.513579 -64.8551
-0.515201 0.0275958 0.856625 294.87 0.105272 0.993951 0.0312943 1.44095 -0.85058 0.106302 -0.514989 -66.159
-0.518742 0.0272768 0.854496 297.09 0.105847 0.99385 0.0325317 1.48948 -0.848353 0.107321 -0.518439 -67.4631
-0.519426 0.0271228 0.854085 299.325 0.106398 0.993771 0.0331493 1.54191 -0.847866 0.108092 -0.519076 -68.8221
-0.520946 0.0281138 0.853127 301.525 0.10608 0.993842 0.0320251 1.59425 -0.846972 0.107183 -0.52072 -70.1537
-0.52745 0.0292196 0.849084 303.781 0.104941 0.993996 0.030983 1.64326 -0.84308 0.105446 -0.527349 -71.5331
-0.528125 0.0288726 0.848676 305.976 0.103269 0.994188 0.0304407 1.68767 -0.842864 0.103718 -0.528037 -72.8712
-0.532765 0.0267328 0.845841 308.223 0.100811 0.994389 0.0320696 1.74694 -0.840237 0.102356 -0.53247 -74.2718
-0.538093 0.0243933 0.842533 310.5 0.0982928 0.994577 0.0339804 1.79855 -0.837135 0.101099 -0.537573 -75.6804
-0.541851 0.0232587 0.840153 312.714 0.0975149 0.994606 0.035357 1.85782 -0.834799 0.101086 -0.541196 -77.0796
-0.546785 0.0226626 0.836967 314.921 0.0968188 0.994639 0.0363191 1.92512 -0.831657 0.100893 -0.546047 -78.5398
-0.551774 0.024364 0.833638 317.22 0.0991145 0.994405 0.0365401 1.98168 -0.828083 0.102787 -0.551102 -79.9878
-0.555172 0.024839 0.831365 319.406 0.0998599 0.994314 0.0369773 2.04838 -0.825719 0.103549 -0.554496 -81.4626
-0.559524 0.0245532 0.82845 321.677 0.100304 0.99422 0.0382776 2.11029 -0.822722 0.104514 -0.558753 -82.9495
-0.56263 0.0239289 0.826363 323.873 0.10046 0.994152 0.0396105 2.17483 -0.820583 0.105302 -0.561743 -84.4375
-0.567638 0.0219404 0.822986 326.053 0.0991692 0.994188 0.0418954 2.24286 -0.817283 0.105396 -0.566515 -85.9243
-0.571432 0.0210363 0.82038 328.346 0.0974875 0.994333 0.0424077 2.31643 -0.814839 0.10421 -0.570244 -87.5229
-0.575845 0.0205483 0.817301 330.527 0.0973343 0.994297 0.0435804 2.38646 -0.811744 0.104647 -0.574561 -89.0017
-0.579417 0.0208109 0.814766 332.728 0.0983758 0.994151 0.0445667 2.45987 -0.809073 0.105976 -0.578075 -90.5581
-0.583723 0.0202694 0.8117 335.013 0.0986625 0.994051 0.0461288 2.53455 -0.805936 0.107011 -0.582251 -92.1773
-0.586584 0.0183373 0.809681 337.173 0.0962763 0.994233 0.0472317 2.61297 -0.804145 0.105658 -0.584967 -93.7161
-0.590559 0.0180098 0.806794 339.417 0.0961378 0.994201 0.048178 2.69988 -0.801248 0.106015 -0.588866 -95.3304
-0.593092 0.0170174 0.804955 341.659 0.0958852 0.994154 0.0496312 2.78877 -0.799404 0.106619 -0.591257 -96.983
-0.596409 0.0154472 0.802532 343.792 0.0931613 0.99439 0.0500937 2.87393 -0.797256 0.104641 -0.594503 -98.5477
-0.600262 0.014349 0.799675 346.022 0.0893726 0.994781 0.0492361 2.96696 -0.794795 0.101024 -0.598411 -100.183
-0.603069 0.0129582 0.797584 348.11 0.0849797 0.995222 0.0480856 3.05231 -0.79315 0.0967774 -0.601288 -101.766
-0.607791 0.0104045 0.794029 350.243 0.0827328 0.995302 0.0502861 3.13768 -0.789775 0.0962557 -0.605797 -103.346
-0.610151 0.00992682 0.792223 352.468 0.0836423 0.995141 0.0519499 3.24069 -0.787857 0.0979607 -0.608017 -105.038
-0.612699 0.00968918 0.790257 354.611 0.0824624 0.995251 0.0517318 3.32601 -0.786003 0.0968625 -0.610588 -106.657
-0.615749 0.00790359 0.787903 356.774 0.0797873 0.995435 0.0523687 3.41966 -0.783893 0.0951106 -0.613569 -108.329
-0.618687 0.00558145 0.785618 359.006 0.078903 0.99536 0.0550659 3.52811 -0.781666 0.0960562 -0.616257 -110.04
-0.622324 0.00266252 0.782755 361.096 0.0758092 0.995498 0.0568854 3.62494 -0.77908 0.0947412 -0.619724 -111.664
-0.624337 0.00197441 0.781153 363.231 0.0745606 0.995582 0.0570762 3.73756 -0.777589 0.093878 -0.621725 -113.357
-0.628057 0.000921068 0.778167 365.457 0.0729617 0.995664 0.0577086 3.84779 -0.77474 0.0930207 -0.6254 -115.123
-0.632201 0.00109564 0.774804 367.516 0.0735599 0.995567 0.0586134 3.95386 -0.771305 0.09405 -0.629479 -116.753
-0.632847 0.000315759 0.774276 369.852 0.0729972 0.99557 0.0592576 4.0758 -0.770828 0.0940211 -0.630067 -118.67
-0.635092 -0.00138316 0.772436 371.936 0.07053 0.995717 0.0597723 4.18736 -0.76921 0.0924408 -0.632274 -120.346
-0.63827 -0.00518416 0.769795 374.027 0.0605685 0.996539 0.0569311 4.28507 -0.767426 0.0829628 -0.635747 -122.036
-0.641731 -0.00564894 0.766909 376.105 0.049539 0.997579 0.048801 4.39936 -0.765328 0.069309 -0.639897 -123.764
-0.643773 0.00527859 0.765199 378.244 0.0601886 0.997227 0.0437584 4.46364 -0.762846 0.0742267 -0.642306 -125.504
-0.646463 0.00816216 0.762902 380.336 0.0690584 0.996464 0.0478572 4.53777 -0.759814 0.0836227 -0.644741 -127.298
-0.646929 -0.000685841 0.76255 382.406 0.0687305 0.995877 0.059205 4.64465 -0.759447 0.0907119 -0.644214 -129.074
-0.6493 -0.0108358 0.760455 384.54 0.0625753 0.995747 0.0676172 4.77028 -0.757953 0.0914896 -0.645861 -130.826
-0.651428 -0.0180337 0.758496 386.547 0.0558997 0.99586 0.0716862 4.91325 -0.756648 0.0890981 -0.647723 -132.531
-0.655329 -0.0185538 0.755116 388.68 0.0545033 0.995931 0.0717717 5.06341 -0.753374 0.0881904 -0.651651 -134.328
-0.658678 -0.0139747 0.752295 390.756 0.0592927 0.995754 0.0704114 5.19909 -0.750085 0.090984 -0.655053 -136.117
-0.659835 -0.00762076 0.751372 392.793 0.0636601 0.995787 0.0660042 5.31804 -0.74871 0.0913843 -0.656569 -137.889
-0.662269 -0.0045772 0.749252 394.844 0.065021 0.995858 0.0635562 5.44551 -0.74644 0.0908085 -0.659228 -139.672
-0.665174 -0.00427666 0.746677 396.868 0.0652568 0.995825 0.0638374 5.56486 -0.743832 0.0911887 -0.662117 -141.43
-0.66976 -0.00486631 0.742562 398.919 0.0654759 0.995697 0.0655817 5.69291 -0.739685 0.0925439 -0.666559 -143.238
-0.671462 -0.00555625 0.741018 400.948 0.0658832 0.995564 0.067164 5.8213 -0.738105 0.0939187 -0.668118 -145.026
-0.673272 -0.00585976 0.739372 403.001 0.0659651 0.995505 0.0679575 5.95577 -0.736447 0.0945266 -0.669859 -146.879
-0.67427 -0.00493621 0.738469 405.002 0.0669634 0.99545 0.0677958 6.08934 -0.735443 0.095163 -0.670871 -148.654
-0.676885 -0.00537929 0.736069 407 0.0666998 0.995411 0.0686113 6.22011 -0.733061 0.0955376 -0.67342 -150.491
-0.677853 -0.0052967 0.735178 409.07 0.0684965 0.99517 0.0703254 6.35717 -0.731999 0.0980274 -0.674216 -152.363
-0.678523 -0.00670045 0.734549 411.096 0.069337 0.99491 0.0731239 6.5024 -0.731299 0.100548 -0.674605 -154.21
-0.681077 -0.00606017 0.732187 413.076 0.0718287 0.99459 0.0750468 6.64621 -0.72868 0.103705 -0.676957 -156.01
-0.681018 -0.00659411 0.732237 415.096 0.0703389 0.994747 0.0743768 6.79675 -0.728881 0.102157 -0.676976 -157.872
-0.683336 -0.00660772 0.730074 417.124 0.0663914 0.995254 0.0711489 6.94591 -0.727079 0.0970893 -0.679654 -159.727
-0.683242 -0.0078223 0.73015 419.053 0.0628721 0.995599 0.0694991 7.08035 -0.72748 0.0933908 -0.679743 -161.503
-0.686589 -0.00822704 0.726999 421.037 0.0626833 0.995543 0.0704651 7.22676 -0.724338 0.0939513 -0.683013 -163.365
-0.686858 -0.00950901 0.72673 423.09 0.0612619 0.995598 0.0709278 7.36678 -0.724205 0.0932382 -0.683252 -165.248
-0.687999 -0.0109901 0.725628 425.05 0.0576134 0.995902 0.0697093 7.50541 -0.723421 0.0897659 -0.684547 -167.089
-0.689185 -0.0117835 0.72449 427.041 0.0566873 0.995926 0.0701232 7.64018 -0.722365 0.0893972 -0.685709 -168.941
-0.689779 -0.0130061 0.723903 428.957 0.0573468 0.995716 0.0725333 7.77941 -0.721745 0.0915454 -0.686078 -170.762
-0.691643 -0.0138743 0.722106 431.001 0.0594509 0.995329 0.0760668 7.93266 -0.719789 0.0955409 -0.687587 -172.695
-0.689413 -0.0148505 0.724216 432.941 0.0639613 0.994637 0.0812831 8.09585 -0.721539 0.102359 -0.684766 -174.535
-0.687785 -0.0156777 0.725746 434.821 0.0679725 0.993983 0.0858894 8.25904 -0.722725 0.108404 -0.682581 -176.321
-0.687901 -0.0192892 0.725548 436.812 0.0618669 0.99445 0.0850951 8.44695 -0.723163 0.103424 -0.682891 -178.207
-0.6851 -0.0201282 0.728171 438.839 0.0552534 0.995303 0.0794975 8.61804 -0.72635 0.0946976 -0.68077 -180.04
-0.685173 -0.0225536 0.728031 440.817 0.0493119 0.995791 0.0772574 8.78801 -0.726709 0.0888353 -0.681177 -181.936
-0.683417 -0.0226655 0.729677 442.831 0.0488013 0.995864 0.0766412 8.93795 -0.728396 0.087987 -0.679484 -183.733
-0.680216 -0.0235066 0.732634 444.692 0.0484809 0.995854 0.0769643 9.08615 -0.731406 0.0878711 -0.676257 -185.514
-0.677943 -0.0216833 0.734795 446.797 0.0517769 0.995674 0.0771526 9.25994 -0.733289 0.0903504 -0.673888 -187.395
-0.677191 -0.0227125 0.735457 448.79 0.0481082 0.996018 0.075056 9.40431 -0.734233 0.0862088 -0.673401 -189.201
-0.673962 -0.0265161 0.73829 450.775 0.0422251 0.996339 0.0743301 9.55994 -0.737559 0.0812701 -0.670375 -190.998
-0.672952 -0.0334444 0.73893 452.706 0.0335022 0.996574 0.0756164 9.71351 -0.738927 0.075642 -0.669526 -192.769
-0.671346 -0.0374846 0.740196 454.754 0.0261901 0.996897 0.0742383 9.86614 -0.740682 0.0692254 -0.66828 -194.611
-0.671816 -0.0377308 0.739757 456.766 0.0251771 0.996962 0.0737141 10.0149 -0.74029 0.0681473 -0.668825 -196.338
-0.671295 -0.0381235 0.740209 458.738 0.0264176 0.996811 0.0752976 10.1632 -0.740719 0.0701015 -0.668148 -198.162
-0.670088 -0.0388078 0.741266 460.728 0.0286144 0.99654 0.078039 10.3096 -0.74173 0.0735039 -0.666659 -199.912
-0.666563 -0.0404427 0.744351 462.668 0.028056 0.996459 0.0792644 10.4708 -0.744921 0.0737182 -0.663068 -201.662
-0.667024 -0.0420966 0.743846 464.776 0.0247254 0.996602 0.0785728 10.6393 -0.744626 0.0708018 -0.663716 -203.502
-0.665476 -0.0419097 0.745242 466.664 0.0225333 0.996839 0.0761801 10.787 -0.74608 0.0674888 -0.662428 -205.205
-0.666214 -0.0407954 0.744644 468.688 0.0227598 0.996925 0.0749792 10.9402 -0.745414 0.0669002 -0.663237 -206.958
-0.662667 -0.0387229 0.747913 470.703 0.027618 0.99672 0.076075 11.094 -0.748405 0.0710682 -0.659424 -208.749
-0.662021 -0.0397072 0.748433 472.699 0.0281199 0.996577 0.0777455 11.2504 -0.748958 0.072515 -0.658638 -210.55
-0.660714 -0.0398008 0.749582 474.716 0.0287393 0.99652 0.0782446 11.4061 -0.750088 0.0732398 -0.65727 -212.281
-0.660425 -0.0408506 0.749781 476.724 0.0275008 0.996533 0.0785178 11.5685 -0.750389 0.0724746 -0.657012 -214.057
-0.657847 -0.0415459 0.752005 478.732 0.0278359 0.996454 0.0794016 11.7266 -0.752637 0.0731668 -0.654358 -215.795
-0.65945 -0.0423425 0.750555 480.719 0.0276216 0.996374 0.080479 11.8884 -0.751241 0.0738034 -0.655889 -217.54
-0.658506 -0.0415589 0.751428 482.715 0.02776 0.996453 0.0794376 12.0531 -0.752064 0.0731698 -0.655017 -219.248
-0.65639 -0.0407483 0.753321 484.745 0.0273338 0.9966 0.0777244 12.2126 -0.753927 0.0716086 -0.653044 -221.009
-0.657782 -0.0415313 0.752063 486.831 0.0273894 0.996499 0.0789857 12.3761 -0.752711 0.0725539 -0.654341 -222.793
-0.656821 -0.0429376 0.752823 488.811 0.0268936 0.996408 0.0802946 12.5301 -0.753567 0.0729853 -0.653307 -224.499
-0.656117 -0.0444482 0.753349 490.807 0.0255587 0.996383 0.0810473 12.6978 -0.754226 0.0724312 -0.652607 -226.226
-0.656377 -0.0455596 0.753057 492.873 0.0246375 0.996348 0.0817531 12.8693 -0.754031 0.0722143 -0.652857 -228
-0.657485 -0.0449282 0.752127 494.957 0.0246076 0.996408 0.0810315 13.0357 -0.753066 0.0717851 -0.654018 -229.768
-0.657994 -0.044644 0.751699 496.958 0.0253626 0.996361 0.0813756 13.2011 -0.752596 0.0726097 -0.654467 -231.501
-0.657373 -0.0461806 0.752149 499.062 0.0249836 0.996236 0.0830026 13.3791 -0.753151 0.0733551 -0.653745 -233.346
-0.657108 -0.047252 0.752314 501.072 0.0246842 0.996149 0.0841274 13.5516 -0.753392 0.0738511 -0.653412 -235.057
-0.660005 -0.0483195 0.749705 503.215 0.0240735 0.996057 0.0853903 13.7413 -0.750875 0.0744061 -0.65624 -236.921
-0.659235 -0.0479544 0.750407 505.157 0.0235849 0.996155 0.0843782 13.9096 -0.751567 0.0733233 -0.655569 -238.578
-0.659463 -0.0479205 0.750208 507.189 0.0232731 0.996186 0.0840907 14.0849 -0.751377 0.0729143 -0.655833 -240.352
-0.658967 -0.047247 0.750687 509.264 0.0244164 0.996156 0.0841295 14.2671 -0.751776 0.0737676 -0.65528 -242.142
-0.658037 -0.0483133 0.751434 511.223 0.0236262 0.996123 0.0847351 14.4372 -0.752615 0.0735124 -0.654344 -243.87
-0.659894 -0.0478779 0.749832 513.243 0.0239194 0.996123 0.0846545 14.607 -0.750978 0.0737986 -0.656191 -245.605
-0.657775 -0.0479733 0.751686 515.24 0.0230492 0.99622 0.0837494 14.7805 -0.752862 0.072414 -0.654183 -247.337
-0.657765 -0.0486155 0.751653 517.29 0.0228542 0.996167 0.0844298 14.9622 -0.752876 0.0727134 -0.654133 -249.11
-0.659029 -0.0496251 0.750479 519.301 0.0227889 0.996045 0.0858751 15.1358 -0.751772 0.0736967 -0.655292 -250.862
-0.657876 -0.0510172 0.751396 521.277 0.0227197 0.995905 0.0875104 15.317 -0.752783 0.0746425 -0.654023 -252.583
-0.657319 -0.0506393 0.751909 523.281 0.0233387 0.995893 0.0874737 15.4998 -0.753251 0.0750467 -0.653438 -254.32
-0.65804 -0.0496128 0.751347 525.349 0.0241618 0.995922 0.0869238 15.6818 -0.752595 0.0753533 -0.654158 -256.093
-0.65893 -0.0499875 0.750542 527.254 0.024506 0.995833 0.0878391 15.8571 -0.751805 0.0762726 -0.654959 -257.748
-0.657049 -0.0502941 0.752169 529.336 0.0249319 0.995776 0.088362 16.0514 -0.753436 0.0768111 -0.65302 -259.569
-0.65845 -0.0512339 0.750878 531.365 0.0232844 0.995816 0.0883647 16.2393 -0.752264 0.0756675 -0.654502 -261.327
-0.658469 -0.0515001 0.750844 533.315 0.0230872 0.995804 0.0885486 16.4218 -0.752254 0.0756414 -0.654517 -263.022
-0.659138 -0.0521238 0.750213 535.353 0.023079 0.995723 0.0894587 16.6023 -0.751668 0.0762798 -0.655116 -264.769
-0.657923 -0.0538413 0.751159 537.419 0.0227491 0.995565 0.0912852 16.7999 -0.752742 0.0771467 -0.65378 -266.571
-0.6592 -0.0553197 0.74993 539.302 0.0215801 0.995488 0.0924028 16.9883 -0.751658 0.0770955 -0.655032 -268.195
-0.659297 -0.0539861 0.749942 541.403 0.0212989 0.995678 0.0904004 17.1884 -0.751581 0.0755737 -0.655298 -270.016
-0.659179 -0.0523871 0.750159 543.395 0.0209315 0.995906 0.0879416 17.3763 -0.751695 0.0736712 -0.655384 -271.739
-0.659049 -0.053347 0.750206 545.381 0.0194743 0.995936 0.0879288 17.5579 -0.751848 0.0725592 -0.655332 -273.517
-0.661682 -0.0540666 0.747833 547.427 0.0214139 0.995627 0.0909285 17.7509 -0.749479 0.0761798 -0.657631 -275.25
-0.65913 -0.0548282 0.750028 549.444 0.0224847 0.995456 0.0925291 17.9467 -0.751693 0.0778528 -0.654902 -276.985
-0.659932 -0.0547207 0.74933 551.442 0.022148 0.995494 0.0922027 18.1377 -0.750999 0.0774437 -0.655746 -278.732
-0.661856 -0.0536343 0.74771 553.421 0.0227927 0.995536 0.0915868 18.3344 -0.749285 0.0776595 -0.657679 -280.449
-0.660377 -0.0533653 0.749036 555.414 0.0239955 0.995463 0.0920774 18.538 -0.750551 0.0787793 -0.6561 -282.231
-0.6609 -0.0529238 0.748605 557.448 0.0244841 0.995459 0.091991 18.7284 -0.750074 0.0791258 -0.656603 -283.963
-0.659884 -0.0541408 0.749414 559.433 0.0249358 0.995273 0.0938595 18.9251 -0.750953 0.0806237 -0.655415 -285.698
-0.660365 -0.0547792 0.748945 561.476 0.0252148 0.995156 0.0950201 19.1296 -0.750522 0.0816324 -0.655784 -287.483
-0.66104 -0.0552542 0.748314 563.457 0.0244426 0.99517 0.0950737 19.3243 -0.749953 0.0811382 -0.656497 -289.23
-0.658233 -0.0550894 0.750796 565.408 0.0253843 0.995128 0.0952719 19.5195 -0.752387 0.0817695 -0.653627 -290.894
-0.659071 -0.0553028 0.750044 567.438 0.0263177 0.994986 0.0964886 19.7309 -0.75162 0.0833324 -0.654311 -292.714
-0.65888 -0.0571877 0.750072 569.366 0.0240304 0.994997 0.0969704 19.9311 -0.751865 0.0819163 -0.654209 -294.423
-0.658613 -0.0580861 0.750237 571.399 0.0238965 0.994899 0.0980069 20.1442 -0.752103 0.0824767 -0.653865 -296.125
-0.6571 -0.0579841 0.75157 573.329 0.0231112 0.995019 0.0969725 20.3395 -0.753449 0.0810903 -0.652487 -297.821
-0.656947 -0.0564895 0.751818 575.4 0.0247188 0.995039 0.0963641 20.5576 -0.753531 0.0818901 -0.652292 -299.593
-0.655817 -0.0559462 0.752844 577.412 0.0257367 0.995014 0.0963624 20.758 -0.754481 0.0825719 -0.651107 -301.323
-0.655639 -0.0566377 0.752947 579.424 0.0259104 0.994908 0.0974001 20.9619 -0.75463 0.0833684 -0.650833 -303.04
-0.655367 -0.0571736 0.753143 581.433 0.0265941 0.994766 0.0986575 21.1717 -0.754842 0.084686 -0.650417 -304.802
-0.653974 -0.0565056 0.754404 583.387 0.0268733 0.994842 0.0978105 21.37 -0.756039 0.0842389 -0.649083 -306.465
-0.653439 -0.0574593 0.754796 585.411 0.0252926 0.994901 0.0976337 21.5882 -0.756557 0.0828884 -0.648654 -308.273
-0.65394 -0.0571294 0.754387 587.496 0.0257003 0.994892 0.0976211 21.7973 -0.75611 0.0832262 -0.649131 -309.978
-0.651791 -0.0586866 0.756125 589.398 0.0244724 0.994855 0.0983112 22.0005 -0.758004 0.0825826 -0.647001 -311.645
-0.653085 -0.0592083 0.754967 591.551 0.023863 0.994835 0.0986627 22.2204 -0.756909 0.0824509 -0.648299 -313.439
-0.652373 -0.060166 0.755506 593.522 0.0228093 0.994834 0.098921 22.4274 -0.757554 0.0817659 -0.647631 -315.171
-0.651747 -0.0608564 0.755991 595.548 0.0215772 0.994884 0.0986891 22.6429 -0.758129 0.0806325 -0.6471 -316.863
-0.65016 -0.0604456 0.757389 597.499 0.0210304 0.995017 0.097463 22.8479 -0.759506 0.0792947 -0.645649 -318.519
-0.651815 -0.0606112 0.755952 599.567 0.0215525 0.994918 0.0983546 23.0585 -0.758072 0.0804017 -0.647196 -320.253
-0.650984 -0.0621954 0.756539 601.567 0.0213515 0.994743 0.100151 23.2706 -0.758791 0.0813498 -0.646234 -321.96
-0.651148 -0.0632241 0.756313 603.523 0.0203949 0.994707 0.100712 23.4857 -0.758677 0.081003 -0.646412 -323.667
-0.649907 -0.0628574 0.75741 605.455 0.0205715 0.994754 0.100206 23.7053 -0.759735 0.0807058 -0.645205 -325.359
-0.650929 -0.0614504 0.756647 607.545 0.0200356 0.994981 0.0980427 23.9151 -0.758874 0.0789788 -0.646431 -327.063
-0.649001 -0.0604892 0.758379 609.46 0.0205953 0.995072 0.0969929 24.1174 -0.760509 0.0785676 -0.644557 -328.726
-0.652026 -0.0599715 0.755821 611.608 0.0208764 0.995069 0.0969645 24.3405 -0.757909 0.0790023 -0.647559 -330.537
-0.647318 -0.0612087 0.759759 613.471 0.0211465 0.994945 0.098173 24.5324 -0.761927 0.0796154 -0.642751 -332.144
-0.649063 -0.0615583 0.758241 615.604 0.0220681 0.994778 0.0996523 24.7514 -0.760415 0.0814135 -0.644314 -333.913
-0.649901 -0.0619904 0.757486 617.596 0.0220692 0.994709 0.100339 24.9669 -0.759698 0.0819273 -0.645094 -335.638
-0.649368 -0.0618891 0.757952 619.63 0.0216154 0.994778 0.0997455 25.1875 -0.760167 0.081155 -0.644639 -337.393
-0.647952 -0.0625498 0.759108 621.587 0.0203472 0.994845 0.0993421 25.3881 -0.761409 0.0798147 -0.64334 -339.022
-0.64787 -0.062175 0.759209 623.651 0.0214551 0.994779 0.0997754 25.6055 -0.761449 0.0809304 -0.643153 -340.715
-0.647809 -0.0629901 0.759194 625.705 0.0211677 0.994703 0.100592 25.8271 -0.761509 0.0812349 -0.643044 -342.459
-0.647442 -0.0635614 0.75946 627.795 0.0209968 0.99465 0.101145 26.0539 -0.761826 0.0814317 -0.642643 -344.24
-0.645602 -0.063114 0.761062 629.74 0.02176 0.994654 0.100944 26.2613 -0.763364 0.0817305 -0.640777 -345.845
-0.645318 -0.0634206 0.761277 631.831 0.0202763 0.994775 0.100061 26.4782 -0.763645 0.0800069 -0.64066 -347.608
-0.644503 -0.0632169 0.761984 633.695 0.0209014 0.994747 0.100207 26.6787 -0.764316 0.0805101 -0.639796 -349.2
-0.64404 -0.0639168 0.762317 635.845 0.0216124 0.994585 0.101651 26.9076 -0.764687 0.0819425 -0.639171 -350.971
-0.644527 -0.0641649 0.761885 637.895 0.0217156 0.994534 0.102129 27.1297 -0.764273 0.0823696 -0.639611 -352.715
-0.643485 -0.0632178 0.762843 639.877 0.0222612 0.994617 0.101203 27.3442 -0.765135 0.0821046 -0.638614 -354.334
-0.643054 -0.0626886 0.76325 641.95 0.0219725 0.994723 0.100213 27.5622 -0.765505 0.0812127 -0.638284 -356.078
-0.64232 -0.0627031 0.763868 643.98 0.0223488 0.994692 0.100443 27.7754 -0.766111 0.0815882 -0.637509 -357.768
-0.641894 -0.0626454 0.76423 645.99 0.0242821 0.994497 0.101916 27.9891 -0.766409 0.0839763 -0.63684 -359.426
-0.640288 -0.0638095 0.76548 648.062 0.0235633 0.994443 0.102605 28.207 -0.767773 0.0837341 -0.635227 -361.143
-0.641455 -0.064042 0.764483 650.151 0.0237235 0.994377 0.103206 28.434 -0.766794 0.0843384 -0.636329 -362.851
-0.640988 -0.0647862 0.764812 652.212 0.0230592 0.994356 0.103557 28.6606 -0.767205 0.0840144 -0.635876 -364.554
-0.638736 -0.0644517 0.766722 654.195 0.0236283 0.994372 0.103272 28.8765 -0.769063 0.0840802 -0.633619 -366.174
