1 -3.64932e-10 -5.02005e-12 2.32831e-10 -6.92874e-10 1 4.10834e-10 7.45058e-09 1.04042e-13 9.60589e-11 1 0
0.999998 0.00109402 0.00187221 0.00519536 -0.00108406 0.999985 -0.00531418 -0.011691 -0.001878 0.00531214 0.999984 0.949987
0.999996 -0.000761555 0.0028786 0.00620647 0.000777974 0.999983 -0.00570697 -0.0218333 -0.00287421 0.00570919 0.99998 1.90271
0.999988 -0.00282203 0.00406469 0.00589415 0.00283191 0.999993 -0.00242751 -0.0258848 -0.00405781 0.00243899 0.999989 2.86929
0.999973 -0.00670121 0.00289925 0.00853578 0.00669016 0.99997 0.00380473 -0.0305578 -0.00292466 -0.00378523 0.999989 3.81102
0.999955 -0.00945374 0.00123059 0.014788 0.00944845 0.999946 0.00422943 -0.0344794 -0.00127051 -0.00421761 0.99999 4.75283
0.999928 -0.011979 0.00123568 0.015085 0.0119768 0.999927 0.0017412 -0.0372915 -0.00125644 -0.00172628 0.999998 5.70439
0.999935 -0.0113945 -0.00049421 0.0143002 0.0113937 0.999934 -0.00164576 -0.0397943 0.00051293 0.00164002 0.999999 6.62709
0.999932 -0.0115514 -0.00129985 0.0137941 0.0115483 0.999931 -0.00238002 -0.0456005 0.00132725 0.00236485 0.999996 7.56266
0.999937 -0.0110827 -0.00165593 0.00834606 0.0110814 0.999938 -0.000766981 -0.0478784 0.00166433 0.000748584 0.999998 8.50113
0.999933 -0.0111265 -0.00312609 0.00555225 0.0111323 0.999936 0.00186163 -0.0524973 0.00310517 -0.00189631 0.999993 9.41611
0.999933 -0.0108249 -0.00412826 0.0033719 0.01084 0.999935 0.00363772 -0.0548523 0.00408861 -0.00368222 0.999985 10.3361
0.999921 -0.0118205 -0.00427616 -0.00909239 0.0118396 0.99992 0.00445993 -0.0607032 0.0042231 -0.0045102 0.999981 11.264
0.999906 -0.0125101 -0.00553188 -0.0104848 0.0125351 0.999911 0.00451542 -0.0614342 0.0054749 -0.00458434 0.999975 12.1565
0.999909 -0.0119571 -0.00619237 -0.0243847 0.0119777 0.999923 0.00329795 -0.0626754 0.00615246 -0.00337182 0.999975 13.0723
0.99989 -0.0128859 -0.0073056 -0.0292093 0.0128936 0.999916 0.00100845 -0.0662696 0.00729199 -0.00110253 0.999973 13.9822
0.999869 -0.0133003 -0.00926637 -0.0388048 0.0132988 0.999912 -0.00022554 -0.0654103 0.00926855 0.000102281 0.999957 14.86
0.999863 -0.0127115 -0.0106231 -0.0509499 0.0127017 0.999919 -0.000996175 -0.0677648 0.0106349 0.000861108 0.999943 15.7594
0.999852 -0.0123696 -0.0119564 -0.0646792 0.0123459 0.999922 -0.00205026 -0.0736887 0.0119808 0.00190234 0.999926 16.689
0.999844 -0.0109571 -0.0138533 -0.0819133 0.010928 0.999938 -0.00217487 -0.0754854 0.0138763 0.00202314 0.999902 17.546
0.999828 -0.0107395 -0.0151591 -0.0979576 0.0107228 0.999942 -0.00117812 -0.0808936 0.0151708 0.00101537 0.999884 18.4295
0.999799 -0.0109705 -0.0167783 -0.120188 0.0109696 0.99994 -0.000147581 -0.0873925 0.0167789 -3.64992e-05 0.999859 19.3309
0.999788 -0.0105697 -0.0176985 -0.137747 0.0105784 0.999944 0.000398521 -0.0911217 0.0176933 -0.000585657 0.999843 20.1919
0.999741 -0.0117749 -0.0194621 -0.157012 0.0117832 0.999931 0.000308287 -0.0957869 0.0194571 -0.00053753 0.999811 21.0757
0.999717 -0.0114295 -0.0208587 -0.17498 0.0114316 0.999935 -2.05027e-05 -0.100186 0.0208575 -0.000217949 0.999783 21.9451
0.999688 -0.0115997 -0.0221427 -0.194086 0.0116103 0.999933 0.00034776 -0.101863 0.0221372 -0.000604733 0.999755 22.7567
0.999677 -0.0114798 -0.0226666 -0.213868 0.0115295 0.999931 0.00206401 -0.103279 0.0226413 -0.00232468 0.999741 23.6556
0.999627 -0.0127089 -0.0241798 -0.241423 0.0128321 0.999905 0.00494716 -0.105165 0.0241146 -0.00525559 0.999695 24.4871
0.999609 -0.0128878 -0.0248339 -0.265055 0.0130545 0.999893 0.00656494 -0.107695 0.0247466 -0.00688656 0.99967 25.3184
0.99963 -0.0118409 -0.0245066 -0.285759 0.0119753 0.999914 0.00534326 -0.110608 0.0244412 -0.00563475 0.999686 26.1721
0.999608 -0.0102587 -0.026041 -0.313244 0.0103334 0.999943 0.00273712 -0.113512 0.0260115 -0.00300514 0.999657 26.9695
0.999593 -0.00955976 -0.0268699 -0.33592 0.00959904 0.999953 0.00133341 -0.111941 0.0268559 -0.0015908 0.999638 27.7996
0.999583 -0.00930968 -0.0273348 -0.362807 0.00933918 0.999956 0.00095174 -0.114131 0.0273248 -0.00120663 0.999626 28.5829
0.999549 -0.00999945 -0.0283067 -0.386071 0.0100228 0.99995 0.000684492 -0.121285 0.0282985 -0.000967896 0.999599 29.3437
0.999508 -0.00952985 -0.029892 -0.415651 0.0095274 0.999955 -0.000224181 -0.125269 0.0298928 -6.07219e-05 0.999553 30.1401
0.999426 -0.00929167 -0.0325789 -0.445264 0.00928432 0.999957 -0.000376877 -0.129723 0.032581 7.41872e-05 0.999469 30.9297
0.999352 -0.00978629 -0.0346453 -0.483405 0.00982363 0.999951 0.000907824 -0.129765 0.0346347 -0.00124758 0.999399 31.6593
0.99928 -0.00988974 -0.0366349 -0.511719 0.0100023 0.999946 0.00289176 -0.135205 0.0366044 -0.00325611 0.999325 32.4177
0.999224 -0.00977827 -0.0381665 -0.544362 0.00996274 0.99994 0.00464601 -0.135157 0.0381188 -0.00502265 0.999261 33.1645
0.999139 -0.00858363 -0.040582 -0.582015 0.00878875 0.99995 0.00487884 -0.141784 0.0405381 -0.00523131 0.999164 33.8832
0.999105 -0.00577171 -0.0419119 -0.617724 0.00595718 0.999973 0.00430159 -0.140592 0.0418859 -0.00454741 0.999112 34.6085
0.999025 -0.0039537 -0.043969 -0.657836 0.00411103 0.999986 0.00348841 -0.142695 0.0439545 -0.00366577 0.999027 35.3026
0.99896 -0.00305443 -0.0454871 -0.696481 0.00327159 0.999984 0.00470035 -0.140803 0.045472 -0.00484428 0.998954 36.003
0.998906 -0.00229744 -0.0466974 -0.73675 0.00258887 0.999978 0.00618128 -0.140751 0.0466821 -0.00629541 0.99889 36.7152
0.998921 0.000407786 -0.0464348 -0.772067 -8.77846e-05 0.999976 0.00689326 -0.140531 0.0464365 -0.00688174 0.998898 37.3699
0.998951 0.00366062 -0.0456373 -0.808654 -0.00342759 0.999981 0.00518326 -0.145531 0.0456554 -0.00502139 0.998945 38.04
0.999021 0.00599908 -0.0438416 -0.844074 -0.0059247 0.999981 0.00182624 -0.145451 0.0438517 -0.0015647 0.999037 38.699
0.999135 0.00610167 -0.0411368 -0.881977 -0.00610759 0.999981 -1.81556e-05 -0.143201 0.041136 0.000269388 0.999154 39.3124
0.999244 0.00704588 -0.0382241 -0.911418 -0.00702629 0.999975 0.000647015 -0.145561 0.0382277 -0.000377951 0.999269 39.9663
0.999323 0.0113121 -0.0350107 -0.937499 -0.0112104 0.999932 0.00310028 -0.148596 0.0350434 -0.0027057 0.999382 40.6093
0.999395 0.0158931 -0.0309477 -0.962028 -0.0156874 0.999853 0.00687914 -0.148314 0.0310525 -0.00638949 0.999497 41.2115
0.999414 0.0207763 -0.0272056 -0.99162 -0.0205621 0.999756 0.00813165 -0.151228 0.0273679 -0.00756748 0.999597 41.8134
0.999445 0.0253941 -0.0215775 -1.01687 -0.0252163 0.999646 0.00847336 -0.150812 0.0217851 -0.00792455 0.999731 42.4099
0.99946 0.0289211 -0.0156232 -1.03678 -0.0287626 0.999534 0.0102725 -0.146734 0.015913 -0.00981757 0.999825 42.9647
0.999391 0.0336269 -0.00929009 -1.04055 -0.03352 0.999373 0.0114374 -0.147405 0.00966886 -0.011119 0.999892 43.5244
0.999286 0.0377443 -0.00165084 -1.05804 -0.037723 0.999223 0.0114454 -0.147951 0.00208156 -0.011375 0.999933 44.054
0.999164 0.0406289 0.00466446 -1.06306 -0.0406801 0.999106 0.011484 -0.148691 -0.0041937 -0.0116642 0.999923 44.5662
0.998906 0.044939 0.012967 -1.06118 -0.0450818 0.998923 0.010941 -0.147386 -0.0124613 -0.0115136 0.999856 45.0438
0.998561 0.0494536 0.0207609 -1.06629 -0.0496321 0.998734 0.00817216 -0.143906 -0.0203304 -0.0091908 0.999751 45.5148
0.998282 0.051334 0.0282582 -1.04792 -0.0514988 0.99866 0.0051365 -0.148745 -0.0279566 -0.00658293 0.999588 45.9511
0.997947 0.0524152 0.0367902 -1.0353 -0.0526285 0.998602 0.0048536 -0.146428 -0.0364843 -0.00677984 0.999311 46.3685
0.997681 0.0512886 0.0447393 -1.01784 -0.0516116 0.998649 0.00609429 -0.149335 -0.0443663 -0.00838922 0.99898 46.7673
0.997211 0.0531179 0.0524363 -0.993649 -0.053542 0.998543 0.00671547 -0.149977 -0.0520032 -0.00950428 0.998602 47.1458
0.996523 0.056013 0.0616787 -0.982103 -0.0565496 0.998375 0.00698715 -0.149825 -0.0611871 -0.0104508 0.998072 47.5015
0.995696 0.0607468 0.0699997 -0.959441 -0.0613402 0.998097 0.0063559 -0.151714 -0.0694804 -0.0106223 0.997527 47.8199
0.994746 0.0646833 0.0793564 -0.942956 -0.065413 0.997836 0.00662732 -0.151609 -0.078756 -0.0117834 0.996824 48.1227
0.993975 0.064173 0.088863 -0.905113 -0.0650496 0.997858 0.0070006 -0.155486 -0.0882234 -0.0127389 0.996019 48.4013
0.993046 0.0630813 0.0994028 -0.872841 -0.0639133 0.997942 0.00520391 -0.158574 -0.0988699 -0.0115209 0.995034 48.6689
0.9919 0.0617695 0.110989 -0.832095 -0.0622467 0.998061 0.000835929 -0.161756 -0.110722 -0.00773785 0.993821 48.9328
0.990294 0.0626093 0.124092 -0.793587 -0.0627073 0.998027 -0.00311942 -0.163975 -0.124042 -0.00469231 0.992266 49.1994
0.988212 0.0644919 0.138844 -0.749144 -0.0643438 0.997912 -0.00555986 -0.165348 -0.138912 -0.0034394 0.990299 49.4563
0.985529 0.0663187 0.155997 -0.700847 -0.0660267 0.997793 -0.00705836 -0.168422 -0.15612 -0.00334372 0.987732 49.712
0.982699 0.0667813 0.172749 -0.653715 -0.0663356 0.997762 -0.0083583 -0.170552 -0.17292 -0.00324569 0.984931 49.9483
0.979399 0.0663322 0.190728 -0.585753 -0.0657464 0.997792 -0.00940512 -0.174675 -0.190931 -0.00332831 0.981598 50.1954
0.975593 0.0649819 0.209753 -0.514854 -0.0643379 0.997879 -0.00989967 -0.178723 -0.209951 -0.003837 0.977704 50.4517
0.970976 0.065348 0.230076 -0.444142 -0.0645289 0.997854 -0.011091 -0.182625 -0.230307 -0.00407746 0.97311 50.6811
0.965596 0.0674436 0.251149 -0.363912 -0.0662156 0.997716 -0.0133469 -0.185339 -0.251476 -0.00374231 0.967856 50.9245
0.95935 0.0689242 0.273674 -0.276989 -0.0672374 0.997616 -0.0155505 -0.190077 -0.274093 -0.00348277 0.961697 51.17
0.951987 0.0700816 0.298008 -0.192834 -0.0681751 0.997532 -0.0168011 -0.197115 -0.29845 -0.00432231 0.954416 51.4022
0.943348 0.0727943 0.323721 -0.0876942 -0.0708265 0.997329 -0.0178727 -0.203198 -0.324157 -0.00606779 0.945984 51.6436
0.933419 0.0749841 0.350864 0.0231077 -0.0730142 0.997153 -0.0188612 -0.211916 -0.35128 -0.00801271 0.936236 51.8873
0.922215 0.0760116 0.379132 0.138666 -0.0737239 0.997066 -0.0205714 -0.219634 -0.379584 -0.00897985 0.925114 52.1145
0.909564 0.0744283 0.408844 0.270997 -0.0714201 0.997189 -0.0226441 -0.229362 -0.40938 -0.00860337 0.912324 52.3526
0.894423 0.0718692 0.44141 0.422986 -0.0675743 0.997389 -0.0254674 -0.239795 -0.442088 -0.00704936 0.896944 52.5853
0.877069 0.0710357 0.475084 0.575938 -0.0647326 0.997463 -0.0296379 -0.250208 -0.475984 -0.00475898 0.879441 52.7963
0.857507 0.0731559 0.509244 0.752377 -0.0643517 0.997317 -0.0349097 -0.259313 -0.510432 -0.00283542 0.859914 53.0383
0.835699 0.0753004 0.544001 0.918657 -0.0641569 0.997159 -0.0394679 -0.26774 -0.545428 -0.00191818 0.838156 53.2558
0.811194 0.0782839 0.579513 1.12039 -0.0651546 0.996928 -0.0434681 -0.280393 -0.581136 -0.00249684 0.813803 53.4752
0.783567 0.0823003 0.615832 1.34458 -0.068093 0.996593 -0.0465458 -0.295765 -0.617565 -0.00546211 0.786501 53.7256
0.753554 0.0867113 0.651642 1.5633 -0.0714599 0.996193 -0.0499237 -0.307094 -0.653491 -0.00894606 0.756882 53.9393
0.720657 0.0883211 0.687643 1.83093 -0.0717969 0.996027 -0.0526862 -0.325202 -0.689564 -0.011402 0.724135 54.1712
0.684145 0.086434 0.724206 2.12626 -0.0685804 0.996177 -0.054107 -0.348093 -0.726115 -0.0126493 0.687457 54.4111
0.645148 0.084998 0.759315 2.42054 -0.0657946 0.996282 -0.0556221 -0.368823 -0.761219 -0.0140743 0.648342 54.6131
0.602712 0.0849741 0.793422 2.76689 -0.0639495 0.996259 -0.0581193 -0.387634 -0.795392 -0.0157097 0.605891 54.8377
0.557083 0.0847095 0.826125 3.10961 -0.0608334 0.996274 -0.0611343 -0.412021 -0.828226 -0.0161991 0.560161 55.0193
0.509026 0.0836753 0.856674 3.49798 -0.0573474 0.996349 -0.0632428 -0.439683 -0.858839 -0.0169358 0.511966 55.2098
0.460462 0.0818194 0.883901 3.91693 -0.0554914 0.996449 -0.0633297 -0.467838 -0.885943 -0.019888 0.463367 55.3933
0.410833 0.0794011 0.908247 4.32082 -0.0549195 0.996547 -0.0622784 -0.494996 -0.910055 -0.0242944 0.413775 55.5419
0.360559 0.0791342 0.929373 4.76363 -0.0573877 0.996389 -0.0625763 -0.515783 -0.930969 -0.0307722 0.363799 55.6985
0.311044 0.0802706 0.947 5.24953 -0.0559472 0.996245 -0.0660688 -0.535178 -0.948748 -0.0324317 0.314367 55.832
0.264007 0.0765976 0.961475 5.70412 -0.0452979 0.996726 -0.0669679 -0.575915 -0.963457 -0.0258728 0.266612 55.9166
0.219607 0.0710548 0.972998 6.20485 -0.0317438 0.997337 -0.0656676 -0.607149 -0.975072 -0.0164656 0.221277 55.9877
0.177277 0.0689617 0.981742 6.73883 -0.0219422 0.997571 -0.0661114 -0.647293 -0.983916 -0.00982149 0.17836 56.0503
0.138972 0.0713655 0.987721 7.24769 -0.0181381 0.997416 -0.0695139 -0.663624 -0.99013 -0.00825486 0.139907 56.0977
0.105979 0.0716183 0.991786 7.78348 -0.0101878 0.997429 -0.0709371 -0.70488 -0.994316 -0.00258623 0.106436 56.1238
0.0767339 0.0701834 0.994578 8.34644 -0.00164968 0.997527 -0.0702642 -0.747101 -0.99705 0.00375091 0.0766599 56.1418
0.0518075 0.0685542 0.996301 8.89471 0.00442156 0.997616 -0.0688745 -0.779657 -0.998647 0.00797343 0.0513809 56.1522
0.0319264 0.067591 0.997202 9.47279 0.0103516 0.997635 -0.0679518 -0.813431 -0.999437 0.0124921 0.0311513 56.155
0.0155351 0.0688604 0.997505 10.0683 0.012552 0.997534 -0.0690578 -0.848774 -0.999801 0.0135935 0.0146325 56.1552
0.00223014 0.0690837 0.997608 10.6462 0.0136625 0.997516 -0.0691078 -0.884314 -0.999904 0.013784 0.00128074 56.1429
-0.00939051 0.0700863 0.997497 11.2625 0.0141907 0.99745 -0.0699494 -0.917352 -0.999855 0.0134983 -0.0103611 56.133
-0.0188832 0.0726792 0.997177 11.8562 0.0189321 0.997202 -0.0723225 -0.959702 -0.999643 0.017513 -0.0202063 56.115
-0.0256664 0.0743568 0.996901 12.5006 0.023437 0.997001 -0.0737608 -1.0053 -0.999396 0.0214712 -0.0273321 56.0872
-0.0300204 0.07402 0.996805 13.1243 0.023678 0.997027 -0.0733234 -1.04202 -0.999269 0.0214011 -0.0316838 56.0703
-0.0341543 0.0712165 0.996876 13.7846 0.0214227 0.997281 -0.0705115 -1.08458 -0.999187 0.0189475 -0.0355871 56.0503
-0.0363607 0.0646132 0.997248 14.453 0.0195865 0.997762 -0.0639324 -1.1208 -0.999147 0.0172079 -0.0375449 56.0268
-0.0377274 0.0587186 0.997561 15.1315 0.0202859 0.998111 -0.0579837 -1.16366 -0.999082 0.0180489 -0.0388473 56.0074
-0.0381996 0.0563966 0.997677 15.8299 0.0233273 0.998184 -0.055532 -1.19995 -0.998998 0.0211518 -0.0394458 55.9759
-0.0380149 0.0583258 0.997573 16.5202 0.0275308 0.997977 -0.0573003 -1.24656 -0.998898 0.0252857 -0.0395438 55.9448
-0.037237 0.0656385 0.997148 17.2 0.0281255 0.997514 -0.0646123 -1.28159 -0.998911 0.0256393 -0.0389906 55.9164
-0.0344999 0.0732575 0.996716 17.9142 0.02734 0.997006 -0.0723324 -1.32746 -0.999031 0.0247548 -0.0363994 55.8973
-0.0332396 0.074656 0.996655 18.6351 0.0279863 0.996885 -0.0737398 -1.36561 -0.999056 0.0254416 -0.0352254 55.8758
-0.0304546 0.0703781 0.997055 19.368 0.0283933 0.997177 -0.0695194 -1.41103 -0.999133 0.0261925 -0.0323669 55.858
-0.0278974 0.063989 0.997561 20.0944 0.0284381 0.997596 -0.063196 -1.45876 -0.999206 0.0266057 -0.0296501 55.8404
-0.0254102 0.0619645 0.997755 20.8415 0.0263984 0.997771 -0.0612932 -1.50477 -0.999329 0.0247816 -0.0269894 55.8272
-0.0217661 0.067151 0.997505 21.5754 0.033192 0.99724 -0.0664089 -1.55944 -0.999212 0.0316638 -0.0239349 55.8123
-0.0185682 0.072615 0.997187 22.3008 0.0358544 0.996766 -0.0719167 -1.61005 -0.999185 0.0344182 -0.0211117 55.794
-0.0165811 0.0735531 0.997153 23.0345 0.0295657 0.996891 -0.0730421 -1.65432 -0.999425 0.0282705 -0.0187042 55.7947
-0.0132507 0.0706955 0.99741 23.7793 0.0244533 0.997222 -0.0703573 -1.69863 -0.999613 0.0234577 -0.0149427 55.8022
-0.00846892 0.066316 0.997763 24.5299 0.0288389 0.9974 -0.0660471 -1.75375 -0.999548 0.0282151 -0.0103594 55.794
-0.0050208 0.0671932 0.997727 25.2452 0.0342184 0.997167 -0.0669833 -1.80704 -0.999402 0.0338043 -0.00730582 55.788
-0.00220671 0.07134 0.99745 25.9744 0.0342203 0.996873 -0.0712231 -1.86105 -0.999412 0.0339759 -0.00464109 55.7867
0.00130809 0.0727212 0.997351 26.7196 0.0296732 0.99691 -0.072728 -1.90362 -0.999559 0.0296897 -0.00085382 55.7987
0.00495298 0.0716485 0.997418 27.4742 0.0280369 0.997028 -0.0717597 -1.96042 -0.999595 0.0283199 0.00292946 55.8104
0.0092258 0.0694066 0.997546 28.2125 0.0327771 0.997031 -0.0696739 -2.00765 -0.99942 0.0333394 0.00692347 55.8079
0.0127593 0.0691104 0.997527 28.9486 0.0374946 0.996874 -0.0695447 -2.06332 -0.999215 0.0382893 0.0101282 55.8124
0.0160654 0.0702377 0.997401 29.6982 0.0402636 0.996675 -0.0708352 -2.11812 -0.99906 0.041297 0.013184 55.8294
0.0193363 0.0701169 0.997351 30.4365 0.040911 0.996647 -0.0708605 -2.1675 -0.998976 0.0421728 0.0164029 55.8372
0.0225289 0.0689268 0.997367 31.1768 0.0419408 0.996677 -0.0698265 -2.21467 -0.998866 0.0434035 0.0195632 55.8588
0.0263512 0.0675969 0.997365 31.9192 0.0446718 0.996635 -0.0687277 -2.27114 -0.998654 0.0463652 0.0232429 55.8844
0.0294222 0.0680716 0.997246 32.6681 0.0426537 0.996684 -0.0692917 -2.31844 -0.998657 0.044575 0.0264212 55.9051
0.0321517 0.0693626 0.997073 33.4151 0.0392337 0.996733 -0.070604 -2.3674 -0.998713 0.0413889 0.0293253 55.9302
0.0350473 0.0694912 0.996967 34.1682 0.0410918 0.996636 -0.0709127 -2.42176 -0.998541 0.0434524 0.0320739 55.9681
0.0376782 0.0688941 0.996912 34.9187 0.039108 0.996755 -0.0703613 -2.47243 -0.998524 0.0416383 0.0348616 55.9974
0.0397746 0.0693029 0.996802 35.7009 0.0372331 0.996796 -0.0707881 -2.52454 -0.998515 0.0399297 0.0370668 56.0364
0.0434026 0.0696874 0.996624 36.4253 0.035105 0.996842 -0.0712315 -2.57943 -0.998441 0.0380781 0.0408191 56.0743
0.046222 0.0714467 0.996373 37.1892 0.0324715 0.996804 -0.072984 -2.62896 -0.998403 0.0357272 0.0437543 56.1153
0.0491291 0.0748149 0.995986 37.9437 0.0320631 0.996559 -0.0764395 -2.68698 -0.998278 0.0356898 0.0465612 56.1593
0.0521488 0.0770076 0.995666 38.7059 0.0317588 0.99639 -0.078727 -2.7431 -0.998134 0.0357266 0.0495148 56.2047
0.0553266 0.079116 0.995329 39.4792 0.0260204 0.996403 -0.0806477 -2.80149 -0.998129 0.0303609 0.053069 56.2643
0.0583487 0.0788286 0.995179 40.241 0.0216199 0.996544 -0.0802043 -2.8495 -0.998062 0.0261955 0.0564427 56.3139
0.0619404 0.0787791 0.994966 41.0085 0.0239552 0.996476 -0.08039 -2.91585 -0.997792 0.028814 0.059835 56.3736
0.0654414 0.0798956 0.994653 41.8149 0.0239388 0.996377 -0.0816091 -2.9853 -0.997569 0.0291515 0.0632917 56.4265
0.0685214 0.0808509 0.994368 42.6034 0.0194442 0.996413 -0.0823571 -3.04287 -0.99746 0.024978 0.0667035 56.4974
0.0735269 0.0797106 0.994103 43.3686 0.0183851 0.996523 -0.0812645 -3.09317 -0.997124 0.0242518 0.0718058 56.562
0.0782194 0.0782807 0.993858 44.1648 0.0197386 0.996595 -0.0800497 -3.17033 -0.996741 0.0258788 0.076408 56.6297
0.0828182 0.0829435 0.993107 44.9728 0.015672 0.996299 -0.084517 -3.22669 -0.996442 0.0225635 0.0812118 56.7027
0.0891567 0.09059 0.991889 45.7621 0.0132269 0.99566 -0.0921232 -3.29941 -0.99593 0.0213331 0.0875715 56.791
0.096522 0.0958946 0.990701 46.5568 0.0118968 0.995166 -0.0974859 -3.36914 -0.99526 0.0211958 0.0949146 56.8766
0.103532 0.0986653 0.98972 47.3641 0.00680246 0.994974 -0.0999007 -3.44299 -0.994603 0.0170755 0.10234 56.9738
0.111027 0.0972781 0.989045 48.1642 0.00398655 0.995146 -0.0983257 -3.51607 -0.99381 0.0148597 0.1101 57.0826
0.118253 0.0950979 0.988419 48.9939 0.00359854 0.995356 -0.0961958 -3.59689 -0.992977 0.0149323 0.117362 57.1853
0.125602 0.092193 0.987788 49.7951 0.00330296 0.995628 -0.0933448 -3.67325 -0.992075 0.0149869 0.124748 57.2975
0.13346 0.0860013 0.987316 50.6137 0.0016871 0.996207 -0.0870038 -3.74672 -0.991053 0.0132773 0.132809 57.4138
0.140495 0.0795856 0.986877 51.4263 -0.00117043 0.996777 -0.0802172 -3.81056 -0.990081 0.0101151 0.140136 57.5401
0.148328 0.0755166 0.986051 52.2346 -0.000655781 0.997087 -0.0762632 -3.8819 -0.988938 0.0106654 0.147946 57.6747
0.155613 0.0775002 0.984773 53.0326 -0.000394429 0.996922 -0.078394 -3.9473 -0.987818 0.0118107 0.155165 57.8068
0.161519 0.0839384 0.983293 53.8204 -0.00163824 0.996398 -0.0847879 -4.01495 -0.986868 0.012084 0.161075 57.9463
0.166226 0.0881787 0.982137 54.5851 -0.00270274 0.996031 -0.0889687 -4.07882 -0.986084 0.0121345 0.165805 58.0842
0.171516 0.0905759 0.981009 55.3727 -0.00388385 0.995819 -0.0912643 -4.15441 -0.985174 0.0118432 0.17115 58.2317
0.177215 0.0909123 0.979964 56.1284 -0.0063335 0.995809 -0.0912369 -4.22148 -0.984152 0.00996198 0.177048 58.382
0.181838 0.0875504 0.979423 56.863 -0.00336714 0.996078 -0.088414 -4.29214 -0.983323 0.0127791 0.181419 58.5185
0.186976 0.0819463 0.978941 57.6501 -0.00255874 0.996552 -0.0829318 -4.35791 -0.982361 0.0130014 0.186541 58.6808
0.190341 0.0742991 0.978902 58.3988 -0.00319752 0.997174 -0.0750641 -4.42439 -0.981713 0.0111577 0.190041 58.8226
0.193411 0.0711966 0.978531 59.1268 -0.00633731 0.997433 -0.0713193 -4.4801 -0.981098 0.00759269 0.193366 58.9855
0.196596 0.0710297 0.977908 59.857 -0.0079829 0.997455 -0.0708447 -4.54281 -0.980452 0.00612126 0.196663 59.1371
0.198805 0.0729818 0.977318 60.5683 -0.0101471 0.997323 -0.0724116 -4.5949 -0.979987 0.00447882 0.199013 59.2947
0.200527 0.0767778 0.976675 61.2695 -0.0136496 0.997047 -0.0755767 -4.65302 -0.979593 0.00182396 0.200983 59.4509
0.20261 0.081837 0.975834 61.9486 -0.015068 0.996644 -0.0804537 -4.70862 -0.979144 0.00159682 0.203163 59.605
0.204126 0.0872383 0.97505 62.6273 -0.01725 0.996187 -0.0855182 -4.76505 -0.978793 0.000636853 0.204853 59.7518
0.206208 0.0888263 0.974468 63.3099 -0.0157358 0.996044 -0.0874631 -4.82862 -0.978382 0.00270154 0.20679 59.9076
0.207255 0.0888372 0.974245 63.9779 -0.0179318 0.996046 -0.0870105 -4.88131 -0.978123 0.000563456 0.208029 60.0605
0.208254 0.0859619 0.97429 64.6393 -0.0170948 0.996298 -0.0842496 -4.94801 -0.977926 0.00089005 0.208952 60.2095
0.209256 0.0834436 0.974294 65.2859 -0.0167112 0.996512 -0.0817573 -5.00175 -0.977718 0.000826572 0.20992 60.3604
0.208628 0.0825008 0.974509 65.9451 -0.0165806 0.996591 -0.0808205 -5.06103 -0.977855 0.000703421 0.209285 60.5012
0.207169 0.0815688 0.974899 66.5705 -0.0164806 0.996668 -0.079888 -5.11632 -0.978166 0.000483449 0.207823 60.6351
0.205602 0.0821633 0.975181 67.2073 -0.0172759 0.996619 -0.0803272 -5.17276 -0.978483 -0.000331752 0.206326 60.7716
0.203174 0.0852171 0.975427 67.824 -0.018115 0.996362 -0.0832728 -5.22496 -0.978975 -0.000751045 0.203978 60.9021
0.201116 0.0888559 0.975529 68.4159 -0.0170737 0.996044 -0.0872046 -5.28329 -0.979419 0.000882359 0.201837 61.0204
0.199192 0.089705 0.975846 68.9937 -0.0151293 0.995964 -0.0884662 -5.33429 -0.979844 0.00285795 0.199746 61.1441
0.196938 0.0884985 0.976414 69.5762 -0.0152322 0.996074 -0.0872082 -5.38413 -0.980298 0.00230169 0.197513 61.2563
0.194608 0.0853173 0.977164 70.154 -0.0149361 0.996352 -0.084018 -5.43148 -0.980768 0.00175555 0.195172 61.3801
0.192297 0.0817087 0.977929 70.7244 -0.0139017 0.996655 -0.0805397 -5.48569 -0.981238 0.00189261 0.19279 61.4846
0.190803 0.0802761 0.97834 71.272 -0.0107531 0.996762 -0.0796905 -5.53533 -0.981569 0.00468503 0.191049 61.5779
0.188506 0.0819041 0.978651 71.8037 -0.00704838 0.996603 -0.0820489 -5.58219 -0.982047 0.00856882 0.188443 61.6952
0.186471 0.0835281 0.978903 72.3549 -0.00281097 0.996421 -0.0844873 -5.62972 -0.982457 0.0130028 0.186038 61.7809
0.184481 0.0858787 0.979077 72.8949 -0.00336922 0.996225 -0.086748 -5.67115 -0.98283 0.0127046 0.184074 61.8777
0.183053 0.0876525 0.979188 73.4329 -0.0038619 0.996074 -0.0884421 -5.72306 -0.983096 0.012408 0.182673 61.9997
0.182473 0.0868818 0.979365 73.9747 -0.00211536 0.996121 -0.0879741 -5.76843 -0.983209 0.0139812 0.181949 62.1049
0.183216 0.0847858 0.97941 74.521 0.00331858 0.996215 -0.0868614 -5.81771 -0.983067 0.0191647 0.182241 62.2016
0.184723 0.083386 0.979247 75.0706 0.00891354 0.996211 -0.0865119 -5.86184 -0.98275 0.0247093 0.18328 62.3067
0.18716 0.0822675 0.978878 75.6131 0.0115574 0.996234 -0.0859358 -5.91024 -0.982262 0.027397 0.185504 62.4012
0.190599 0.0822972 0.978212 76.1566 0.00980096 0.996271 -0.0857261 -5.95704 -0.981619 0.0259267 0.189081 62.5167
0.195785 0.0826195 0.97716 76.7115 0.00801077 0.996277 -0.0858408 -6.0052 -0.980614 0.0246341 0.194394 62.6445
0.202297 0.0815475 0.975923 77.2669 0.00994949 0.996305 -0.085313 -6.05143 -0.979274 0.0269685 0.200739 62.768
0.209996 0.081482 0.974301 77.8333 0.00775927 0.996351 -0.0849984 -6.09885 -0.977672 0.0254092 0.208597 62.8799
0.21785 0.0802231 0.97268 78.4061 0.0076762 0.996444 -0.0839023 -6.13992 -0.975952 0.0257446 0.21646 63.0362
0.226677 0.0792809 0.970738 78.9868 0.00527881 0.996567 -0.0826231 -6.19252 -0.973956 0.0238531 0.225481 63.1878
0.236435 0.0793688 0.9684 79.555 0.00297486 0.996594 -0.0824059 -6.23747 -0.971643 0.0223645 0.235394 63.3249
0.246284 0.082325 0.965695 80.1474 -0.00161002 0.996419 -0.0845337 -6.28636 -0.969196 0.0192645 0.245535 63.5028
0.255684 0.0853434 0.962986 80.7264 -0.00549061 0.996208 -0.0868298 -6.33109 -0.966745 0.0169136 0.255183 63.6702
0.266711 0.0876591 0.959782 81.3347 -0.00915014 0.996041 -0.088428 -6.37894 -0.963733 0.0148026 0.266457 63.8534
0.277417 0.0893621 0.956585 81.9371 -0.0110413 0.995896 -0.0898324 -6.43461 -0.960686 0.014359 0.277265 64.0376
0.287524 0.0905241 0.953486 82.5575 -0.0146316 0.995822 -0.0901313 -6.4882 -0.957662 0.0119639 0.287648 64.2351
0.297578 0.0908328 0.950367 83.1759 -0.0153048 0.99579 -0.0903819 -6.54023 -0.954575 0.0123505 0.297715 64.4464
0.307714 0.0915623 0.947063 83.7935 -0.0189662 0.995752 -0.0901072 -6.59177 -0.95129 0.00976509 0.308143 64.659
0.318996 0.0874702 0.943711 84.4977 -0.018885 0.996121 -0.0859444 -6.64664 -0.947568 0.00959389 0.31941 64.9115
0.328774 0.0794612 0.94106 85.1216 -0.0151704 0.99677 -0.0788652 -6.70059 -0.944287 0.0116526 0.328917 65.1348
0.339976 0.0750308 0.937436 85.8033 -0.0134254 0.997098 -0.0749371 -6.75741 -0.940338 0.0128914 0.339996 65.3813
0.350564 0.0714058 0.933813 86.476 -0.0121484 0.997352 -0.0717038 -6.80192 -0.93646 0.0137924 0.350503 65.6451
0.359264 0.0691941 0.930667 87.1573 -0.00880408 0.997455 -0.070761 -6.85338 -0.933195 0.0172282 0.358959 65.9111
0.368007 0.0649906 0.927549 87.8568 -0.00215005 0.997611 -0.0690466 -6.89336 -0.929821 0.0234153 0.367267 66.1951
0.375569 0.0550094 0.92516 88.595 0.0075012 0.998024 -0.0623869 -6.94164 -0.926764 0.0303704 0.374414 66.4845
0.382546 0.0495484 0.922607 89.2869 0.0135397 0.998153 -0.0592197 -6.99201 -0.923837 0.035146 0.381168 66.7658
0.389851 0.0491801 0.919564 90.0135 0.0175598 0.997994 -0.0608192 -7.03546 -0.920711 0.0398578 0.388206 67.0785
0.397392 0.0550241 0.915998 90.7119 0.0190588 0.997491 -0.0681878 -7.08728 -0.917451 0.0445551 0.395346 67.3858
0.404724 0.0603658 0.912444 91.432 0.0214643 0.996917 -0.075475 -7.13624 -0.914187 0.0501315 0.40218 67.6936
0.410408 0.0617312 0.90981 92.1219 0.0203467 0.996838 -0.0768143 -7.19191 -0.911675 0.0500369 0.407854 68.0133
0.414639 0.0641254 0.907724 92.8253 0.0131742 0.996987 -0.076449 -7.24794 -0.909891 0.0436572 0.412544 68.3581
0.418601 0.0669381 0.9057 93.5138 0.00826366 0.996958 -0.0775021 -7.30507 -0.908133 0.0399269 0.416775 68.6941
0.423194 0.0702589 0.903311 94.1975 0.00580314 0.996758 -0.0802459 -7.37205 -0.906021 0.0392016 0.421414 69.0137
0.426844 0.0738997 0.901301 94.8633 0.00445614 0.996472 -0.0838133 -7.43303 -0.904314 0.0397915 0.425008 69.3485
0.430442 0.0773467 0.899298 95.5144 -0.000114119 0.996326 -0.0856372 -7.49424 -0.902618 0.0367592 0.428869 69.6665
0.434138 0.0756514 0.897664 96.1687 4.92592e-05 0.996466 -0.0840018 -7.5547 -0.900846 0.0365126 0.4326 70.0023
0.438023 0.072226 0.896058 96.8156 0.000861419 0.996733 -0.080762 -7.61995 -0.898964 0.0361475 0.436529 70.3131
0.44171 0.069571 0.894456 97.4622 0.000933799 0.996953 -0.0780043 -7.67762 -0.897157 0.0352905 0.440299 70.6426
0.444828 0.0684612 0.892996 98.0826 4.60367e-05 0.997072 -0.0764631 -7.73942 -0.895616 0.034054 0.443522 70.9625
0.448675 0.0701888 0.890935 98.7016 -0.00233795 0.997 -0.0773673 -7.79222 -0.893692 0.0326298 0.447493 71.2786
0.451647 0.0706491 0.889395 99.3039 -0.00167599 0.996925 -0.0783396 -7.85075 -0.892195 0.0338912 0.450376 71.5886
0.453496 0.0688301 0.888596 99.9036 0.000809596 0.996981 -0.0776387 -7.90153 -0.891258 0.0359283 0.452072 71.906
0.455299 0.0674476 0.88778 100.497 0.00292722 0.997008 -0.0772472 -7.95735 -0.890334 0.0377694 0.45374 72.2073
0.457224 0.0676341 0.886776 101.085 0.00165723 0.997038 -0.0768981 -8.00994 -0.88935 0.0366292 0.455757 72.5148
0.458984 0.0667717 0.885932 101.662 0.00355647 0.997026 -0.0769873 -8.06421 -0.888437 0.0384868 0.457382 72.8196
0.461717 0.0685088 0.884378 102.216 0.002956 0.996889 -0.0787678 -8.11104 -0.887023 0.0389826 0.460078 73.1098
0.46447 0.0685592 0.882931 102.773 0.0050525 0.996777 -0.0800573 -8.16458 -0.885575 0.0416452 0.462627 73.404
0.467937 0.0672958 0.881196 103.328 0.00769714 0.996749 -0.0802077 -8.21974 -0.883728 0.0443149 0.465897 73.6942
0.470427 0.06595 0.879971 103.841 0.0102547 0.996728 -0.0801825 -8.26552 -0.88238 0.0467439 0.468211 73.9708
0.474374 0.065088 0.877914 104.374 0.0114111 0.996725 -0.0800625 -8.31572 -0.880249 0.0479976 0.472078 74.2565
0.47699 0.0648142 0.876516 104.898 0.0120974 0.996699 -0.0802844 -8.36698 -0.878825 0.0488984 0.474631 74.5468
0.480035 0.0638784 0.87492 105.397 0.0129933 0.996718 -0.0798998 -8.41408 -0.877153 0.0497228 0.47763 74.8291
0.484058 0.0633709 0.872738 105.916 0.0145836 0.996651 -0.0804571 -8.46279 -0.874914 0.0516736 0.481513 75.1132
0.487899 0.0646948 0.8705 106.406 0.0141167 0.996535 -0.0819737 -8.50718 -0.872786 0.0522835 0.485295 75.3867
0.492253 0.0645969 0.868052 106.909 0.0162512 0.996387 -0.0833628 -8.55975 -0.870301 0.0551425 0.489425 75.6752
0.497325 0.0677187 0.864918 107.403 0.014495 0.996161 -0.086329 -8.60839 -0.867444 0.0554705 0.494434 75.961
0.502553 0.0734304 0.861422 107.891 0.011187 0.995751 -0.0914074 -8.66172 -0.864474 0.0555738 0.499596 76.2615
0.508138 0.0806305 0.857493 108.36 0.00587796 0.99526 -0.097068 -8.71077 -0.861256 0.0543642 0.505255 76.55
0.514742 0.0869297 0.852927 108.844 0.000608932 0.994809 -0.101758 -8.76083 -0.857345 0.0528984 0.512017 76.8578
0.520698 0.0913837 0.848836 109.314 -0.00344112 0.994471 -0.104952 -8.81486 -0.853734 0.0517271 0.518133 77.1631
0.525851 0.0922566 0.845559 109.802 -0.00749016 0.994564 -0.103856 -8.86943 -0.850544 0.0482794 0.523683 77.488
0.531714 0.0910808 0.842012 110.298 -0.0133974 0.994981 -0.0991673 -8.92234 -0.846818 0.0414479 0.530266 77.8215
0.537077 0.0888023 0.838846 110.789 -0.0195606 0.995487 -0.0928609 -8.97842 -0.843307 0.0334651 0.53639 78.1623
0.542975 0.0869727 0.835233 111.288 -0.0259643 0.995885 -0.0868223 -9.03419 -0.839347 0.0254561 0.542999 78.5156
0.548661 0.0851172 0.831701 111.793 -0.0287615 0.996137 -0.0829722 -9.0863 -0.83555 0.0216027 0.54899 78.8611
0.555087 0.0883122 0.827091 112.303 -0.0337871 0.995921 -0.0836633 -9.13514 -0.831106 0.0184954 0.555806 79.2229
0.561285 0.0923363 0.822456 112.822 -0.0379473 0.995583 -0.085876 -9.18347 -0.826752 0.0169909 0.56231 79.5941
0.567631 0.095849 0.817684 113.341 -0.0409144 0.995257 -0.0882615 -9.23521 -0.822266 0.0166449 0.568861 79.9758
0.573282 0.0982821 0.813442 113.866 -0.0435569 0.995032 -0.089525 -9.28222 -0.8182 0.015892 0.574715 80.3609
0.579876 0.0992758 0.808633 114.416 -0.0466528 0.994966 -0.0886967 -9.33704 -0.813368 0.0137081 0.581588 80.7709
0.586225 0.101022 0.803825 114.959 -0.0520192 0.994841 -0.0870904 -9.3884 -0.808477 0.00924015 0.588456 81.1834
0.592427 0.0993495 0.799475 115.508 -0.0528573 0.995022 -0.0844816 -9.44251 -0.803888 0.00779113 0.594729 81.6134
0.60078 0.0972949 0.793471 116.089 -0.0530966 0.995231 -0.0818321 -9.49831 -0.797649 0.00703247 0.603081 82.0616
0.607842 0.0974643 0.788054 116.654 -0.0542736 0.995217 -0.0812233 -9.55572 -0.792201 0.00660037 0.610224 82.5232
0.61538 0.0994902 0.781927 117.222 -0.057935 0.995028 -0.0810096 -9.60567 -0.786099 0.00455071 0.618084 82.985
0.623314 0.100177 0.775528 117.8 -0.0594794 0.994961 -0.0807161 -9.65984 -0.779706 0.00418356 0.626132 83.4701
0.629926 0.100964 0.770065 118.388 -0.061178 0.994884 -0.0803951 -9.71089 -0.774242 0.00353187 0.63288 83.9689
0.635038 0.0998769 0.765997 118.969 -0.0611581 0.994994 -0.0790332 -9.76639 -0.770056 0.00334219 0.637968 84.4701
0.639338 0.0984871 0.762592 119.577 -0.0597813 0.995128 -0.0783994 -9.82318 -0.766598 0.00453504 0.642111 84.9825
0.643157 0.0962041 0.759667 120.176 -0.0568321 0.995337 -0.0779336 -9.87935 -0.763623 0.00695003 0.645626 85.4931
0.64672 0.0924227 0.757107 120.808 -0.0516011 0.995659 -0.0774659 -9.93766 -0.76098 0.0110312 0.648681 86.0268
0.650431 0.0859365 0.754689 121.436 -0.0435513 0.996164 -0.0758985 -9.99703 -0.758316 0.016499 0.651678 86.5669
0.654365 0.0799655 0.751939 122.066 -0.0374393 0.996599 -0.073403 -10.0552 -0.755252 0.0198802 0.655133 87.1153
0.657366 0.0746571 0.749864 122.706 -0.0325235 0.996964 -0.070747 -10.116 -0.752869 0.0221186 0.657799 87.6658
0.660829 0.0725347 0.747023 123.345 -0.0308687 0.997104 -0.0695101 -10.1684 -0.749902 0.0228746 0.661154 88.2533
0.663617 0.0743929 0.744364 123.956 -0.0326883 0.996976 -0.070497 -10.2281 -0.747358 0.022451 0.664043 88.7998
0.667331 0.078783 0.740582 124.632 -0.0376939 0.996688 -0.0720618 -10.2846 -0.743807 0.0201736 0.668091 89.4425
0.669972 0.0820576 0.737837 125.247 -0.0434421 0.996503 -0.0713784 -10.337 -0.741114 0.0157683 0.671194 90.0168
0.673102 0.0798883 0.735223 125.89 -0.0448966 0.996729 -0.0672001 -10.3946 -0.738186 0.0122236 0.674486 90.618
0.676205 0.0767749 0.732702 126.539 -0.0469509 0.997024 -0.0611407 -10.4447 -0.735216 0.00694258 0.677797 91.2419
0.679879 0.0708355 0.729895 127.175 -0.0462332 0.997484 -0.0537396 -10.4934 -0.731865 0.00279103 0.681444 91.8455
0.684751 0.0661496 0.725769 127.839 -0.0428305 0.997804 -0.0505341 -10.5387 -0.727517 0.00351823 0.68608 92.4779
0.688635 0.0631286 0.722355 128.484 -0.0378158 0.997974 -0.0511652 -10.5862 -0.724122 0.00791773 0.689627 93.0903
0.694388 0.0600842 0.717088 129.138 -0.0278101 0.998004 -0.0566922 -10.6341 -0.719063 0.0194241 0.694673 93.7052
0.699367 0.0623205 0.71204 129.777 -0.0228808 0.997633 -0.0648431 -10.685 -0.714396 0.0290572 0.699138 94.3447
0.704624 0.0623071 0.70684 130.441 -0.0198013 0.997476 -0.0681871 -10.7431 -0.709305 0.0340499 0.704079 95.0014
0.71136 0.0578819 0.70044 131.062 -0.0161169 0.997684 -0.0660769 -10.7887 -0.702643 0.0357156 0.710646 95.6505
0.717336 0.0517732 0.694801 131.718 -0.0118103 0.997996 -0.0621725 -10.8544 -0.696627 0.0363927 0.71651 96.3125
0.722571 0.0485492 0.689589 132.34 -0.00651932 0.997965 -0.0634287 -10.9057 -0.691266 0.0413361 0.721417 96.9758
0.727466 0.0508844 0.684254 132.986 -0.00593915 0.997676 -0.0678777 -10.971 -0.686118 0.0453148 0.726078 97.6687
0.730312 0.0531023 0.681046 133.605 -0.0067434 0.997486 -0.0705444 -11.0215 -0.68308 0.0469269 0.728834 98.3412
0.7341 0.0497726 0.677215 134.238 -0.00415041 0.99762 -0.0688221 -11.0839 -0.679029 0.0477116 0.73256 99.0223
0.737276 0.0434921 0.67419 134.862 0.000398953 0.997898 -0.0648109 -11.1467 -0.675591 0.0480525 0.735709 99.7079
0.73788 0.0393751 0.673782 135.498 0.00311182 0.998088 -0.061735 -11.2063 -0.674925 0.0476497 0.736347 100.4
0.738289 0.0345478 0.6736 136.142 0.0070648 0.998237 -0.0589411 -11.2625 -0.674448 0.0482744 0.736742 101.114
0.73889 0.0335446 0.672991 136.761 0.00691673 0.99833 -0.0573548 -11.3199 -0.673791 0.0470338 0.737424 101.811
0.739079 0.0333917 0.672791 137.38 0.00677056 0.998352 -0.0569875 -11.371 -0.673585 0.0466734 0.737634 102.5
0.738222 0.0361621 0.673588 138.021 0.0038653 0.998319 -0.0578318 -11.4261 -0.674547 0.0452963 0.736841 103.2
0.736932 0.0395699 0.674808 138.626 0.00101827 0.998219 -0.0596463 -11.4773 -0.675966 0.0446424 0.735579 103.896
0.735176 0.0437673 0.676462 139.265 -0.00374233 0.99816 -0.0605141 -11.5346 -0.677867 0.041957 0.733987 104.605
0.732588 0.0460134 0.679115 139.894 -0.00654819 0.998143 -0.0605653 -11.5898 -0.680641 0.0399225 0.731529 105.313
0.73139 0.048233 0.680252 140.508 -0.010225 0.998159 -0.0597805 -11.6449 -0.681883 0.0367672 0.730537 105.984
0.7285 0.0474054 0.683404 141.11 -0.0107375 0.99827 -0.0578005 -11.6985 -0.684962 0.0347697 0.727749 106.65
0.726124 0.0460263 0.686022 141.768 -0.0111747 0.998415 -0.0551572 -11.7509 -0.687474 0.0323848 0.725487 107.349
0.724885 0.0422148 0.687575 142.404 -0.00715288 0.998528 -0.0537652 -11.8036 -0.688833 0.0340555 0.72412 108.03
0.721256 0.0448649 0.691214 143.058 -0.00653788 0.998297 -0.0579749 -11.8718 -0.692638 0.0372956 0.720321 108.728
0.71795 0.0571832 0.693742 143.631 -0.0149209 0.997655 -0.0667924 -11.9155 -0.695935 0.0376023 0.717119 109.343
0.7144 0.0630574 0.696891 144.299 -0.0176905 0.997241 -0.0720994 -11.9809 -0.699514 0.0391795 0.713544 110.029
0.710691 0.0614083 0.700819 144.928 -0.0168678 0.997384 -0.070289 -12.04 -0.703302 0.0381325 0.709868 110.693
0.707507 0.060042 0.704151 145.573 -0.0212576 0.997742 -0.0637172 -12.1033 -0.706387 0.0301118 0.707185 111.34
0.704034 0.0577425 0.707815 146.2 -0.0215778 0.997968 -0.0599502 -12.158 -0.709839 0.0269338 0.703849 111.978
0.700653 0.057991 0.711141 146.84 -0.0228048 0.998003 -0.0589151 -12.2145 -0.713138 0.0250616 0.700576 112.616
0.697448 0.0563228 0.714419 147.49 -0.0196766 0.998036 -0.0594733 -12.2683 -0.716365 0.0274222 0.697187 113.271
0.693435 0.0554109 0.718385 148.122 -0.0165195 0.997999 -0.0610325 -12.3254 -0.72033 0.0304547 0.692963 113.882
0.690523 0.0548031 0.721231 148.787 -0.0125296 0.997882 -0.0638284 -12.3799 -0.723202 0.0350383 0.689747 114.514
0.686721 0.0554736 0.724801 149.421 -0.0112835 0.997777 -0.0656755 -12.4384 -0.726834 0.0369224 0.68582 115.118
0.68308 0.0561989 0.728179 150.077 -0.0108564 0.997706 -0.0668164 -12.4934 -0.730263 0.0377356 0.682123 115.746
0.678663 0.0574158 0.732202 150.751 -0.0127778 0.997712 -0.0663923 -12.5519 -0.734338 0.0357021 0.677844 116.37
0.673105 0.0572551 0.737327 151.422 -0.0118592 0.997706 -0.0666478 -12.6153 -0.739452 0.0361169 0.67224 116.989
0.668447 0.0606834 0.74128 152.069 -0.0149974 0.997563 -0.0681397 -12.6671 -0.743608 0.0344306 0.667728 117.579
0.662122 0.0670466 0.746391 152.754 -0.0187707 0.997161 -0.0729212 -12.7389 -0.749161 0.0342725 0.661501 118.18
0.655799 0.0736794 0.751332 153.434 -0.0222607 0.996681 -0.0783094 -12.7963 -0.754607 0.0346301 0.655262 118.779
0.650133 0.0772741 0.755881 154.097 -0.0253136 0.996466 -0.080097 -12.8651 -0.759399 0.0329396 0.649791 119.327
0.642529 0.0711995 0.762946 154.829 -0.0241754 0.997062 -0.0726878 -12.9333 -0.76588 0.0282595 0.642363 119.979
0.636314 0.0661441 0.768589 155.533 -0.0274031 0.997627 -0.0631679 -12.983 -0.770943 0.0191329 0.636617 120.577
0.628937 0.0607018 0.775083 156.233 -0.0258393 0.998029 -0.057195 -13.0496 -0.777027 0.0159444 0.629265 121.163
0.621396 0.0626643 0.780987 156.978 -0.0318621 0.997993 -0.054725 -13.0933 -0.782849 0.00912208 0.622146 121.768
0.613816 0.0647894 0.786786 157.697 -0.0325218 0.997856 -0.0567982 -13.1505 -0.788779 0.0092759 0.614607 122.33
0.607663 0.0628678 0.791702 158.449 -0.0222405 0.997818 -0.0621647 -13.195 -0.793883 0.0201673 0.607736 122.928
0.599694 0.072624 0.796927 159.173 -0.0265421 0.997131 -0.0708954 -13.2691 -0.799789 0.0213634 0.599901 123.472
0.593957 0.0743569 0.801053 159.905 -0.0233345 0.996893 -0.0752337 -13.3316 -0.804158 0.0259934 0.593847 123.993
0.586432 0.0702169 0.806949 160.667 -0.0194515 0.997169 -0.0726329 -13.3911 -0.809765 0.0268979 0.586138 124.565
0.579233 0.0634715 0.812688 161.463 -0.0128567 0.997551 -0.068746 -13.4606 -0.815061 0.0293714 0.57863 125.134
0.572908 0.0633919 0.817165 162.184 -0.0140086 0.997616 -0.0675692 -13.525 -0.8195 0.0272636 0.57243 125.645
0.564989 0.0641424 0.822602 162.983 -0.014261 0.997584 -0.0679917 -13.5879 -0.824975 0.0266834 0.564539 126.203
0.559399 0.0624691 0.826541 163.681 -0.0112701 0.997637 -0.0677729 -13.6475 -0.828822 0.0285969 0.558781 126.675
0.553921 0.0558624 0.830693 164.464 -0.00411476 0.997918 -0.0643641 -13.711 -0.832559 0.0322345 0.552998 127.206
0.548746 0.0537875 0.834257 165.197 -0.00417985 0.998092 -0.0616011 -13.773 -0.835979 0.0303163 0.547924 127.696
0.545311 0.0528629 0.836565 165.941 -0.00537544 0.998209 -0.0595733 -13.8259 -0.838217 0.0279891 0.544619 128.178
0.540347 0.0543862 0.839683 166.672 -0.00592802 0.99813 -0.0608341 -13.8858 -0.841422 0.0278938 0.539659 128.661
0.535846 0.0571204 0.842381 167.402 -0.00461144 0.997892 -0.0647319 -13.9443 -0.844303 0.0308018 0.53498 129.135
