1 -3.64932e-10 -5.02005e-12 2.32831e-10 -6.92874e-10 1 4.10834e-10 7.45058e-09 1.04042e-13 9.60589e-11 1 0
0.999998 0.00109278 0.00189888 0.00503904 -0.00108266 0.999985 -0.00532456 -0.0117623 -0.00190468 0.00532249 0.999984 0.949939
0.999996 -0.00073291 0.0028199 0.00694956 0.000749074 0.999983 -0.00573576 -0.0218746 -0.00281565 0.00573785 0.99998 1.90252
0.999988 -0.00285867 0.00401076 0.00667665 0.00286842 0.999993 -0.00242594 -0.0262525 -0.00400379 0.00243742 0.999989 2.86977
0.999973 -0.00673666 0.0028498 0.00950804 0.00672574 0.99997 0.00382587 -0.0310016 -0.00287549 -0.0038066 0.999989 3.8104
0.999954 -0.00946212 0.00131606 0.0157143 0.00945638 0.999946 0.00429673 -0.0351348 -0.00135665 -0.00428409 0.99999 4.75266
0.999926 -0.0120767 0.0011903 0.0149623 0.0120746 0.999926 0.00175091 -0.0372863 -0.00121136 -0.00173641 0.999998 5.7045
0.999934 -0.0114602 -0.000621964 0.0150554 0.0114591 0.999933 -0.00170359 -0.0398518 0.000641446 0.00169635 0.999998 6.62792
0.999932 -0.0115687 -0.00142245 0.0137801 0.0115652 0.99993 -0.00241322 -0.0456208 0.00145027 0.00239661 0.999996 7.56448
0.999934 -0.0113751 -0.00175087 0.00701505 0.011374 0.999935 -0.000600629 -0.0477593 0.00175759 0.000580677 0.999998 8.49911
0.999931 -0.0112683 -0.00327125 0.00602319 0.0112747 0.999935 0.00193617 -0.0517799 0.00324922 -0.00197292 0.999993 9.41838
0.999934 -0.0107828 -0.00390896 0.00537055 0.0107972 0.999935 0.00369017 -0.0547111 0.00386891 -0.00373214 0.999986 10.3352
0.999918 -0.0120193 -0.00435509 -0.00736144 0.0120386 0.999918 0.00442779 -0.0597892 0.00430152 -0.00447986 0.999981 11.2631
0.999908 -0.0123502 -0.00558514 -0.0106145 0.0123751 0.999914 0.00444026 -0.0606121 0.00552982 -0.00450897 0.999975 12.1614
0.999906 -0.0122903 -0.00611862 -0.0248347 0.0123099 0.999919 0.00318102 -0.0600808 0.00607903 -0.00325604 0.999976 13.0615
0.999886 -0.0132825 -0.00723069 -0.0313818 0.0132907 0.999911 0.00108758 -0.0648651 0.00721561 -0.00118355 0.999973 13.9847
0.999859 -0.0136947 -0.00969075 -0.0363912 0.0136952 0.999906 -1.10046e-05 -0.0641904 0.00968999 -0.000121713 0.999953 14.8733
0.999852 -0.0133123 -0.0109129 -0.0526352 0.0133005 0.999911 -0.00115712 -0.0679311 0.0109274 0.00101181 0.99994 15.7738
0.999854 -0.0120986 -0.0120386 -0.0655556 0.0120764 0.999925 -0.00190885 -0.0725003 0.0120608 0.00176318 0.999926 16.6672
0.999837 -0.0108955 -0.0144294 -0.0817074 0.0108661 0.999939 -0.00211977 -0.0765861 0.0144516 0.00196263 0.999894 17.5402
0.999816 -0.0109579 -0.0157792 -0.0989806 0.0109359 0.999939 -0.00148119 -0.0807588 0.0157945 0.00130836 0.999874 18.4271
0.999811 -0.010895 -0.0161054 -0.118387 0.0108976 0.999941 7.16886e-05 -0.0863246 0.0161037 -0.000247185 0.99987 19.3257
0.99978 -0.0104279 -0.0181799 -0.139807 0.010441 0.999945 0.000623095 -0.0903957 0.0181724 -0.000812773 0.999835 20.1883
0.999739 -0.0110402 -0.0200078 -0.156096 0.0110547 0.999939 0.00061278 -0.0952058 0.0199998 -0.0008338 0.9998 21.0781
0.999716 -0.0113319 -0.0209674 -0.172573 0.0113363 0.999936 9.23736e-05 -0.0982196 0.020965 -0.000330041 0.99978 21.9381
0.999687 -0.0114318 -0.0222396 -0.196021 0.0114454 0.999934 0.000485137 -0.100905 0.0222326 -0.000739526 0.999753 22.7633
0.999659 -0.0114529 -0.0234679 -0.220468 0.0115079 0.999931 0.0022077 -0.101948 0.023441 -0.00247701 0.999722 23.6684
0.999623 -0.0130061 -0.0241858 -0.241403 0.0131285 0.999902 0.00490961 -0.103634 0.0241195 -0.00522528 0.999695 24.4747
0.999602 -0.0128104 -0.025133 -0.266114 0.012983 0.999893 0.00671639 -0.106241 0.0250443 -0.00704002 0.999662 25.314
0.999626 -0.0119054 -0.0246303 -0.290786 0.0120418 0.999913 0.00539378 -0.109156 0.024564 -0.00568835 0.999682 26.17
0.999602 -0.00979322 -0.0264628 -0.313386 0.00987215 0.999947 0.00285362 -0.111176 0.0264335 -0.00311372 0.999646 26.9726
0.999594 -0.00961492 -0.0268328 -0.342647 0.00965295 0.999953 0.00128781 -0.111163 0.0268192 -0.0015463 0.999639 27.7892
0.999585 -0.00921676 -0.0272969 -0.362925 0.00924325 0.999957 0.000844549 -0.112054 0.0272879 -0.00109651 0.999627 28.5934
0.999527 -0.0101058 -0.0290418 -0.391269 0.01013 0.999949 0.000686193 -0.11984 0.0290334 -0.000980064 0.999578 29.3497
0.999487 -0.00930386 -0.0306476 -0.419821 0.00930743 0.999957 -2.59621e-05 -0.123085 0.0306465 -0.0002593 0.99953 30.1465
0.999425 -0.00863969 -0.0328017 -0.451336 0.00863134 0.999963 -0.000396129 -0.129597 0.0328039 0.000112779 0.999462 30.9279
0.999333 -0.00914601 -0.035366 -0.48934 0.0091756 0.999958 0.000674369 -0.129963 0.0353583 -0.000998422 0.999374 31.6787
0.999256 -0.0098441 -0.0372905 -0.518743 0.00996665 0.999946 0.00310197 -0.133349 0.0372579 -0.00347132 0.9993 32.4294
0.999222 -0.00955797 -0.0382624 -0.551286 0.00973741 0.999942 0.00450622 -0.134849 0.0382172 -0.00487529 0.999258 33.1712
0.999148 -0.00782481 -0.0405134 -0.585488 0.00802597 0.999956 0.00480514 -0.142805 0.040474 -0.00512621 0.999168 33.8829
0.999096 -0.00556024 -0.042146 -0.622117 0.00575093 0.999974 0.00440468 -0.140524 0.0421204 -0.00464307 0.999102 34.613
0.999018 -0.00346221 -0.0441821 -0.665981 0.00362347 0.999987 0.00357033 -0.141607 0.0441692 -0.00372692 0.999017 35.3045
0.998957 -0.00257032 -0.0455814 -0.701033 0.00278563 0.999985 0.0046608 -0.14043 0.0455687 -0.00478291 0.99895 36.014
0.998919 -0.00187219 -0.0464502 -0.740788 0.00216662 0.999978 0.00628888 -0.140115 0.0464374 -0.00638272 0.998901 36.7101
0.998897 0.00076677 -0.0469607 -0.784501 -0.000446299 0.999977 0.00683438 -0.140599 0.0469649 -0.00680588 0.998873 37.3742
0.998961 0.00364245 -0.045437 -0.815333 -0.00340991 0.999981 0.00519433 -0.14332 0.0454551 -0.00503399 0.998954 38.0342
0.99901 0.00630698 -0.0440459 -0.863079 -0.00623273 0.999979 0.00182288 -0.144176 0.0440564 -0.00154655 0.999028 38.7107
0.999099 0.00636354 -0.0419619 -0.885284 -0.00636745 0.99998 4.03437e-05 -0.141959 0.0419613 0.000226884 0.999119 39.3281
0.999227 0.00729162 -0.0386294 -0.913928 -0.00726966 0.999973 0.000708923 -0.143761 0.0386335 -0.000427552 0.999253 39.9736
0.999304 0.0121808 -0.0352555 -0.948734 -0.0120683 0.999921 0.00340404 -0.148561 0.0352942 -0.0029762 0.999373 40.6119
0.999358 0.016272 -0.0319198 -0.97604 -0.0160621 0.999848 0.00682378 -0.146276 0.0320259 -0.0063067 0.999467 41.2328
0.999393 0.0216207 -0.0273323 -1.00629 -0.0214057 0.999738 0.00813518 -0.151719 0.027501 -0.00754517 0.999593 41.8133
0.999441 0.0256131 -0.0215039 -1.02483 -0.025438 0.999641 0.00837948 -0.14962 0.0217108 -0.00782777 0.999734 42.4063
0.999444 0.02933 -0.0158342 -1.03358 -0.0291685 0.999521 0.010334 -0.146626 0.0161297 -0.00986643 0.999821 42.9706
0.999362 0.0344245 -0.00951231 -1.05031 -0.0343142 0.999345 0.0115329 -0.147087 0.00990309 -0.0111991 0.999888 43.5242
0.999273 0.0380977 -0.00175448 -1.06614 -0.038075 0.999208 0.0115358 -0.1472 0.00219257 -0.0114606 0.999932 44.0529
0.999137 0.0412707 0.00464902 -1.07376 -0.0413214 0.999081 0.0113928 -0.147675 -0.00417456 -0.0115751 0.999924 44.5645
0.998897 0.0452778 0.0124594 -1.07885 -0.0454138 0.998909 0.0108554 -0.145578 -0.0119543 -0.0114093 0.999863 45.0517
0.998543 0.0500222 0.0202565 -1.07336 -0.0501945 0.998707 0.0080865 -0.143865 -0.0198258 -0.00909148 0.999762 45.517
0.998248 0.0519438 0.0283213 -1.06319 -0.0521091 0.998628 0.00512993 -0.147969 -0.0280159 -0.00659674 0.999586 45.9465
0.997934 0.0529458 0.0363866 -1.04101 -0.0531501 0.998576 0.00467205 -0.145338 -0.0360874 -0.00659635 0.999327 46.3727
0.997667 0.0519094 0.0443322 -1.02514 -0.052222 0.998618 0.00592138 -0.148854 -0.0439635 -0.00822269 0.998999 46.7738
0.9972 0.053436 0.0523176 -1.00809 -0.0538564 0.998527 0.0066582 -0.148579 -0.0518848 -0.0094572 0.998608 47.1463
0.996519 0.056398 0.0613979 -0.981792 -0.0569318 0.998354 0.00697716 -0.149213 -0.0609034 -0.0104484 0.998089 47.498
0.995671 0.0612784 0.069893 -0.966587 -0.0618759 0.998063 0.00641427 -0.1511 -0.0693645 -0.0107112 0.997534 47.823
0.994743 0.0652378 0.0789398 -0.951678 -0.0659529 0.997802 0.0064833 -0.151288 -0.0783433 -0.0116555 0.996858 48.1235
0.993975 0.0646709 0.088497 -0.915365 -0.0655323 0.997827 0.00686016 -0.154881 -0.087861 -0.0126182 0.996053 48.4096
0.993039 0.0636044 0.099137 -0.88565 -0.0644157 0.997911 0.00500098 -0.158224 -0.0986118 -0.0113521 0.995061 48.6769
0.991896 0.0622832 0.11074 -0.844929 -0.0627567 0.998029 0.000792284 -0.161124 -0.110472 -0.00773552 0.993849 48.9369
0.990293 0.062962 0.12392 -0.803024 -0.0630578 0.998005 -0.00315248 -0.163481 -0.123871 -0.00469221 0.992287 49.2025
0.988179 0.0650505 0.138817 -0.762983 -0.0648984 0.997876 -0.00562699 -0.165116 -0.138889 -0.00344854 0.990302 49.4519
0.985557 0.0667011 0.155653 -0.704109 -0.066397 0.997768 -0.00715764 -0.168712 -0.155782 -0.00328059 0.987786 49.7125
0.982759 0.0673323 0.172194 -0.657067 -0.0668902 0.997725 -0.00837544 -0.170916 -0.172366 -0.00328702 0.985028 49.9556
0.979434 0.0666173 0.190449 -0.589717 -0.0660003 0.997774 -0.00958813 -0.173888 -0.190664 -0.00317877 0.98165 50.1997
0.975612 0.0655461 0.209488 -0.520351 -0.0648473 0.997843 -0.0102103 -0.179406 -0.209706 -0.00362344 0.977758 50.4539
0.971017 0.0659816 0.229725 -0.457834 -0.0651186 0.997813 -0.011344 -0.182752 -0.229971 -0.00394413 0.97319 50.6869
0.965702 0.0679451 0.250605 -0.370144 -0.0666915 0.997682 -0.0135013 -0.185348 -0.250942 -0.00367499 0.967995 50.9293
0.959434 0.0693564 0.27327 -0.283837 -0.0676435 0.997586 -0.0156969 -0.19011 -0.273699 -0.00342485 0.961809 51.177
0.952071 0.0705485 0.29763 -0.199479 -0.0686066 0.997499 -0.0169799 -0.197602 -0.298083 -0.00425331 0.95453 51.4072
0.943453 0.073218 0.32332 -0.0993793 -0.0712138 0.997298 -0.0180421 -0.203171 -0.323768 -0.00600295 0.946118 51.6446
0.933536 0.075488 0.350445 0.0207991 -0.0734248 0.997116 -0.0191915 -0.212627 -0.350883 -0.0078154 0.936387 51.8973
0.92221 0.0767685 0.378992 0.125578 -0.0744144 0.997009 -0.0208796 -0.219772 -0.379461 -0.00894705 0.925165 52.1213
0.909553 0.0749282 0.408778 0.266627 -0.0718756 0.997152 -0.0228489 -0.230324 -0.409326 -0.00859893 0.912348 52.3561
0.89453 0.0723781 0.44111 0.418287 -0.0679913 0.997353 -0.0257675 -0.240301 -0.441808 -0.00694185 0.897083 52.5923
0.877197 0.0714689 0.474782 0.565779 -0.0650814 0.997432 -0.0299004 -0.250339 -0.4757 -0.00467094 0.879596 52.7999
0.857515 0.0736536 0.509159 0.742287 -0.0647077 0.99728 -0.0352846 -0.259778 -0.510373 -0.00268945 0.859949 53.035
0.835826 0.0757531 0.543743 0.905355 -0.0644867 0.997125 -0.0397902 -0.267815 -0.545195 -0.00180652 0.838308 53.2587
0.811131 0.07868 0.579548 1.11008 -0.0655106 0.996897 -0.0436516 -0.281022 -0.581184 -0.00255944 0.813768 53.484
0.783754 0.0828637 0.615519 1.33513 -0.0684996 0.996546 -0.0469372 -0.296751 -0.617282 -0.00537551 0.786723 53.7234
0.753651 0.0871997 0.651465 1.55475 -0.0718346 0.996151 -0.0502343 -0.308034 -0.653338 -0.00893862 0.757014 53.9466
0.720963 0.0888014 0.687261 1.81728 -0.0720606 0.995986 -0.0530976 -0.32627 -0.689217 -0.0112431 0.724468 54.1712
0.684314 0.0868897 0.723992 2.11548 -0.0688545 0.996139 -0.0544703 -0.349275 -0.72593 -0.0125753 0.687654 54.4127
0.645385 0.0855029 0.759057 2.40291 -0.066173 0.996238 -0.0559566 -0.369765 -0.760986 -0.0141156 0.648615 54.6151
0.602911 0.0854614 0.793218 2.74999 -0.0642322 0.996218 -0.0585109 -0.388461 -0.795219 -0.0156732 0.60612 54.8345
0.557279 0.0852305 0.82594 3.09849 -0.0610427 0.996232 -0.0616165 -0.413718 -0.828079 -0.0160801 0.560381 55.0253
0.509285 0.0841509 0.856474 3.48502 -0.0575435 0.99631 -0.0636732 -0.441491 -0.858672 -0.0168567 0.512248 55.2156
0.460658 0.0822637 0.883757 3.90326 -0.0556973 0.996413 -0.063718 -0.469817 -0.885829 -0.0198707 0.463587 55.4028
0.411171 0.0799326 0.908047 4.31011 -0.0552263 0.996503 -0.0627122 -0.497486 -0.909884 -0.0243626 0.414147 55.5468
0.360904 0.0796081 0.929199 4.75261 -0.0575426 0.996353 -0.0630117 -0.517794 -0.930826 -0.0307274 0.364168 55.6984
0.311332 0.0808377 0.946857 5.24076 -0.0560411 0.996203 -0.066624 -0.538345 -0.948648 -0.0323208 0.31468 55.835
0.264261 0.0771064 0.961364 5.69643 -0.0453443 0.99669 -0.0674754 -0.579032 -0.963385 -0.0257613 0.266883 55.9233
0.219999 0.0716261 0.972867 6.18844 -0.0318382 0.997297 -0.0662249 -0.610364 -0.97498 -0.0164048 0.221685 55.9934
0.177558 0.069575 0.981648 6.72398 -0.0220731 0.997528 -0.0667081 -0.651264 -0.983863 -0.00982346 0.178655 56.0541
0.139045 0.0719441 0.987669 7.23734 -0.0181657 0.997375 -0.0700937 -0.667513 -0.990119 -0.00819551 0.139987 56.0994
0.106294 0.0721237 0.991716 7.76734 -0.0102884 0.997392 -0.0714338 -0.709332 -0.994282 -0.00261017 0.106759 56.1252
0.0769874 0.070604 0.994529 8.33352 -0.00158984 0.997497 -0.0706916 -0.75108 -0.997031 0.00386123 0.076907 56.1472
0.0521079 0.0692022 0.996241 8.88725 0.00437215 0.997571 -0.0695233 -0.784933 -0.998632 0.00797843 0.0516788 56.1609
0.0321056 0.0680865 0.997163 9.45194 0.0103323 0.997601 -0.0684491 -0.818028 -0.999431 0.0125006 0.0313251 56.159
0.0159443 0.0693182 0.997467 10.0636 0.012561 0.997501 -0.0695214 -0.854556 -0.999794 0.0136376 0.0150338 56.159
0.00237832 0.0695499 0.997576 10.6291 0.0136263 0.997484 -0.0695759 -0.889634 -0.999904 0.0137587 0.00142463 56.1516
-0.00925581 0.0705195 0.997467 11.2427 0.0142244 0.997419 -0.0703841 -0.922879 -0.999856 0.0135369 -0.010235 56.1388
-0.0183783 0.0732503 0.997144 11.8476 0.0188747 0.99716 -0.0729036 -0.966806 -0.999653 0.017481 -0.0197087 56.1194
-0.0254847 0.0749321 0.996863 12.4877 0.0235023 0.996956 -0.0743382 -1.01231 -0.999399 0.0215341 -0.0271682 56.0969
-0.0298332 0.0746202 0.996766 13.1108 0.0236355 0.996983 -0.0739291 -1.0494 -0.999276 0.0213536 -0.0315069 56.0735
-0.0337599 0.071766 0.99685 13.7733 0.0213804 0.997242 -0.0710701 -1.09234 -0.999201 0.0189137 -0.0352012 56.0559
-0.0360587 0.0651691 0.997223 14.4445 0.0195731 0.997726 -0.0644943 -1.12889 -0.999158 0.0171932 -0.0372523 56.038
-0.0372353 0.0592668 0.997547 15.1278 0.0202276 0.99808 -0.0585434 -1.17151 -0.999102 0.0179981 -0.0383627 56.0137
-0.0374074 0.056901 0.997679 15.8231 0.0233497 0.998155 -0.0560527 -1.20887 -0.999027 0.0211987 -0.038667 55.9816
-0.0377595 0.0587898 0.997556 16.5113 0.0276144 0.997948 -0.0577677 -1.25441 -0.998905 0.0253657 -0.0393055 55.9552
-0.0364539 0.0661157 0.997146 17.2067 0.0281334 0.997482 -0.0651095 -1.29151 -0.998939 0.0256797 -0.0382222 55.9249
-0.0342985 0.0737642 0.996686 17.9012 0.0272452 0.996971 -0.0728477 -1.3373 -0.99904 0.0246564 -0.0362043 55.902
-0.0327415 0.0752261 0.996629 18.6136 0.0280286 0.99684 -0.0743212 -1.37449 -0.999071 0.0255007 -0.0347465 55.8856
-0.0305813 0.0709542 0.997011 19.3524 0.0284712 0.997134 -0.0700897 -1.4215 -0.999127 0.0262427 -0.0325138 55.8685
-0.0275931 0.0645799 0.997531 20.0784 0.0284532 0.997557 -0.0637945 -1.46865 -0.999214 0.0266227 -0.0293632 55.8456
-0.0253412 0.0625273 0.997721 20.8328 0.0264973 0.997733 -0.061855 -1.51628 -0.999328 0.0248695 -0.0269406 55.8365
-0.0215047 0.0676335 0.997478 21.5647 0.0331857 0.997208 -0.0668997 -1.57123 -0.999218 0.0316634 -0.0236891 55.8214
-0.0181243 0.0730585 0.997163 22.2894 0.0359364 0.99673 -0.0723736 -1.62154 -0.99919 0.0345228 -0.0206905 55.8084
-0.0163267 0.0740135 0.997124 23.0209 0.0297817 0.99685 -0.0735056 -1.66646 -0.999423 0.0284959 -0.0184795 55.8075
-0.0128397 0.0711403 0.997384 23.7682 0.0245113 0.997189 -0.0708109 -1.71163 -0.999617 0.023538 -0.0145474 55.814
-0.00830652 0.0667315 0.997736 24.517 0.0288304 0.997372 -0.0664671 -1.76565 -0.99955 0.0282131 -0.0102086 55.8026
-0.00463642 0.06779 0.997689 25.2382 0.0341375 0.997129 -0.0675933 -1.82099 -0.999406 0.0337452 -0.00693729 55.7988
-0.00158074 0.0719675 0.997406 25.9682 0.0340611 0.996832 -0.0718721 -1.87541 -0.999419 0.0338591 -0.00402702 55.7974
0.00129869 0.0732674 0.997311 26.6987 0.0296532 0.996871 -0.0732736 -1.9173 -0.99956 0.0296686 -0.000877984 55.8096
0.00533745 0.0721226 0.997381 27.465 0.0281324 0.99699 -0.0722449 -1.97441 -0.99959 0.0284444 0.0032924 55.8205
0.0092856 0.0699537 0.997507 28.2006 0.0327372 0.996994 -0.0702224 -2.02234 -0.999421 0.0333076 0.0069676 55.8221
0.0129739 0.0696547 0.997487 28.9298 0.0375096 0.996835 -0.070097 -2.07943 -0.999212 0.0383247 0.0103202 55.8222
0.0163833 0.0706941 0.997363 29.6858 0.0402577 0.996642 -0.0713042 -2.13451 -0.999055 0.0413198 0.0134823 55.8398
0.0195622 0.0706925 0.997306 30.4187 0.0407694 0.996611 -0.0714429 -2.18398 -0.998977 0.0420571 0.0166138 55.846
0.0226595 0.0694512 0.997328 31.1649 0.0421186 0.996632 -0.0703597 -2.2314 -0.998856 0.0436004 0.019658 55.8685
0.0266819 0.068169 0.997317 31.9142 0.0445757 0.996599 -0.0693125 -2.28935 -0.99865 0.0463055 0.0235524 55.891
0.0297217 0.0686065 0.997201 32.6524 0.0429278 0.996634 -0.069847 -2.33538 -0.998636 0.0448837 0.0266765 55.9151
0.0325678 0.0699682 0.997018 33.391 0.0392116 0.996689 -0.0712261 -2.38465 -0.9987 0.0414143 0.0297164 55.939
0.0353405 0.0701443 0.996911 34.156 0.0409693 0.996594 -0.0715743 -2.44018 -0.998535 0.0433722 0.0323463 55.9758
0.0379045 0.0695526 0.996858 34.902 0.0390517 0.99671 -0.0710271 -2.49235 -0.998518 0.0416212 0.0350636 56.0064
0.0398949 0.0701077 0.996741 35.6791 0.0371325 0.996742 -0.071594 -2.54465 -0.998514 0.0398677 0.0371617 56.0461
0.043236 0.0702544 0.996592 36.4058 0.0351037 0.996802 -0.0717921 -2.59811 -0.998448 0.0380881 0.0406316 56.0875
0.0462707 0.0721273 0.996322 37.1686 0.0325 0.996753 -0.0736679 -2.65002 -0.9984 0.0357892 0.0437764 56.1287
0.0492935 0.075344 0.995939 37.9216 0.0321296 0.996515 -0.0769778 -2.70753 -0.998268 0.0357936 0.0467009 56.1748
0.0526561 0.0775095 0.9956 38.6907 0.032003 0.99634 -0.0792597 -2.76441 -0.9981 0.0360357 0.0499828 56.2195
0.0555553 0.0796544 0.995273 39.4522 0.0261633 0.996354 -0.0812013 -2.82268 -0.998113 0.0305508 0.0532688 56.271
0.0583856 0.0795667 0.995118 40.218 0.0216156 0.996484 -0.0809442 -2.87246 -0.99806 0.026236 0.0564605 56.3274
0.0616917 0.0793483 0.994936 40.9802 0.0241061 0.996426 -0.0809618 -2.938 -0.997804 0.0289787 0.0595584 56.3845
0.0653728 0.0804574 0.994612 41.7943 0.0241594 0.996324 -0.0821839 -3.00849 -0.997568 0.0294018 0.0631887 56.4387
0.0688867 0.0814702 0.994292 42.5713 0.0193565 0.996363 -0.0829809 -3.06593 -0.997437 0.0249623 0.0670592 56.5044
0.0736203 0.0803083 0.994048 43.3465 0.0182872 0.996476 -0.0818589 -3.11782 -0.997119 0.0242048 0.0718922 56.5735
0.0786359 0.0789194 0.993775 44.1435 0.0197363 0.996543 -0.080701 -3.19572 -0.996708 0.0259594 0.0768064 56.6422
0.0828886 0.0835075 0.993054 44.955 0.0158 0.996248 -0.0850949 -3.25156 -0.996434 0.0227437 0.0812581 56.7191
0.0890956 0.0912713 0.991832 45.7471 0.0131912 0.995597 -0.0928027 -3.32594 -0.995936 0.0213518 0.0874993 56.802
0.0969208 0.0964043 0.990612 46.5523 0.0119463 0.995114 -0.0980112 -3.3955 -0.99522 0.0213335 0.0952955 56.8876
0.103739 0.0992787 0.989637 47.3454 0.00666081 0.994914 -0.100506 -3.46938 -0.994582 0.0170182 0.10255 56.9846
0.111038 0.097809 0.988991 48.1353 0.0040656 0.995092 -0.0988688 -3.54207 -0.993808 0.014999 0.110095 57.0935
0.118372 0.0955585 0.988361 48.9633 0.00366151 0.99531 -0.096669 -3.62302 -0.992963 0.0150618 0.117467 57.1942
0.125608 0.0927992 0.98773 49.7737 0.00345418 0.995569 -0.0939749 -3.7005 -0.992074 0.0152158 0.124731 57.3096
0.133582 0.0865878 0.987248 50.587 0.00141708 0.996158 -0.087561 -3.77593 -0.991037 0.0130956 0.132946 57.4246
0.14093 0.0801146 0.986773 51.4092 -0.0012324 0.996734 -0.0807473 -3.8396 -0.990019 0.0101636 0.140568 57.5494
0.14831 0.0762397 0.985998 52.2103 -0.000513731 0.99703 -0.0770155 -3.91069 -0.988941 0.0109156 0.147908 57.6832
0.155805 0.078087 0.984697 52.9913 -0.000512385 0.996877 -0.0789718 -3.97542 -0.987788 0.0117996 0.155358 57.8229
0.161787 0.0844042 0.98321 53.7929 -0.00172484 0.996358 -0.0852491 -4.04488 -0.986824 0.0120963 0.161343 57.9531
0.166212 0.088731 0.98209 54.5629 -0.00295661 0.995984 -0.0894859 -4.10847 -0.986086 0.01197 0.165807 58.0916
0.171769 0.0910956 0.980916 55.3547 -0.00338143 0.995764 -0.0918823 -4.18537 -0.985132 0.0124656 0.171349 58.2487
0.177146 0.0914103 0.97993 56.1123 -0.00623455 0.995762 -0.09176 -4.25316 -0.984165 0.0101455 0.176965 58.3936
0.182104 0.0879339 0.979339 56.8512 -0.00307824 0.996039 -0.088861 -4.32348 -0.983275 0.0131673 0.181653 58.5353
0.186852 0.0824407 0.978923 57.6506 -0.00222154 0.996506 -0.0834974 -4.39123 -0.982386 0.013427 0.186382 58.6901
0.190197 0.0747427 0.978897 58.3759 -0.0027991 0.997135 -0.0755914 -4.45682 -0.981742 0.0116373 0.189861 58.8424
0.193665 0.071639 0.978449 59.1009 -0.00617144 0.9974 -0.071805 -4.51174 -0.981048 0.00786765 0.193603 58.9907
0.196693 0.0716466 0.977844 59.8447 -0.00818893 0.997412 -0.0714331 -4.57581 -0.980431 0.00604288 0.19677 59.1522
0.198767 0.073435 0.977292 60.5476 -0.0101364 0.99729 -0.0728761 -4.62872 -0.979994 0.00457922 0.198973 59.3056
0.200842 0.0772062 0.976577 61.2472 -0.0133035 0.997013 -0.0760858 -4.68555 -0.979533 0.00228934 0.201269 59.461
0.202658 0.0822421 0.97579 61.9306 -0.0152133 0.996611 -0.0808373 -4.74229 -0.979132 0.0015373 0.203222 59.6102
0.204154 0.0878253 0.974991 62.609 -0.017271 0.996136 -0.0861135 -4.80013 -0.978787 0.00074138 0.204882 59.7593
0.206182 0.0895358 0.974409 63.293 -0.0158485 0.99598 -0.0881644 -4.8639 -0.978385 0.00273493 0.206772 59.9249
0.206965 0.0894613 0.974249 63.9512 -0.0180129 0.99599 -0.087631 -4.91704 -0.978183 0.000587586 0.207747 60.0657
0.208227 0.0867348 0.974227 64.609 -0.017264 0.996231 -0.0850039 -4.9839 -0.977928 0.000881051 0.208939 60.215
0.208837 0.0840895 0.974328 65.2736 -0.0169086 0.996458 -0.0823752 -5.03869 -0.977804 0.000728518 0.20952 60.3703
0.208708 0.0832034 0.974432 65.9263 -0.0169612 0.996532 -0.0814577 -5.09762 -0.977831 0.000473327 0.209396 60.5088
0.207231 0.0821441 0.974837 66.5511 -0.0168471 0.99662 -0.0803983 -5.15422 -0.978147 0.000237813 0.207914 60.6437
0.205409 0.0826497 0.97518 67.1834 -0.017451 0.996579 -0.0807875 -5.20981 -0.978521 -0.000423366 0.206149 60.7797
0.203249 0.0856027 0.975378 67.7913 -0.0181974 0.996329 -0.0836494 -5.26136 -0.978958 -0.000747639 0.204061 60.9043
0.200825 0.0895241 0.975528 68.386 -0.0173973 0.995984 -0.0878199 -5.32015 -0.979473 0.000664886 0.201576 61.026
0.198949 0.0902768 0.975843 68.9754 -0.0153051 0.995913 -0.0890131 -5.37214 -0.97989 0.00277368 0.199518 61.1478
0.196922 0.0890445 0.976367 69.5525 -0.0152739 0.996025 -0.0877567 -5.42239 -0.9803 0.00236829 0.197499 61.2619
0.194651 0.0861754 0.97708 70.1392 -0.0157447 0.996279 -0.0847321 -5.47153 -0.980746 0.00110939 0.195283 61.3905
0.192224 0.0823156 0.977893 70.7074 -0.0143264 0.996605 -0.0810746 -5.52476 -0.981247 0.00157474 0.19275 61.4906
0.190896 0.080784 0.97828 71.2566 -0.0109453 0.996721 -0.0801709 -5.57565 -0.981549 0.0045967 0.191154 61.5843
0.188375 0.0824994 0.978626 71.7918 -0.00753455 0.996558 -0.0825608 -5.62256 -0.982068 0.00817891 0.188348 61.7
0.186222 0.0841496 0.978897 72.3399 -0.00300805 0.99637 -0.0850794 -5.67064 -0.982503 0.0128991 0.185799 61.7878
0.184588 0.086367 0.979014 72.88 -0.00359668 0.996184 -0.0872036 -5.71188 -0.982809 0.0125756 0.184194 61.8967
0.18285 0.0883882 0.97916 73.4116 -0.00432959 0.996013 -0.0891011 -5.76392 -0.983131 0.0120528 0.182504 61.9956
0.182245 0.0876112 0.979342 73.9624 -0.00254743 0.996061 -0.0886328 -5.81087 -0.98325 0.013658 0.18175 62.1145
0.183108 0.0854632 0.979371 74.5065 0.00311864 0.996159 -0.0875112 -5.86 -0.983088 0.0190783 0.182138 62.2064
0.184811 0.0838853 0.979188 75.0428 0.00850717 0.996177 -0.0869464 -5.90396 -0.982737 0.0243987 0.183391 62.3026
0.187097 0.0828301 0.978843 75.5952 0.0112572 0.996193 -0.0864499 -5.95124 -0.982277 0.0271936 0.185452 62.4052
0.190341 0.0828541 0.978216 76.1394 0.00919014 0.996238 -0.0861688 -6.00108 -0.981675 0.0253914 0.188863 62.5182
0.195695 0.0831941 0.977129 76.6924 0.00768607 0.996234 -0.08636 -6.04699 -0.980635 0.0244105 0.194319 62.6418
0.202079 0.0820656 0.975925 77.2488 0.00960057 0.996269 -0.0857643 -6.09526 -0.979322 0.0267006 0.200537 62.7673
0.209831 0.0819954 0.974293 77.8147 0.00748779 0.996313 -0.0854612 -6.1425 -0.977709 0.0252278 0.208444 62.8891
0.217909 0.080717 0.972626 78.3851 0.00744938 0.996408 -0.0843596 -6.18373 -0.975941 0.0256282 0.216525 63.0322
0.226722 0.0798186 0.970683 78.9664 0.00500681 0.996528 -0.0831131 -6.23706 -0.973947 0.0237036 0.225535 63.1836
0.23622 0.0800507 0.968396 79.5395 0.00256786 0.996546 -0.083004 -6.28156 -0.971696 0.0220939 0.235199 63.3295
0.246285 0.0829191 0.965644 80.1238 -0.0019087 0.996373 -0.085071 -6.33103 -0.969196 0.0191086 0.24555 63.5007
0.255492 0.0859961 0.962979 80.7055 -0.00612823 0.99616 -0.0873334 -6.37525 -0.966792 0.0164116 0.255038 63.6651
0.266744 0.0881481 0.959728 81.3118 -0.00924823 0.995997 -0.0889089 -6.42463 -0.963723 0.0148401 0.266491 63.8462
0.277304 0.0898008 0.956576 81.9211 -0.0112078 0.995857 -0.0902392 -6.48184 -0.960717 0.0143025 0.277161 64.0414
0.287614 0.091071 0.953407 82.5383 -0.0149875 0.995775 -0.0905968 -6.53444 -0.957629 0.0117677 0.287764 64.2313
0.297246 0.0913479 0.950421 83.1574 -0.015651 0.995745 -0.0908092 -6.58706 -0.954673 0.0121176 0.297411 64.4475
0.307507 0.0919364 0.947094 83.7708 -0.0193073 0.99572 -0.0903878 -6.63798 -0.95135 0.00950902 0.307966 64.6497
0.318693 0.0879261 0.943771 84.4802 -0.0191176 0.996082 -0.086344 -6.69352 -0.947665 0.00947462 0.319125 64.9099
0.328793 0.0800655 0.941002 85.104 -0.0154209 0.996722 -0.0794183 -6.74743 -0.944276 0.011601 0.32895 65.1278
0.339721 0.0755737 0.937485 85.7854 -0.0138332 0.99706 -0.0753635 -6.80413 -0.940425 0.0126341 0.339767 65.3787
0.350464 0.072035 0.933802 86.462 -0.0126682 0.997311 -0.0721797 -6.84965 -0.936491 0.0134668 0.350434 65.6461
0.359199 0.069601 0.930662 87.1352 -0.00909364 0.997429 -0.0710845 -6.90094 -0.933217 0.0170704 0.358909 65.9099
0.368152 0.0655328 0.927453 87.8359 -0.00259578 0.997582 -0.0694576 -6.94207 -0.929762 0.0231635 0.367432 66.1904
0.375575 0.0554627 0.925131 88.5699 0.00702226 0.998009 -0.0626827 -6.98951 -0.926765 0.0300386 0.374438 66.4734
0.382477 0.0501558 0.922603 89.265 0.0130648 0.998132 -0.0596781 -7.0412 -0.923873 0.0348792 0.381108 66.7634
0.389981 0.0498701 0.919472 89.9862 0.0170136 0.997972 -0.0613439 -7.08452 -0.920666 0.0395664 0.388342 67.0681
0.397087 0.0555859 0.916096 90.6968 0.0185362 0.997475 -0.0685583 -7.13685 -0.917594 0.0442045 0.395054 67.3829
0.404746 0.0609586 0.912395 91.4079 0.0210514 0.99689 -0.0759424 -7.18586 -0.914187 0.0499446 0.402204 67.6899
0.410516 0.0625773 0.909704 92.116 0.0195595 0.996809 -0.0773956 -7.24281 -0.911644 0.0495654 0.407982 68.014
0.413925 0.0645362 0.908021 92.7993 0.0130201 0.996962 -0.0767928 -7.29876 -0.910218 0.043609 0.411827 68.3608
0.418781 0.0675821 0.905569 93.4893 0.00783936 0.996921 -0.078025 -7.35552 -0.908054 0.0397745 0.416962 68.6855
0.42315 0.0707794 0.903291 94.1806 0.00547818 0.996726 -0.080667 -7.42394 -0.906043 0.0390827 0.421377 69.0139
0.426662 0.0748046 0.901312 94.8313 0.00349572 0.99643 -0.0843537 -7.48328 -0.904404 0.0391413 0.424878 69.3379
0.43036 0.0778119 0.899297 95.5125 -0.000191571 0.996285 -0.0861122 -7.54944 -0.902657 0.036887 0.428776 69.6736
0.434249 0.0765776 0.897532 96.1631 -0.000664012 0.996407 -0.0846923 -7.60824 -0.900793 0.0361815 0.432739 70.0032
0.438086 0.0724863 0.896006 96.7968 0.000500281 0.996724 -0.0808789 -7.67284 -0.898933 0.0358801 0.436614 70.3148
0.44131 0.0702113 0.894604 97.4482 0.000371523 0.99692 -0.0784247 -7.73128 -0.897355 0.034942 0.439925 70.643
0.444727 0.0691247 0.892995 98.0634 -0.000601812 0.99704 -0.0768789 -7.79263 -0.895666 0.0336527 0.443452 70.9628
0.448655 0.0707252 0.890902 98.6848 -0.00274971 0.996968 -0.0777606 -7.84702 -0.893701 0.032438 0.447489 71.2771
0.451799 0.0712686 0.889269 99.2918 -0.00237245 0.996897 -0.0786888 -7.90568 -0.892117 0.0334418 0.450566 71.5861
0.453478 0.0694097 0.888561 99.8912 0.000265867 0.996952 -0.0780123 -7.95655 -0.891268 0.0356131 0.452077 71.9054
0.454925 0.0681231 0.88792 100.475 0.00229364 0.996977 -0.0776652 -8.0119 -0.890527 0.0373685 0.453394 72.2065
0.457164 0.0681173 0.88677 101.068 0.00121052 0.997014 -0.0772098 -8.06478 -0.889382 0.036371 0.455717 72.5131
0.458891 0.0674651 0.885928 101.644 0.00305899 0.996987 -0.077507 -8.11764 -0.888488 0.0382773 0.457302 72.8203
0.461631 0.0691521 0.884372 102.198 0.00252335 0.99685 -0.0792643 -8.16665 -0.887068 0.0388225 0.460003 73.1125
0.464954 0.0690609 0.882637 102.751 0.00444692 0.996758 -0.0803327 -8.22003 -0.885324 0.041276 0.46314 73.3976
0.468059 0.0679799 0.881078 103.313 0.00708416 0.996716 -0.0806654 -8.27583 -0.883669 0.0439979 0.466041 73.6975
0.470473 0.0666195 0.879896 103.826 0.00951441 0.996705 -0.0805507 -8.32228 -0.882363 0.0462686 0.468289 73.9703
0.474343 0.065648 0.877889 104.363 0.0109027 0.996701 -0.0804237 -8.372 -0.880273 0.0477197 0.472062 74.2633
0.477019 0.0653443 0.87646 104.883 0.011408 0.996688 -0.0805168 -8.42317 -0.878819 0.0484067 0.474694 74.5471
0.479917 0.0644763 0.874942 105.38 0.0125729 0.996688 -0.0803445 -8.47102 -0.877224 0.0495592 0.477516 74.8262
0.483766 0.0641387 0.872844 105.892 0.013776 0.99663 -0.0808699 -8.51974 -0.875089 0.0511463 0.481251 75.1198
0.487879 0.0653019 0.870465 106.394 0.0133995 0.99652 -0.0822686 -8.56552 -0.872808 0.0518009 0.485307 75.3927
0.492698 0.0652013 0.867754 106.898 0.0156769 0.996362 -0.0837657 -8.61777 -0.870059 0.0548749 0.489883 75.6774
0.497086 0.0683304 0.865006 107.387 0.0138979 0.99614 -0.0866758 -8.66602 -0.86759 0.0551072 0.494218 75.9648
0.502549 0.0739764 0.861378 107.875 0.0106004 0.99573 -0.0916994 -8.71959 -0.864484 0.0552144 0.499619 76.2649
0.508258 0.0814612 0.857343 108.345 0.00503503 0.995218 -0.0975464 -8.76859 -0.86119 0.0538955 0.505418 76.5593
0.514539 0.08774 0.852966 108.823 -0.000222035 0.994765 -0.102192 -8.81828 -0.857467 0.0523924 0.511864 76.8589
0.520208 0.0921122 0.849058 109.296 -0.00395468 0.994416 -0.105459 -8.87344 -0.854031 0.0515027 0.517667 77.1725
0.525451 0.0928414 0.845743 109.783 -0.00805799 0.994527 -0.104168 -8.92827 -0.850786 0.0479201 0.523324 77.4966
0.531723 0.0916623 0.841943 110.288 -0.0141454 0.994948 -0.0993866 -8.98303 -0.8468 0.0409365 0.530334 77.8278
0.537085 0.0893737 0.83878 110.772 -0.0202323 0.99545 -0.0931121 -9.03788 -0.843286 0.0330386 0.536449 78.1657
0.543249 0.0876488 0.834984 111.27 -0.0267677 0.995838 -0.0871184 -9.09348 -0.839145 0.0249765 0.543335 78.5119
0.54889 0.0858111 0.831478 111.779 -0.029534 0.996087 -0.0833026 -9.14573 -0.835373 0.0211671 0.549276 78.865
0.554386 0.088871 0.827501 112.279 -0.0342564 0.995876 -0.0840038 -9.19448 -0.831554 0.0182233 0.555144 79.2248
0.561221 0.0929196 0.822434 112.8 -0.0386005 0.995535 -0.0861362 -9.24211 -0.826766 0.016595 0.562302 79.5898
0.567488 0.0965538 0.817701 113.33 -0.0417396 0.995197 -0.088545 -9.29478 -0.822323 0.0161177 0.568793 79.9752
0.573286 0.0987833 0.813379 113.853 -0.0440875 0.994987 -0.0897654 -9.34319 -0.818169 0.0156014 0.574767 80.3621
0.579835 0.0998352 0.808594 114.391 -0.0471838 0.994913 -0.0890045 -9.39686 -0.813367 0.0134554 0.581596 80.771
0.5864 0.101653 0.803618 114.942 -0.0527156 0.99478 -0.0873678 -9.44891 -0.808304 0.00886927 0.588698 81.184
0.592951 0.0999276 0.799014 115.49 -0.0534522 0.994966 -0.084767 -9.50229 -0.803463 0.00755368 0.595307 81.6174
0.600782 0.0979642 0.793387 116.073 -0.0536539 0.995166 -0.0822503 -9.55926 -0.79761 0.00684626 0.603135 82.0633
0.608286 0.0979906 0.787646 116.635 -0.0549671 0.995168 -0.0813582 -9.61625 -0.791813 0.00619438 0.610733 82.5158
0.615529 0.0999882 0.781746 117.204 -0.0586695 0.994981 -0.0810666 -9.66689 -0.785928 0.00403424 0.618306 82.9795
0.623496 0.100862 0.775293 117.783 -0.0600944 0.994892 -0.0811028 -9.72157 -0.779514 0.00397647 0.626373 83.4741
0.63032 0.101439 0.76968 118.371 -0.0617896 0.994837 -0.080512 -9.77305 -0.773873 0.00319015 0.633333 83.969
0.635131 0.100597 0.765825 118.95 -0.0618642 0.994923 -0.0793846 -9.82788 -0.769923 0.00304252 0.63813 84.4659
0.639678 0.0989576 0.762246 119.56 -0.0603566 0.995083 -0.078534 -9.88597 -0.766269 0.00422989 0.642506 84.9828
0.64295 0.0967481 0.759773 120.162 -0.0574507 0.995287 -0.0781211 -9.94186 -0.763751 0.00657842 0.645478 85.4978
0.646623 0.0928196 0.757141 120.791 -0.0519527 0.995623 -0.0776862 -10.002 -0.761038 0.0108982 0.648616 86.0391
0.650462 0.0865659 0.75459 121.42 -0.0442333 0.996115 -0.0761441 -10.0599 -0.75825 0.0161508 0.651764 86.5746
0.654503 0.0805269 0.751759 122.049 -0.0380515 0.99656 -0.0736207 -10.1181 -0.755101 0.0195794 0.655316 87.1098
0.657543 0.0751767 0.749657 122.693 -0.0330508 0.99693 -0.0709838 -10.1807 -0.752692 0.0218981 0.658009 87.6779
0.661155 0.0731005 0.74668 123.324 -0.0315574 0.997071 -0.0696711 -10.232 -0.749586 0.0225001 0.661525 88.249
0.663232 0.0748083 0.744666 123.944 -0.0330695 0.996949 -0.0706993 -10.2935 -0.747683 0.0222644 0.663683 88.8209
0.667169 0.0791844 0.740686 124.609 -0.0381577 0.996662 -0.0721797 -10.3477 -0.743928 0.0198932 0.667963 89.4376
0.669891 0.0824827 0.737864 125.23 -0.0439235 0.996472 -0.0715142 -10.402 -0.741159 0.0154972 0.671151 90.0277
0.672897 0.0802164 0.735374 125.875 -0.0452001 0.996704 -0.067363 -10.4586 -0.738354 0.0120894 0.674305 90.6261
0.676198 0.0773654 0.732646 126.518 -0.0477919 0.996983 -0.061169 -10.5075 -0.735168 0.00634779 0.677855 91.2354
0.679803 0.0713716 0.729914 127.158 -0.0467294 0.997446 -0.0540099 -10.5581 -0.731905 0.0026077 0.681402 91.8575
0.684537 0.0664191 0.725947 127.826 -0.0432356 0.997787 -0.0505213 -10.6021 -0.727695 0.0031969 0.685893 92.4851
0.68895 0.0637066 0.722004 128.461 -0.0385107 0.99794 -0.0513064 -10.6505 -0.723785 0.00754268 0.689984 93.0927
0.694343 0.0605474 0.717092 129.12 -0.0284055 0.997984 -0.05676 -10.6973 -0.719083 0.0190415 0.694663 93.7132
0.699508 0.0626621 0.711872 129.757 -0.0233627 0.997621 -0.064858 -10.7488 -0.714243 0.0287374 0.699308 94.3562
0.704791 0.0628029 0.70663 130.418 -0.0203227 0.997452 -0.0683804 -10.8077 -0.709124 0.0338333 0.704272 95.0097
0.711419 0.0583407 0.700343 131.048 -0.016678 0.997669 -0.0661672 -10.8528 -0.702571 0.0353923 0.710733 95.6514
0.717141 0.0520567 0.694981 131.704 -0.0120852 0.997985 -0.0622823 -10.9214 -0.696823 0.0362662 0.716325 96.3454
0.722393 0.0489281 0.68975 132.314 -0.00694287 0.997957 -0.0635195 -10.9696 -0.691448 0.0410972 0.721256 96.9672
0.727467 0.0513103 0.684221 132.963 -0.00638872 0.997663 -0.0680231 -11.0347 -0.686113 0.0451133 0.726095 97.6684
0.730648 0.0534945 0.680656 133.581 -0.00721613 0.997475 -0.0706481 -11.0856 -0.682717 0.0467071 0.729189 98.3399
0.733696 0.050334 0.677611 134.219 -0.00470256 0.997605 -0.0690118 -11.1497 -0.679462 0.0474471 0.732175 99.0271
0.737291 0.0441009 0.674135 134.859 -0.000284016 0.997887 -0.0649696 -11.212 -0.675576 0.04771 0.735745 99.7204
0.738311 0.0399059 0.673279 135.482 0.00240052 0.998086 -0.0617898 -11.2711 -0.674457 0.0472363 0.736802 100.402
0.738978 0.0351046 0.672815 136.121 0.00645328 0.998227 -0.059171 -11.3298 -0.673699 0.0480679 0.737441 101.113
0.738994 0.0340455 0.672851 136.755 0.00635179 0.998326 -0.0574904 -11.386 -0.673682 0.0467589 0.737541 101.814
0.738945 0.0340335 0.672906 137.358 0.00601782 0.99835 -0.0571019 -11.4361 -0.673739 0.0462446 0.737521 102.491
0.738322 0.0365416 0.673458 138.002 0.00339232 0.998317 -0.0578874 -11.4927 -0.67444 0.0450241 0.736955 103.209
0.737477 0.040227 0.674173 138.601 0.000216816 0.99821 -0.059799 -11.5431 -0.675372 0.0442466 0.736148 103.892
0.73507 0.0444113 0.676535 139.245 -0.0045327 0.998152 -0.060599 -11.6001 -0.677976 0.041478 0.733913 104.601
0.733094 0.0464593 0.678539 139.872 -0.00708456 0.998132 -0.0606876 -11.6556 -0.680091 0.0396825 0.732053 105.311
0.731159 0.0485655 0.680476 140.491 -0.010589 0.998151 -0.0598602 -11.7116 -0.682125 0.0365617 0.730321 105.989
0.728491 0.0480289 0.68337 141.104 -0.0114716 0.998255 -0.0579307 -11.766 -0.684959 0.0343627 0.727771 106.658
0.72664 0.0466387 0.685434 141.753 -0.0118528 0.998396 -0.0553681 -11.8179 -0.686916 0.0321083 0.726027 107.359
0.723516 0.042807 0.688979 142.401 -0.00777318 0.998517 -0.0538762 -11.8704 -0.690264 0.0336247 0.722776 108.049
0.721262 0.0453523 0.691176 143.043 -0.00700799 0.998281 -0.0581902 -11.9385 -0.692627 0.0371266 0.72034 108.734
0.717108 0.0579943 0.694545 143.623 -0.0158473 0.997631 -0.0669398 -11.982 -0.696782 0.0369964 0.716328 109.341
0.713886 0.0635965 0.697368 144.291 -0.0182928 0.997221 -0.0722156 -12.0483 -0.700023 0.0387969 0.713065 110.039
0.710464 0.0622563 0.700974 144.922 -0.0179286 0.997357 -0.0704079 -12.1074 -0.703505 0.0374548 0.709703 110.691
0.706962 0.0607177 0.704641 145.559 -0.0220071 0.997714 -0.0638918 -12.1704 -0.70691 0.0296619 0.706682 111.347
0.703971 0.0583587 0.707827 146.187 -0.022298 0.997943 -0.0601015 -12.2258 -0.709879 0.0265266 0.703824 111.986
0.700073 0.0586799 0.711656 146.837 -0.0235647 0.997974 -0.0591072 -12.2838 -0.713682 0.0246095 0.700038 112.631
0.696788 0.0567679 0.715027 147.477 -0.0202174 0.998022 -0.059534 -12.3363 -0.716992 0.0270267 0.696558 113.278
0.693399 0.0561155 0.718366 148.112 -0.0174304 0.997977 -0.0611329 -12.3926 -0.720344 0.029868 0.692974 113.884
0.690566 0.0553822 0.721146 148.765 -0.0131754 0.997862 -0.0640165 -12.4471 -0.723149 0.0347063 0.689819 114.507
0.686544 0.0560719 0.724923 149.428 -0.0120486 0.997762 -0.065765 -12.5077 -0.726988 0.0364163 0.685684 115.135
0.682643 0.0567541 0.728545 150.072 -0.0115765 0.997694 -0.066874 -12.5603 -0.73066 0.0372171 0.681726 115.745
0.678271 0.05812 0.73251 150.74 -0.013504 0.997685 -0.0666559 -12.6212 -0.734688 0.0353189 0.677485 116.375
0.673433 0.0578612 0.73698 151.408 -0.0124916 0.997681 -0.0669146 -12.6847 -0.739142 0.0358565 0.672594 116.993
0.668802 0.0610769 0.740927 152.047 -0.0156079 0.997554 -0.0681428 -12.7358 -0.743277 0.0340097 0.668119 117.574
0.661888 0.0673163 0.746574 152.746 -0.0191079 0.997151 -0.0729697 -12.8072 -0.74936 0.0340323 0.661288 118.197
0.655791 0.0742836 0.751279 153.417 -0.0230411 0.996653 -0.0784328 -12.8648 -0.754591 0.0341253 0.655308 118.785
0.650171 0.077508 0.755824 154.07 -0.0259125 0.996467 -0.079895 -12.9312 -0.759346 0.0323602 0.649882 119.343
0.642137 0.0718694 0.763214 154.811 -0.0249205 0.997027 -0.0729198 -13.0036 -0.766185 0.0278048 0.642018 119.989
0.636013 0.0663628 0.76882 155.517 -0.027738 0.997618 -0.0631657 -13.0528 -0.77118 0.0188487 0.636339 120.587
0.628858 0.0614162 0.775091 156.224 -0.0268209 0.997996 -0.0573179 -13.1156 -0.777058 0.0152562 0.629245 121.163
0.621909 0.0630712 0.780546 156.958 -0.0324509 0.997971 -0.0547845 -13.1606 -0.782417 0.00874156 0.622693 121.768
0.613948 0.0645759 0.786701 157.698 -0.0323159 0.997869 -0.05669 -13.217 -0.788685 0.00938176 0.614726 122.352
0.607441 0.0630778 0.791856 158.489 -0.0226498 0.997812 -0.062109 -13.2648 -0.794042 0.0197922 0.607541 122.955
0.600658 0.0731458 0.796153 159.207 -0.0272422 0.9971 -0.0710547 -13.3383 -0.799042 0.0209907 0.600909 123.494
0.593272 0.0742737 0.801568 159.903 -0.0229475 0.99689 -0.075388 -13.3984 -0.804675 0.0263316 0.593132 124.013
0.586555 0.0702369 0.806858 160.688 -0.0193041 0.997162 -0.0727695 -13.4585 -0.809679 0.0271077 0.586246 124.584
0.579478 0.0637386 0.812492 161.466 -0.0133494 0.997546 -0.0687348 -13.5292 -0.814878 0.0289841 0.578907 125.138
0.572638 0.0636452 0.817334 162.204 -0.0141826 0.997602 -0.067746 -13.5944 -0.819686 0.0272021 0.572168 125.659
0.565399 0.0642465 0.822312 162.981 -0.0142514 0.997574 -0.0681407 -13.6537 -0.824695 0.0268076 0.564943 126.211
0.559563 0.0628382 0.826402 163.647 -0.0117138 0.997622 -0.0679259 -13.7123 -0.828705 0.0283285 0.558968 126.653
0.553616 0.0562866 0.830868 164.458 -0.00489232 0.997916 -0.0643434 -13.7807 -0.832758 0.0315567 0.552738 127.207
0.548964 0.0540599 0.834096 165.202 -0.00440729 0.99808 -0.0617874 -13.8404 -0.835834 0.030243 0.548148 127.702
0.545329 0.0530257 0.836543 165.942 -0.00550896 0.998202 -0.0596815 -13.8936 -0.838204 0.0279376 0.544641 128.187
0.540154 0.0545987 0.839794 166.67 -0.00635508 0.998129 -0.0608053 -13.955 -0.841543 0.0275072 0.53949 128.664
0.535895 0.0576143 0.842316 167.401 -0.00511783 0.997872 -0.0649982 -14.0124 -0.844269 0.0305214 0.53505 129.138
