1 8.43646e-10 8.78481e-13 0 3.29294e-10 1 1.62786e-10 3.72529e-09 -1.92121e-13 5.46116e-11 1 0
0.999016 -0.000455837 0.0443546 0.0455145 0.000564585 0.999997 -0.00243925 -0.0344839 -0.0443534 0.00246189 0.999013 1.00216
0.996121 -0.00460774 0.0878686 0.132503 0.00529344 0.999957 -0.00757225 -0.0676589 -0.0878299 0.00800801 0.996103 2.05072
0.990902 -0.00440674 0.134511 0.258591 0.00590578 0.999925 -0.0107474 -0.104047 -0.134453 0.011444 0.990854 3.00105
0.983494 -0.00330525 0.180909 0.429242 0.00585563 0.999891 -0.0135653 -0.128789 -0.180845 0.0144008 0.983406 4.01059
0.974024 -0.00557819 0.226377 0.651009 0.0089327 0.999865 -0.0137966 -0.167903 -0.22627 0.0154603 0.973942 4.96193
0.962127 -0.00671441 0.272521 0.923208 0.0111587 0.999829 -0.0147614 -0.202414 -0.272375 0.0172433 0.962037 5.91963
0.948244 -0.00983904 0.31739 1.23565 0.0161428 0.999721 -0.0172375 -0.238378 -0.317132 0.0214689 0.948139 6.87937
0.93328 -0.011298 0.358973 1.59744 0.0191512 0.999649 -0.0183283 -0.291666 -0.35864 0.0239801 0.933168 7.8008
0.915654 -0.01182 0.401793 1.96581 0.021238 0.999594 -0.0189936 -0.316041 -0.401405 0.0259248 0.915534 8.67554
0.896212 -0.0125584 0.443448 2.45481 0.0229449 0.999574 -0.0180639 -0.360354 -0.443032 0.026364 0.896118 9.63456
0.874281 -0.0124015 0.485263 2.92025 0.0233117 0.999593 -0.0164539 -0.401515 -0.484861 0.0256976 0.874214 10.4632
0.849736 -0.0129101 0.52705 3.44614 0.0250106 0.999562 -0.0158391 -0.436743 -0.526615 0.0266409 0.849687 11.3261
0.824204 -0.0134773 0.566132 3.9931 0.0267668 0.999527 -0.0151738 -0.470971 -0.56566 0.0276599 0.824175 12.1197
0.797049 -0.0152489 0.603722 4.56952 0.0299998 0.999447 -0.0143623 -0.516329 -0.603169 0.029559 0.797065 12.8896
0.765921 -0.0152336 0.642755 5.23528 0.0321439 0.999376 -0.0146177 -0.538932 -0.642131 0.0318566 0.765933 13.651
0.737488 -0.0180567 0.675119 5.85749 0.0365934 0.999242 -0.0132483 -0.580478 -0.674369 0.0344754 0.73759 14.3515
0.705087 -0.0174177 0.708907 6.53506 0.0370361 0.999238 -0.0122855 -0.611535 -0.708153 0.0349175 0.705195 15.001
0.668553 -0.0168578 0.743474 7.26614 0.0394927 0.999137 -0.0128581 -0.638272 -0.742616 0.0379581 0.668642 15.696
0.634206 -0.0176398 0.772964 7.98941 0.0431917 0.998987 -0.0126403 -0.675003 -0.771957 0.0414022 0.634325 16.2738
0.596388 -0.0164139 0.802529 8.77713 0.0444262 0.998933 -0.0125838 -0.704254 -0.801466 0.0431581 0.596481 16.8643
0.559949 -0.0153104 0.828386 9.55868 0.0473708 0.998785 -0.0135606 -0.739836 -0.827172 0.0468346 0.559994 17.3882
0.521517 -0.0140965 0.853125 10.3298 0.0514637 0.998563 -0.0149603 -0.769423 -0.851687 0.051707 0.521493 17.8437
0.481312 -0.0128741 0.876455 11.2348 0.0544834 0.998398 -0.0152547 -0.796078 -0.874854 0.0550945 0.481243 18.3559
0.442994 -0.0149106 0.896401 12.0663 0.0594298 0.998151 -0.0127666 -0.8223 -0.894553 0.0589284 0.443061 18.7539
0.406425 -0.0154997 0.913553 12.9538 0.0637012 0.997904 -0.0114088 -0.856691 -0.911461 0.0628313 0.40656 19.1496
0.369834 -0.0136155 0.928998 13.9186 0.064629 0.997848 -0.0111043 -0.880121 -0.926847 0.064147 0.369918 19.4804
0.337185 -0.0139381 0.941335 14.7938 0.0656252 0.997806 -0.00873255 -0.901186 -0.939148 0.0647198 0.33736 19.8087
0.302016 -0.0155832 0.953176 15.7549 0.0685019 0.997636 -0.00539484 -0.921866 -0.950839 0.0669237 0.302369 20.1193
0.270571 -0.0154034 0.962577 16.6975 0.0691377 0.997601 -0.0034701 -0.945247 -0.960214 0.0674892 0.270987 20.3869
0.237318 -0.0129217 0.971346 17.6537 0.0663756 0.99779 -0.00294332 -0.964725 -0.969162 0.0651722 0.237651 20.6263
0.204496 -0.0111695 0.978804 18.6754 0.0664811 0.997785 -0.00250346 -0.972013 -0.976607 0.0655839 0.204785 20.8227
0.174808 -0.0108772 0.984543 19.6377 0.0683013 0.997664 -0.00110489 -0.990268 -0.982231 0.0674387 0.175143 21.007
0.144097 -0.0114755 0.989497 20.673 0.0700383 0.997543 0.00136938 -1.00503 -0.987082 0.0691054 0.144547 21.1534
0.11289 -0.0118847 0.993537 21.7274 0.0692016 0.997594 0.00407023 -1.01791 -0.991195 0.0682948 0.113441 21.2879
0.0835978 -0.0118629 0.996429 22.7798 0.0696632 0.997552 0.0060317 -1.02097 -0.994062 0.0689102 0.0842196 21.3508
0.0551755 -0.0118171 0.998407 23.8699 0.0723467 0.997349 0.00780647 -1.0271 -0.995852 0.0718007 0.0558842 21.4178
0.0310327 -0.011362 0.999454 24.9167 0.0764893 0.99703 0.0089595 -1.03289 -0.996587 0.0761695 0.0318096 21.4461
0.00759629 -0.0107313 0.999914 26.0408 0.0810781 0.996657 0.0100804 -1.0333 -0.996679 0.0809946 0.00844098 21.4406
-0.0134062 -0.0111795 0.999848 27.14 0.0861015 0.996211 0.0122933 -1.03866 -0.996196 0.0862532 -0.0123928 21.4294
-0.0298632 -0.0113857 0.999489 28.2625 0.0907898 0.995771 0.014056 -1.03645 -0.995422 0.0911632 -0.0287032 21.3948
-0.0465863 -0.0115221 0.998848 29.3855 0.0937323 0.995471 0.0158548 -1.03285 -0.994507 0.0943629 -0.0452953 21.3243
-0.0611173 -0.0119953 0.998059 30.56 0.0961228 0.99521 0.0178473 -1.03326 -0.993491 0.097027 -0.0596715 21.2676
-0.0748509 -0.0130349 0.99711 31.6492 0.0964405 0.995133 0.0202486 -1.0241 -0.99252 0.0976774 -0.0732295 21.1719
-0.0864434 -0.0126049 0.996177 32.8156 0.0964717 0.995115 0.0209628 -1.02135 -0.991575 0.097915 -0.0848051 21.0857
-0.0973503 -0.0102173 0.995198 33.9885 0.0963638 0.995152 0.0196432 -1.00885 -0.990574 0.0978133 -0.0958938 20.9502
-0.107825 -0.00677161 0.994147 35.1639 0.0968491 0.995149 0.0172826 -1.0026 -0.989441 0.0981457 -0.106646 20.8252
-0.117997 -0.00453555 0.993004 36.4075 0.0975182 0.995103 0.016133 -0.99295 -0.988214 0.0987396 -0.116976 20.6829
-0.126036 -0.003294 0.99202 37.5887 0.0972846 0.995133 0.0156644 -0.981805 -0.987244 0.0984826 -0.125103 20.5148
-0.129961 -0.00213365 0.991517 38.8384 0.0973899 0.995135 0.0149066 -0.969788 -0.986725 0.098501 -0.129121 20.3521
-0.136304 -0.0010178 0.990667 40.1146 0.0978887 0.995092 0.0144907 -0.962401 -0.985819 0.0989502 -0.135536 20.1699
-0.140258 0.000606527 0.990115 41.4134 0.0975725 0.995141 0.0132124 -0.95706 -0.985295 0.0984611 -0.139636 20.0127
-0.143749 0.00105182 0.989614 42.7386 0.0976209 0.995137 0.0131225 -0.950525 -0.984787 0.0984933 -0.143153 19.8221
-0.148603 0.000599855 0.988897 44.0606 0.097559 0.995131 0.0140567 -0.943563 -0.984073 0.0985647 -0.147938 19.6215
-0.150125 -0.00147758 0.988666 45.3733 0.0980335 0.995049 0.0163732 -0.935142 -0.983795 0.0993804 -0.149237 19.4247
-0.152212 -0.00177521 0.988346 46.7407 0.0988043 0.994962 0.0170036 -0.926636 -0.983397 0.100241 -0.15127 19.2315
-0.155852 -0.00229753 0.987778 48.1731 0.0998088 0.994843 0.0180618 -0.912881 -0.982725 0.101404 -0.154819 18.9829
-0.155532 -0.00159571 0.98783 49.5816 0.101156 0.994716 0.0175337 -0.895107 -0.982638 0.102652 -0.154548 18.7842
-0.157712 -0.00109871 0.987485 50.9879 0.101643 0.99467 0.0173402 -0.882109 -0.98224 0.103106 -0.15676 18.5125
-0.157011 -0.000121607 0.987597 52.457 0.102274 0.994621 0.0163823 -0.865041 -0.982287 0.103577 -0.156154 18.2866
-0.156297 0.000552902 0.98771 53.9197 0.101458 0.994719 0.0154981 -0.858241 -0.982485 0.102634 -0.155527 18.0499
-0.156868 0.00035422 0.98762 55.4361 0.101711 0.994689 0.0157984 -0.849161 -0.982368 0.10293 -0.156071 17.8356
-0.154482 3.87528e-05 0.987996 56.9577 0.102352 0.99462 0.0159646 -0.840488 -0.98268 0.10359 -0.153655 17.6054
-0.155053 9.2654e-05 0.987906 58.4596 0.10241 0.994614 0.0159801 -0.830032 -0.982584 0.103649 -0.154227 17.355
-0.153507 0.000814217 0.988147 60.0641 0.102549 0.994613 0.0151113 -0.814502 -0.982812 0.103654 -0.152763 17.089
-0.153098 0.00142428 0.98821 61.5948 0.103345 0.994539 0.0145773 -0.809549 -0.982792 0.104358 -0.152409 16.877
-0.151516 0.00118903 0.988454 63.1683 0.102906 0.994584 0.0145776 -0.796211 -0.983084 0.103926 -0.150818 16.6141
-0.150399 -0.000593932 0.988625 64.8456 0.104399 0.994399 0.0164795 -0.787717 -0.983098 0.10569 -0.149494 16.3624
-0.15089 -0.00178538 0.988549 66.4674 0.107567 0.994031 0.018214 -0.778545 -0.982681 0.109083 -0.149797 16.1393
-0.152684 -0.00103818 0.988275 68.0273 0.109744 0.993797 0.0179991 -0.76807 -0.982163 0.111206 -0.151623 15.903
-0.149363 -0.000210445 0.988783 69.7557 0.109003 0.993902 0.0166772 -0.765319 -0.982756 0.110271 -0.148429 15.6312
-0.150275 0.00140174 0.988643 71.4011 0.111913 0.993596 0.0156021 -0.753062 -0.98229 0.112986 -0.149469 15.402
-0.149349 -0.000829591 0.988784 73.102 0.109939 0.993785 0.0174392 -0.749572 -0.982654 0.11131 -0.148329 15.1289
-0.149107 -0.000512613 0.988821 74.8124 0.111496 0.993614 0.0173279 -0.737616 -0.982515 0.112834 -0.148097 14.8968
-0.149111 -0.00123056 0.98882 76.5409 0.111809 0.993565 0.0180969 -0.727257 -0.982479 0.113258 -0.148014 14.6106
-0.149323 -0.000600258 0.988788 78.2425 0.113815 0.993343 0.0177909 -0.711705 -0.982216 0.115195 -0.148261 14.34
-0.149347 -0.000393714 0.988785 79.9983 0.113428 0.993392 0.0175278 -0.703428 -0.982257 0.114773 -0.148316 14.0922
-0.150847 0.00047691 0.988557 81.7952 0.113708 0.993371 0.0168718 -0.694735 -0.981996 0.114952 -0.149901 13.8316
-0.150863 0.00135578 0.988554 83.5528 0.113147 0.993451 0.0159047 -0.683339 -0.982058 0.114251 -0.150028 13.5512
-0.15315 0.00129227 0.988202 85.337 0.112114 0.993565 0.016076 -0.678069 -0.981823 0.113253 -0.152309 13.2739
-0.154169 0.00105602 0.988044 87.1556 0.11191 0.993583 0.0164 -0.670042 -0.981686 0.113101 -0.153298 13.0114
-0.153642 0.000119781 0.988127 88.9881 0.111667 0.993596 0.0172425 -0.661629 -0.981797 0.112991 -0.152672 12.6882
-0.155204 -0.000165947 0.987883 90.8181 0.109872 0.993793 0.0174287 -0.648391 -0.981753 0.111246 -0.154223 12.4163
-0.157681 0.000183985 0.98749 92.6827 0.109082 0.993883 0.0172329 -0.639201 -0.981447 0.110434 -0.156737 12.1371
-0.158796 0.00108887 0.987311 94.6019 0.107798 0.99404 0.0162415 -0.624511 -0.981409 0.109009 -0.157967 11.8302
-0.162327 0.00166713 0.986736 96.4138 0.108211 0.993997 0.0161223 -0.617046 -0.980786 0.109393 -0.161533 11.5206
-0.165998 0.000895372 0.986126 98.3418 0.106442 0.994173 0.0170151 -0.607226 -0.980365 0.10779 -0.165126 11.2254
-0.170946 0.000536576 0.98528 100.252 0.105585 0.994251 0.0177775 -0.598173 -0.979607 0.10707 -0.17002 10.8954
-0.177208 0.000856411 0.984173 102.123 0.103944 0.994423 0.0178506 -0.587678 -0.978669 0.105462 -0.176309 10.556
-0.180896 0.00254452 0.983499 104.078 0.104574 0.994378 0.0166616 -0.58548 -0.977927 0.105862 -0.180145 10.2025
-0.185916 0.00402287 0.982558 105.983 0.104273 0.994425 0.0156587 -0.581352 -0.977017 0.105365 -0.185299 9.84898
-0.191693 0.00443412 0.981445 107.927 0.102711 0.994589 0.0155676 -0.572197 -0.976066 0.103789 -0.191111 9.46874
-0.195731 0.00400415 0.98065 109.862 0.101193 0.994736 0.0161357 -0.569745 -0.975423 0.102393 -0.195106 9.09654
-0.20314 0.00312546 0.979145 111.833 0.0991001 0.994926 0.0173841 -0.561131 -0.974122 0.100565 -0.202419 8.70794
-0.20754 0.00253666 0.978224 113.799 0.0984934 0.994969 0.0183162 -0.553755 -0.973256 0.10015 -0.206745 8.29325
-0.212535 0.00269009 0.97715 115.733 0.0990497 0.994905 0.0188048 -0.543263 -0.97212 0.100783 -0.211719 7.86923
-0.21874 0.00386662 0.975776 117.683 0.099468 0.994871 0.0183555 -0.536367 -0.9707 0.101074 -0.218003 7.42902
-0.223976 0.00448033 0.974584 119.695 0.0983384 0.99499 0.0180257 -0.520934 -0.969621 0.0998764 -0.223294 6.97162
-0.229828 0.00462275 0.97322 121.678 0.0991774 0.994894 0.0186952 -0.516398 -0.968165 0.100818 -0.229113 6.4932
-0.23588 0.00469056 0.971771 123.657 0.0988553 0.994917 0.0191931 -0.508534 -0.966741 0.100592 -0.235145 6.05576
-0.240092 0.00534469 0.970735 125.655 0.0975231 0.995059 0.0186418 -0.496221 -0.965839 0.0991449 -0.239427 5.52671
-0.24594 0.00538264 0.96927 127.631 0.0967458 0.995127 0.0190217 -0.487105 -0.964445 0.098451 -0.245262 5.04781
-0.250845 0.00489568 0.968015 129.663 0.0978998 0.994989 0.020337 -0.478117 -0.963064 0.0998699 -0.250067 4.53523
-0.253092 0.00495286 0.96743 131.662 0.100643 0.994696 0.0212371 -0.46122 -0.962193 0.10274 -0.252248 3.99579
-0.257521 0.00563418 0.966256 133.729 0.101754 0.994581 0.0213196 -0.451644 -0.9609 0.103811 -0.256699 3.44659
-0.261882 0.00568504 0.965083 135.71 0.101822 0.994565 0.0217714 -0.434161 -0.959713 0.103968 -0.261038 2.92538
-0.264746 0.00583702 0.964301 137.757 0.101276 0.99462 0.0217846 -0.41731 -0.958985 0.103428 -0.263913 2.375
-0.269615 0.00643058 0.962947 139.805 0.100701 0.994683 0.0215527 -0.405256 -0.957688 0.102781 -0.268829 1.82629
-0.275533 0.00609399 0.961272 141.836 0.0987452 0.99487 0.0219967 -0.386123 -0.956207 0.100982 -0.274721 1.27546
-0.277682 0.00604086 0.960654 143.909 0.0976963 0.994973 0.021983 -0.365233 -0.955692 0.0999567 -0.276877 0.678785
-0.284617 0.00608478 0.958622 145.951 0.097907 0.994936 0.0227535 -0.351441 -0.953629 0.100332 -0.283771 0.0815272
-0.288265 0.00691236 0.957526 148.029 0.0973554 0.995004 0.0221261 -0.332576 -0.952589 0.0995985 -0.287497 -0.531274
-0.292627 0.00678806 0.956203 150.123 0.0970249 0.995025 0.022629 -0.319326 -0.951291 0.0993973 -0.29183 -1.15914
-0.29797 0.00645114 0.954554 152.18 0.0967209 0.995035 0.0234673 -0.297106 -0.949663 0.0993178 -0.297115 -1.79137
-0.301641 0.00672096 0.953398 154.267 0.0976071 0.994939 0.0238676 -0.280382 -0.948412 0.100258 -0.30077 -2.43902
-0.307661 0.00690279 0.951471 156.411 0.0981879 0.994866 0.0245318 -0.259128 -0.946416 0.10097 -0.306759 -3.13444
-0.31003 0.00791517 0.950694 158.449 0.0981793 0.994886 0.0237341 -0.239024 -0.945644 0.100697 -0.309221 -3.78332
-0.315665 0.00931685 0.948825 160.521 0.0985638 0.994864 0.0230223 -0.219022 -0.943738 0.100787 -0.314962 -4.47798
-0.319279 0.010336 0.947604 162.683 0.0989756 0.994836 0.0224969 -0.196691 -0.942478 0.100972 -0.318653 -5.19765
-0.322509 0.010732 0.946505 164.767 0.0984472 0.994893 0.0222639 -0.181101 -0.941433 0.100361 -0.321919 -5.88428
-0.326127 0.0107509 0.945265 166.917 0.0985776 0.994871 0.0226953 -0.157689 -0.940172 0.100583 -0.325514 -6.62309
-0.328872 0.0112139 0.944308 169.029 0.0988596 0.994844 0.0226155 -0.142097 -0.939186 0.100791 -0.328285 -7.33859
-0.334264 0.0111113 0.942414 171.106 0.100076 0.994696 0.0237683 -0.116175 -0.937151 0.102258 -0.333603 -8.08941
-0.337117 0.0115193 0.941393 173.364 0.102566 0.994423 0.024561 -0.10138 -0.935859 0.104834 -0.336418 -8.86797
-0.33992 0.0110174 0.94039 175.377 0.102906 0.994363 0.0255475 -0.0714749 -0.934808 0.105456 -0.339137 -9.60015
-0.342196 0.0107756 0.939567 177.549 0.102886 0.994352 0.026068 -0.0497459 -0.933979 0.105589 -0.341372 -10.3962
-0.345034 0.0108227 0.938528 179.707 0.10186 0.994459 0.0259795 -0.0204398 -0.933047 0.104562 -0.344224 -11.1781
-0.349062 0.0126041 0.937015 181.852 0.100754 0.994618 0.0241545 0.00553767 -0.931668 0.102839 -0.348453 -11.9666
-0.351817 0.0137255 0.935968 184.037 0.0999614 0.994726 0.0229869 0.0197458 -0.930716 0.101648 -0.351333 -12.7715
-0.356323 0.0146707 0.934248 186.196 0.0985368 0.994891 0.0219591 0.0470712 -0.929153 0.0998823 -0.355948 -13.5936
-0.359428 0.0154228 0.933045 188.36 0.0973622 0.995026 0.0210587 0.0644056 -0.92808 0.0984124 -0.359142 -14.4058
-0.364019 0.0160033 0.931254 190.562 0.0982722 0.994931 0.0213161 0.0759365 -0.926193 0.0992758 -0.363746 -15.257
-0.366448 0.0154422 0.93031 192.721 0.097983 0.994943 0.0220804 0.101966 -0.925265 0.0992459 -0.366108 -16.1004
-0.369488 0.0143774 0.929124 194.91 0.0973906 0.994973 0.0233333 0.120807 -0.924118 0.0991093 -0.369031 -16.9758
-0.374004 0.0140627 0.92732 197.118 0.097776 0.994911 0.0243471 0.138437 -0.922258 0.0997756 -0.373476 -17.8414
-0.378024 0.0143643 0.925685 199.286 0.0964511 0.99505 0.0239473 0.158515 -0.920758 0.0983359 -0.377538 -18.713
-0.380196 0.0148095 0.924787 201.476 0.0959123 0.995112 0.0234955 0.185051 -0.919919 0.0976314 -0.379758 -19.6278
-0.385438 0.0151219 0.92261 203.693 0.0958897 0.995109 0.0237497 0.205803 -0.917738 0.0976228 -0.385003 -20.5332
-0.387046 0.0155623 0.921929 205.83 0.0969812 0.994999 0.0239192 0.212644 -0.916946 0.0986677 -0.38662 -21.4041
-0.391803 0.0155086 0.919919 208.102 0.0978913 0.994885 0.0249205 0.238703 -0.914827 0.0998159 -0.391317 -22.3621
-0.392788 0.0155284 0.919498 210.248 0.0996672 0.994687 0.0257773 0.257765 -0.914212 0.101769 -0.392249 -23.2467
-0.395308 0.0156448 0.918415 212.427 0.100386 0.994602 0.0262661 0.287613 -0.913047 0.10258 -0.394745 -24.2128
-0.399188 0.0161595 0.916727 214.611 0.100491 0.994592 0.0262266 0.310356 -0.911345 0.102592 -0.398653 -25.2086
-0.400505 0.0168082 0.91614 216.82 0.100042 0.994657 0.0254861 0.335846 -0.910817 0.10186 -0.400047 -26.1291
-0.403299 0.0177903 0.914896 219.036 0.0995768 0.994727 0.0245523 0.358341 -0.909634 0.101004 -0.402944 -27.1215
-0.407502 0.0183634 0.91302 221.183 0.0989104 0.994804 0.0241377 0.37085 -0.907832 0.100143 -0.407201 -28.0894
-0.409439 0.0190213 0.912139 223.418 0.0975368 0.994965 0.0230335 0.392074 -0.907109 0.098398 -0.409233 -29.049
-0.412387 0.0196026 0.910798 225.62 0.0978128 0.994942 0.0228737 0.405032 -0.905742 0.0985206 -0.412219 -30.0579
-0.415911 0.0192159 0.909203 227.797 0.0994439 0.994742 0.0244664 0.418553 -0.903952 0.10059 -0.415635 -31.0516
-0.417126 0.0180882 0.908669 229.96 0.0996171 0.994688 0.025929 0.442383 -0.903373 0.101335 -0.416713 -32.0509
-0.422442 0.0182176 0.906207 232.194 0.0992557 0.994715 0.0262726 0.461797 -0.900939 0.101045 -0.422018 -33.0565
-0.42388 0.017169 0.905556 234.325 0.0969397 0.994937 0.0265128 0.492661 -0.900516 0.0990225 -0.423399 -34.1063
-0.428011 0.0173827 0.903606 236.505 0.0961139 0.995021 0.026385 0.513143 -0.898648 0.0981422 -0.427551 -35.1057
-0.432072 0.0161019 0.901696 238.707 0.0949371 0.995097 0.0277218 0.543253 -0.896828 0.0975822 -0.431482 -36.1593
-0.434208 0.0164306 0.900663 240.867 0.0946136 0.995135 0.0274589 0.562946 -0.89583 0.0971378 -0.43365 -37.1977
-0.439843 0.0156139 0.897939 243 0.0935541 0.995206 0.028521 0.596176 -0.893188 0.0965507 -0.439195 -38.2322
-0.442649 0.0151316 0.896567 245.232 0.0924978 0.995294 0.0288697 0.615905 -0.891912 0.0957097 -0.441966 -39.3193
-0.445856 0.0149553 0.89498 247.378 0.0917208 0.995361 0.0290603 0.653295 -0.890393 0.095045 -0.44516 -40.3781
-0.450562 0.0155266 0.89261 249.512 0.091941 0.995339 0.0290954 0.675801 -0.887998 0.0951767 -0.44989 -41.4262
-0.454723 0.0155646 0.890497 251.71 0.0920013 0.995319 0.0295828 0.701394 -0.885868 0.0953789 -0.454027 -42.5367
-0.457554 0.0156565 0.889044 253.807 0.0918813 0.995325 0.0297594 0.732829 -0.884422 0.095303 -0.456854 -43.6443
-0.461785 0.0154255 0.886858 256.012 0.0905191 0.995448 0.0298188 0.765163 -0.882361 0.0940475 -0.461079 -44.7695
-0.465028 0.0160408 0.885151 258.091 0.090891 0.995418 0.0297121 0.799709 -0.880618 0.0942692 -0.464355 -45.8488
-0.468079 0.0164073 0.883534 260.241 0.0914728 0.995356 0.0299766 0.842305 -0.87894 0.0948508 -0.467406 -47.0093
-0.474077 0.0179607 0.8803 262.397 0.0930138 0.995219 0.0297862 0.867086 -0.875557 0.096001 -0.473481 -48.1268
-0.475996 0.0193285 0.879235 264.538 0.0946113 0.995082 0.029345 0.903755 -0.874344 0.0971537 -0.475484 -49.3063
-0.478975 0.0204497 0.877591 266.688 0.0960635 0.994946 0.0292456 0.935951 -0.872557 0.0983123 -0.478518 -50.4311
-0.482639 0.0221003 0.875541 268.817 0.0975786 0.994815 0.0286789 0.97469 -0.870367 0.0992756 -0.482293 -51.6233
-0.484943 0.0240665 0.874215 270.931 0.0994599 0.994654 0.0277901 1.00683 -0.868872 0.100426 -0.484744 -52.7958
-0.489551 0.0253414 0.871607 273.046 0.100653 0.994538 0.0276179 1.04294 -0.866146 0.101251 -0.489428 -53.977
-0.491308 0.0256574 0.870608 275.189 0.100493 0.99456 0.0274009 1.0781 -0.865169 0.100953 -0.491214 -55.1781
-0.495887 0.0258969 0.868001 277.337 0.0998245 0.994629 0.0273547 1.12507 -0.86263 0.100213 -0.495809 -56.39
-0.500203 0.0267179 0.865496 279.498 0.100309 0.994583 0.0272698 1.16341 -0.860078 0.100458 -0.500173 -57.6359
-0.502841 0.0270116 0.863957 281.669 0.0996228 0.994662 0.0268845 1.20106 -0.858619 0.0995884 -0.502848 -58.8868
-0.50567 0.027133 0.8623 283.823 0.09837 0.9948 0.026384 1.23734 -0.8571 0.0981661 -0.50571 -60.1462
-0.509093 0.0269811 0.860289 286.016 0.0992708 0.994679 0.0275494 1.27936 -0.854968 0.0994268 -0.509062 -61.4188
-0.511368 0.0268422 0.858943 288.138 0.100703 0.994498 0.0288746 1.31562 -0.853441 0.101263 -0.511257 -62.6987
-0.513127 0.0268799 0.857892 290.348 0.101461 0.994401 0.0295292 1.35682 -0.852295 0.102195 -0.512981 -63.9939
-0.516234 0.0263968 0.856041 292.565 0.101378 0.994381 0.0304731 1.40556 -0.850426 0.102515 -0.51601 -65.334
-0.51874 0.0258102 0.854542 294.728 0.101216 0.994369 0.0314087 1.4582 -0.848919 0.102786 -0.518431 -66.6236
-0.522001 0.0252624 0.852571 296.943 0.10148 0.994301 0.0326709 1.50827 -0.846886 0.103573 -0.52159 -67.9558
-0.522956 0.0252187 0.851987 299.162 0.102079 0.994221 0.0332282 1.55954 -0.846225 0.104347 -0.522508 -69.3025
-0.524175 0.0262571 0.851206 301.373 0.101801 0.994289 0.0320185 1.61324 -0.845504 0.103437 -0.523855 -70.6625
-0.52939 0.0272288 0.847942 303.634 0.100734 0.994432 0.0309582 1.66207 -0.842377 0.101806 -0.529185 -72.053
-0.530399 0.0267895 0.847325 305.829 0.0989746 0.994622 0.0305085 1.70927 -0.841951 0.100045 -0.530198 -73.3964
-0.535357 0.0246859 0.844265 308.05 0.0967078 0.994791 0.0322363 1.76419 -0.839071 0.0989049 -0.534956 -74.7946
-0.540964 0.0223365 0.840749 310.328 0.094141 0.994973 0.0341394 1.8201 -0.835761 0.0976171 -0.540347 -76.2004
-0.544869 0.0212094 0.838253 312.527 0.0932516 0.995012 0.0354384 1.8797 -0.83332 0.0974777 -0.544129 -77.617
-0.550447 0.020495 0.834619 314.753 0.0926834 0.995019 0.0366926 1.94551 -0.82971 0.0975526 -0.549605 -79.0529
-0.554191 0.0221205 0.832095 317.018 0.0949394 0.994803 0.0367855 2.00472 -0.826957 0.0993848 -0.553412 -80.5375
-0.558476 0.0228344 0.829207 319.233 0.0958807 0.994698 0.0371847 2.0717 -0.823961 0.100272 -0.557704 -82.0035
-0.563135 0.0223963 0.826062 321.462 0.0960857 0.994627 0.0385361 2.13545 -0.82076 0.101074 -0.562261 -83.5149
-0.565862 0.0217383 0.824213 323.706 0.09656 0.994521 0.040063 2.20286 -0.818826 0.102256 -0.564861 -85.029
-0.570449 0.0198778 0.821093 325.867 0.0951585 0.994574 0.0420333 2.27326 -0.815802 0.102112 -0.569246 -86.5245
-0.575279 0.0189218 0.817739 328.169 0.0937256 0.994673 0.04292 2.3483 -0.81257 0.101334 -0.573988 -88.129
-0.579583 0.0183672 0.814706 330.282 0.0931871 0.994682 0.0438688 2.4186 -0.809568 0.101346 -0.578212 -89.6096
-0.58343 0.018677 0.811949 332.495 0.0943832 0.994521 0.0449428 2.49337 -0.806661 0.102855 -0.581996 -91.1781
-0.587549 0.0181982 0.808984 334.726 0.0947195 0.994421 0.0464233 2.56589 -0.803626 0.103903 -0.585995 -92.7712
-0.59072 0.016184 0.806714 336.92 0.0924551 0.994571 0.047748 2.65305 -0.801562 0.102791 -0.58901 -94.3636
-0.593973 0.0158674 0.804329 339.088 0.0921829 0.994563 0.048454 2.73289 -0.799186 0.102926 -0.592206 -95.9263
-0.596728 0.0145473 0.802312 341.413 0.0920619 0.994475 0.0504404 2.83388 -0.797145 0.103962 -0.59477 -97.6564
-0.59974 0.0132066 0.800086 343.499 0.0895035 0.994697 0.0506723 2.91589 -0.795174 0.102001 -0.597741 -99.19
-0.60341 0.0121893 0.797338 345.777 0.085724 0.99508 0.049662 3.01719 -0.79281 0.0983176 -0.601487 -100.884
-0.606185 0.0108115 0.795251 347.848 0.0818016 0.995452 0.0488204 3.10223 -0.791106 0.094647 -0.604312 -102.413
-0.609247 0.00829207 0.792938 350.065 0.0789388 0.995613 0.0502404 3.19295 -0.789042 0.0932023 -0.607228 -104.135
-0.612859 0.0078201 0.790154 352.283 0.0803696 0.995382 0.0524851 3.29415 -0.786094 0.0956703 -0.610658 -105.803
-0.616053 0.00773233 0.787667 354.369 0.0793646 0.995473 0.0523006 3.38801 -0.783697 0.0947328 -0.613877 -107.428
-0.618707 0.00570538 0.785601 356.554 0.0762529 0.995688 0.0528224 3.48001 -0.781913 0.0925859 -0.616474 -109.119
-0.622026 0.00371068 0.782988 358.788 0.0756925 0.99559 0.0554139 3.58741 -0.779329 0.0937351 -0.619564 -110.801
-0.625131 0.000488443 0.780519 360.881 0.0728161 0.995675 0.0576966 3.69183 -0.777116 0.0929024 -0.622463 -112.461
-0.627879 -0.000478068 0.778311 363.106 0.0708979 0.995807 0.0578065 3.80848 -0.775075 0.0914761 -0.625213 -114.23
-0.63146 -0.00108455 0.775408 365.199 0.0696998 0.995872 0.0581536 3.91355 -0.77227 0.0907675 -0.628778 -115.925
-0.633107 -0.00107488 0.774064 367.41 0.0705022 0.995763 0.0590464 4.03027 -0.770847 0.0919559 -0.630348 -117.686
-0.635574 -0.00166287 0.772038 369.56 0.0701002 0.995743 0.0598541 4.14761 -0.768851 0.0921617 -0.632751 -119.491
-0.638246 -0.00358795 0.769824 371.528 0.0667366 0.995967 0.059972 4.24498 -0.766934 0.0896523 -0.635433 -121.068
-0.641839 -0.0072647 0.766805 373.752 0.0574938 0.996685 0.0575666 4.36197 -0.764681 0.0810351 -0.639293 -122.871
-0.645041 -0.00737596 0.764113 375.759 0.0466564 0.997708 0.0490168 4.4706 -0.762723 0.0672686 -0.643218 -124.56
-0.647265 0.00344644 0.762257 377.892 0.0573924 0.997372 0.0442249 4.53804 -0.760101 0.072373 -0.645762 -126.298
-0.648664 0.005876 0.761052 380.07 0.0655796 0.996683 0.0481999 4.61797 -0.758244 0.0811751 -0.646897 -128.181
-0.650066 -0.00211022 0.759875 382.495 0.0666011 0.99599 0.0597426 4.74529 -0.756953 0.0894452 -0.647319 -130.2
-0.65276 -0.0131773 0.75745 384.982 0.0599229 0.995818 0.0689649 4.89849 -0.755191 0.0904062 -0.64924 -132.293
-0.656419 -0.0201707 0.754127 387.077 0.0534433 0.995888 0.073156 5.05347 -0.752501 0.088324 -0.652641 -134.056
-0.660153 -0.020884 0.750841 389.058 0.0512149 0.996036 0.0727329 5.19392 -0.749384 0.0864691 -0.656466 -135.785
-0.663083 -0.0163577 0.748368 391.125 0.0561264 0.99586 0.0714975 5.33041 -0.746439 0.0894119 -0.659419 -137.556
-0.6643 -0.00952059 0.747406 393.231 0.0613397 0.995852 0.0672045 5.46204 -0.744945 0.0904896 -0.66096 -139.411
-0.667461 -0.00669128 0.744615 395.174 0.0619153 0.995998 0.0644502 5.58496 -0.742066 0.089121 -0.664376 -141.164
-0.670923 -0.00660869 0.741498 397.291 0.0623491 0.995917 0.065291 5.7175 -0.738901 0.0900369 -0.667771 -142.994
-0.673884 -0.00722946 0.738802 399.24 0.0627165 0.995783 0.0669497 5.8424 -0.736171 0.0914514 -0.670589 -144.748
-0.675976 -0.00766615 0.736884 401.368 0.063355 0.995639 0.0684764 5.98596 -0.734196 0.0929737 -0.672542 -146.662
-0.677439 -0.00742954 0.735542 403.259 0.0639108 0.995573 0.0689184 6.1109 -0.732797 0.0936971 -0.673965 -148.387
-0.680771 -0.00764356 0.732457 405.433 0.063454 0.995571 0.0693656 6.26031 -0.729743 0.0936993 -0.677271 -150.357
-0.680473 -0.00742257 0.732735 407.355 0.064298 0.995487 0.0697962 6.3903 -0.729947 0.0946078 -0.676925 -152.115
-0.683223 -0.0079571 0.730167 409.419 0.0654043 0.995255 0.0720453 6.53677 -0.727275 0.0969791 -0.67946 -154.028
-0.683535 -0.00816352 0.729872 411.47 0.06766 0.994924 0.0744926 6.68548 -0.726775 0.100301 -0.679513 -155.922
-0.685401 -0.00894952 0.728111 413.418 0.0686041 0.994683 0.076806 6.83783 -0.724927 0.102594 -0.681143 -157.735
-0.686684 -0.00861717 0.726905 415.425 0.0679102 0.994797 0.0759455 6.9887 -0.723777 0.101515 -0.682526 -159.585
-0.688362 -0.00950751 0.725305 417.446 0.0632265 0.995322 0.073053 7.14555 -0.722607 0.0961454 -0.68454 -161.47
-0.689206 -0.0101701 0.724494 419.396 0.0604247 0.995612 0.0714576 7.28849 -0.722041 0.0930264 -0.685568 -163.283
-0.691232 -0.0110628 0.722548 421.38 0.0595491 0.99561 0.0722118 7.43655 -0.720175 0.0929423 -0.687539 -165.172
-0.690743 -0.011773 0.723005 423.328 0.0587849 0.995644 0.0723742 7.57845 -0.720707 0.0924937 -0.687042 -166.986
-0.693008 -0.0133674 0.720806 425.29 0.0550416 0.995929 0.0713885 7.72125 -0.718826 0.0891471 -0.689451 -168.857
-0.69449 -0.014408 0.719358 427.329 0.0539242 0.995945 0.0720077 7.86822 -0.717479 0.0887994 -0.690897 -170.751
-0.695532 -0.0154435 0.71833 429.244 0.0546827 0.995732 0.0743546 8.01034 -0.716412 0.0909961 -0.691718 -172.616
-0.69637 -0.0165715 0.717492 431.21 0.0567464 0.995332 0.0780644 8.16633 -0.715437 0.0950767 -0.692179 -174.456
-0.694827 -0.0171061 0.718974 433.201 0.0620402 0.994565 0.0836197 8.3394 -0.716496 0.102707 -0.689989 -176.393
-0.692649 -0.0178826 0.721053 435.125 0.0659923 0.993928 0.0880427 8.51853 -0.718249 0.108567 -0.687264 -178.234
-0.692432 -0.0211391 0.721174 437.089 0.0606342 0.99433 0.0873635 8.71021 -0.718931 0.104221 -0.687224 -180.117
-0.691972 -0.0232891 0.721549 438.988 0.0519143 0.995287 0.0819108 8.87697 -0.720055 0.0941387 -0.687502 -181.932
-0.690147 -0.0250327 0.723236 440.945 0.0472308 0.995713 0.0795336 9.04932 -0.722126 0.0890489 -0.686006 -183.752
-0.688288 -0.0251492 0.725002 443.028 0.0465571 0.995807 0.0787425 9.21625 -0.723942 0.0879515 -0.684231 -185.67
-0.683909 -0.0250983 0.729136 444.925 0.047931 0.995703 0.0792321 9.37377 -0.727991 0.0891357 -0.679767 -187.443
-0.681733 -0.0248458 0.731179 446.949 0.048836 0.995649 0.0793661 9.54933 -0.729969 0.0898143 -0.677553 -189.34
-0.680122 -0.0252524 0.732664 448.941 0.046439 0.995915 0.0774345 9.70832 -0.731627 0.0866891 -0.676171 -191.144
-0.678483 -0.0297242 0.734015 450.897 0.0398549 0.99622 0.077182 9.86716 -0.733534 0.0816208 -0.674734 -192.96
-0.678466 -0.0355112 0.733773 452.959 0.0325653 0.996395 0.0783316 10.0354 -0.73391 0.0770408 -0.674864 -194.792
-0.677302 -0.0400638 0.734613 454.928 0.0244271 0.996741 0.076881 10.1902 -0.735299 0.0700161 -0.674117 -196.599
-0.676451 -0.0415998 0.735312 456.871 0.0217873 0.996836 0.0764386 10.3404 -0.736166 0.0677274 -0.673404 -198.347
-0.676051 -0.0408233 0.735724 458.913 0.0248661 0.996632 0.0781496 10.5064 -0.736436 0.0711276 -0.672758 -200.217
-0.674151 -0.0418657 0.737406 460.828 0.0265285 0.996376 0.0808214 10.6592 -0.738117 0.0740481 -0.670597 -201.984
-0.67251 -0.0438085 0.738791 462.834 0.0257322 0.996259 0.0824994 10.8342 -0.739641 0.0744924 -0.668867 -203.776
-0.671326 -0.0449613 0.739797 464.876 0.0228632 0.996427 0.0813051 11.0065 -0.740809 0.0714964 -0.667899 -205.613
-0.668633 -0.0446801 0.742249 466.779 0.0210232 0.996658 0.0789326 11.1633 -0.743295 0.0683814 -0.66546 -207.325
-0.669293 -0.0432977 0.741736 468.841 0.0216289 0.996742 0.0776996 11.3343 -0.742684 0.0680467 -0.666176 -209.174
-0.667183 -0.0422376 0.743696 470.772 0.02527 0.996533 0.0792675 11.4919 -0.744465 0.0716791 -0.663802 -210.912
-0.667897 -0.0419339 0.743071 472.771 0.0271416 0.996375 0.0806244 11.6517 -0.743759 0.074017 -0.664338 -212.651
-0.664324 -0.0423575 0.746244 474.742 0.0276033 0.996322 0.0811253 11.8183 -0.746935 0.0744922 -0.660711 -214.459
-0.66484 -0.0434259 0.745722 476.737 0.0263833 0.996321 0.0815409 11.9833 -0.74652 0.0738863 -0.661248 -216.185
-0.663686 -0.0447081 0.746674 478.803 0.0261704 0.996213 0.0829113 12.1628 -0.747553 0.0745678 -0.660003 -218.029
-0.662439 -0.0454883 0.747734 480.762 0.025643 0.996193 0.0833212 12.3249 -0.748677 0.0743693 -0.65875 -219.755
-0.661468 -0.0453605 0.7486 482.732 0.0251952 0.996262 0.0826299 12.4997 -0.74955 0.0735182 -0.657853 -221.471
-0.661566 -0.0447141 0.748552 484.792 0.0243505 0.996413 0.0810407 12.6698 -0.749491 0.0718414 -0.658105 -223.287
-0.662108 -0.0444023 0.748092 486.786 0.025992 0.996282 0.0821379 12.8374 -0.748958 0.0738286 -0.658492 -225.012
-0.660912 -0.0460526 0.74905 488.823 0.0253821 0.996173 0.0836416 13.0103 -0.750034 0.0742921 -0.657213 -226.786
-0.660664 -0.047626 0.749169 490.807 0.0237891 0.996156 0.0843061 13.1817 -0.750304 0.0735201 -0.656992 -228.498
-0.660482 -0.0482362 0.749291 492.859 0.0233253 0.996135 0.0846876 13.3656 -0.750479 0.0734121 -0.656804 -230.327
-0.660756 -0.0484338 0.749037 494.897 0.0227271 0.996167 0.0844621 13.539 -0.750257 0.0728323 -0.657122 -232.069
-0.662658 -0.0480748 0.747378 496.895 0.0232984 0.996131 0.0847331 13.7133 -0.74856 0.0735618 -0.658974 -233.823
-0.662414 -0.0488907 0.747541 498.964 0.0238348 0.995988 0.0862602 13.8989 -0.748759 0.0749574 -0.65859 -235.626
-0.66117 -0.0509571 0.748504 500.921 0.0225869 0.995886 0.0877501 14.075 -0.749896 0.0749241 -0.657299 -237.341
-0.666969 -0.0515561 0.7433 503.17 0.0223657 0.995768 0.0891365 14.292 -0.74475 0.0760757 -0.662994 -239.322
-0.666224 -0.0517139 0.743956 505.142 0.0221949 0.995776 0.0890943 14.486 -0.745421 0.0758688 -0.662262 -241.064
-0.6639 -0.0512049 0.746067 507.217 0.0219036 0.995894 0.0878426 14.6628 -0.747501 0.0746602 -0.660052 -242.827
-0.666534 -0.0506948 0.743749 509.159 0.0224525 0.995867 0.0880009 14.8452 -0.745137 0.0753546 -0.662641 -244.582
-0.664159 -0.0511757 0.745838 511.153 0.0225051 0.995834 0.0883697 15.0356 -0.747253 0.0754766 -0.66024 -246.36
-0.665247 -0.0512878 0.744859 513.15 0.0224826 0.995809 0.0886468 15.2166 -0.746284 0.0757184 -0.661307 -248.098
-0.664737 -0.0509575 0.745338 515.139 0.0221717 0.995886 0.087861 15.4011 -0.746749 0.0749298 -0.660872 -249.833
-0.663968 -0.0519816 0.745952 517.145 0.021549 0.995836 0.0885754 15.5883 -0.747451 0.0748858 -0.660083 -251.613
-0.663925 -0.0532886 0.745898 519.202 0.0211422 0.995721 0.0899552 15.7802 -0.7475 0.0754935 -0.659958 -253.43
-0.664003 -0.0537416 0.745796 521.153 0.0222673 0.99555 0.0915639 15.9707 -0.747398 0.0774055 -0.659851 -255.147
-0.664683 -0.0538919 0.74518 523.134 0.0219638 0.995555 0.0915903 16.1619 -0.746803 0.0772454 -0.660544 -256.868
-0.664765 -0.0532721 0.745151 525.211 0.022451 0.995579 0.0912045 16.3621 -0.746715 0.0773589 -0.66063 -258.717
-0.664559 -0.0533103 0.745331 527.119 0.023143 0.995505 0.0918391 16.5468 -0.746877 0.0782817 -0.660339 -260.39
-0.662781 -0.0538326 0.746876 529.136 0.0235772 0.995418 0.0926693 16.7517 -0.748442 0.0790287 -0.658475 -262.212
-0.664985 -0.0546131 0.744857 531.165 0.022101 0.995447 0.0927175 16.9481 -0.74653 0.0781178 -0.66075 -263.967
-0.665 -0.0547931 0.744831 533.115 0.0217319 0.995463 0.0926335 17.1404 -0.746527 0.0777879 -0.660792 -265.681
-0.664032 -0.0557195 0.745626 535.141 0.0217913 0.995354 0.093788 17.3416 -0.747387 0.0785263 -0.659732 -267.473
-0.665875 -0.0570996 0.743875 537.175 0.021489 0.995185 0.0956258 17.5479 -0.745754 0.0796599 -0.661442 -269.273
-0.663929 -0.0583355 0.745517 539.139 0.0211844 0.995085 0.0967299 17.7569 -0.747496 0.0800151 -0.65943 -270.998
-0.665676 -0.0575101 0.744022 541.151 0.0199217 0.995301 0.094757 17.9605 -0.745975 0.0778996 -0.661402 -272.76
-0.664353 -0.0558801 0.745328 543.143 0.0194574 0.99557 0.0919853 18.1605 -0.747166 0.0756128 -0.660322 -274.51
-0.66526 -0.0561242 0.744499 545.102 0.018822 0.995593 0.0918716 18.3506 -0.746374 0.0751315 -0.661272 -276.256
-0.665391 -0.0578582 0.74425 547.153 0.0197825 0.995275 0.0950594 18.559 -0.746233 0.0779748 -0.661102 -278.054
-0.664967 -0.0590682 0.744534 549.083 0.0202512 0.995075 0.0970322 18.7583 -0.746599 0.0796009 -0.660495 -279.786
-0.666704 -0.057779 0.74308 551.186 0.021877 0.995044 0.0969991 18.9796 -0.745002 0.0809261 -0.662136 -281.634
-0.665642 -0.0566393 0.744119 553.033 0.0221204 0.99518 0.0955366 19.1725 -0.745943 0.0800534 -0.661181 -283.271
-0.66602 -0.0568668 0.743763 555.144 0.0225301 0.995101 0.0962587 19.3968 -0.745594 0.0808673 -0.661476 -285.141
-0.6673 -0.0566235 0.742634 557.116 0.0228607 0.995079 0.0964133 19.5984 -0.744439 0.0813137 -0.662721 -286.887
-0.666495 -0.0578156 0.743264 559.082 0.0235262 0.994861 0.0984825 19.8083 -0.745138 0.0831243 -0.661709 -288.624
-0.667808 -0.0575464 0.742106 561.25 0.0245187 0.994765 0.0992028 20.0402 -0.74393 0.0844439 -0.662901 -290.547
-0.668311 -0.0581204 0.741609 563.245 0.0243462 0.9947 0.0998953 20.2611 -0.743484 0.0848165 -0.663354 -292.323
-0.665512 -0.0587378 0.744072 565.033 0.0240404 0.994695 0.100024 20.4435 -0.746 0.0844552 -0.660569 -293.907
-0.665516 -0.0591997 0.744032 567.119 0.0247427 0.994552 0.101264 20.6713 -0.745973 0.0858024 -0.660426 -295.725
-0.664921 -0.0608452 0.744432 569.056 0.0226805 0.994572 0.101548 20.8822 -0.74657 0.0844055 -0.659932 -297.466
-0.665669 -0.0631734 0.743569 571.017 0.020737 0.99446 0.103054 21.1139 -0.745959 0.084019 -0.660671 -299.294
-0.664823 -0.0615508 0.744461 573.045 0.0222652 0.994524 0.102109 21.3301 -0.746669 0.08446 -0.659812 -300.97
-0.663757 -0.060567 0.745492 574.977 0.0224256 0.994656 0.100777 21.5466 -0.747612 0.0836096 -0.658852 -302.757
-0.662936 -0.0603974 0.746236 576.979 0.0234855 0.994573 0.101361 21.7658 -0.748308 0.0847213 -0.657919 -304.489
-0.663585 -0.0609559 0.745614 579.061 0.0234228 0.994493 0.102148 21.9863 -0.747734 0.0852486 -0.658503 -306.29
-0.662992 -0.0618775 0.746065 580.998 0.0242269 0.994283 0.103994 22.2095 -0.748234 0.0870219 -0.657703 -308.031
-0.662576 -0.0610616 0.746502 583.017 0.0243372 0.99439 0.102939 22.429 -0.748599 0.0863728 -0.657373 -309.775
-0.661664 -0.0615737 0.747268 585.043 0.023381 0.994443 0.102643 22.6556 -0.749436 0.0853871 -0.656548 -311.562
-0.660099 -0.0620563 0.748611 587.023 0.0231122 0.994432 0.102813 22.8768 -0.750823 0.0851689 -0.654989 -313.273
-0.660379 -0.0632263 0.748267 589.046 0.0220967 0.994382 0.103524 23.1076 -0.750608 0.084899 -0.655271 -315.076
-0.661182 -0.0634628 0.747537 591.034 0.0219031 0.994358 0.10379 23.3246 -0.749906 0.0849973 -0.656062 -316.768
-0.658879 -0.064818 0.749451 592.941 0.0210409 0.994303 0.104493 23.5506 -0.751954 0.0846172 -0.653762 -318.486
-0.656963 -0.0659022 0.751037 594.824 0.0190033 0.994408 0.103881 23.7595 -0.753683 0.0825178 -0.652037 -320.106
-0.659166 -0.0655928 0.749132 596.951 0.018429 0.99448 0.103291 24.0091 -0.751772 0.0818916 -0.654318 -322.004
-0.65957 -0.0656522 0.74877 599.03 0.0191153 0.994391 0.104026 24.233 -0.7514 0.0829257 -0.654616 -323.713
-0.659883 -0.0671765 0.74836 600.973 0.0191328 0.99417 0.106112 24.4632 -0.751125 0.0843399 -0.65475 -325.459
-0.657975 -0.0684712 0.749921 602.845 0.0181651 0.994125 0.106706 24.6835 -0.752821 0.0838322 -0.652865 -327.119
-0.658928 -0.0681571 0.749112 604.867 0.0172714 0.994253 0.105653 24.9203 -0.752007 0.082556 -0.653964 -328.894
-0.656185 -0.0664992 0.751664 606.722 0.0178719 0.99446 0.103581 25.1307 -0.754389 0.0814019 -0.651361 -330.477
-0.655904 -0.0655196 0.751996 608.778 0.0186085 0.99452 0.102881 25.3682 -0.754615 0.0814734 -0.65109 -332.243
-0.657776 -0.0655331 0.750358 610.741 0.0183151 0.994522 0.102913 25.5875 -0.752991 0.0814363 -0.652972 -334.03
-0.656804 -0.0666391 0.751111 612.772 0.0186761 0.994344 0.10455 25.8204 -0.75383 0.0826968 -0.651845 -335.753
-0.655736 -0.0667772 0.752032 614.754 0.0198648 0.99421 0.105603 26.037 -0.754729 0.0841865 -0.650612 -337.432
-0.656375 -0.067653 0.751396 616.77 0.0193598 0.994133 0.10642 26.2767 -0.754186 0.0843982 -0.651214 -339.22
-0.657017 -0.0675413 0.750844 618.812 0.0189537 0.994184 0.106016 26.5174 -0.753637 0.0838855 -0.651916 -341.019
-0.654669 -0.0680417 0.752847 620.765 0.0182334 0.994229 0.105713 26.7363 -0.755695 0.0829342 -0.649651 -342.658
-0.6554 -0.0681683 0.752199 622.738 0.0181861 0.994206 0.105946 26.9677 -0.755063 0.0831166 -0.650363 -344.381
-0.65333 -0.0682577 0.75399 624.749 0.0193245 0.994099 0.106739 27.198 -0.756827 0.0843063 -0.648156 -346.077
-0.653439 -0.0697346 0.753761 626.852 0.0178432 0.994052 0.107434 27.4432 -0.756769 0.0836508 -0.648308 -347.901
-0.650908 -0.0700018 0.755923 628.66 0.0176674 0.994073 0.107269 27.656 -0.758951 0.0831771 -0.645813 -349.502
-0.650349 -0.0693992 0.756459 630.739 0.017596 0.994175 0.106336 27.8952 -0.759432 0.0824658 -0.645339 -351.256
-0.650038 -0.0694554 0.756721 632.72 0.0174522 0.994187 0.106243 28.12 -0.759701 0.0822683 -0.645047 -352.93
-0.650558 -0.0706268 0.756166 634.828 0.0177321 0.993982 0.108095 28.3627 -0.75925 0.0837304 -0.645391 -354.7
-0.64966 -0.0701791 0.756979 636.845 0.018745 0.993949 0.108236 28.5978 -0.759994 0.0845059 -0.644413 -356.403
-0.64889 -0.0697986 0.757674 638.779 0.0187407 0.994015 0.107621 28.8315 -0.760652 0.0840333 -0.643698 -358.059
-0.648756 -0.0689992 0.757862 640.857 0.0185004 0.994157 0.106349 29.0647 -0.760772 0.0830156 -0.643688 -359.804
-0.647655 -0.0687165 0.758829 642.869 0.0193363 0.994122 0.106527 29.293 -0.761689 0.0836658 -0.642519 -361.484
-0.647751 -0.0697438 0.758653 644.873 0.0201518 0.993884 0.108575 29.5294 -0.761586 0.0856177 -0.642384 -363.215
-0.647022 -0.0702546 0.759228 646.931 0.0202905 0.993807 0.109253 29.765 -0.762201 0.0860942 -0.64159 -364.911
-0.647248 -0.0706051 0.759002 648.958 0.0200856 0.993776 0.109573 30.0026 -0.762015 0.0861658 -0.641802 -366.608
-0.646738 -0.0712069 0.759381 650.991 0.0198189 0.993727 0.110061 30.2494 -0.762455 0.0862304 -0.64127 -368.341
-0.645992 -0.0707451 0.760059 653.042 0.0201077 0.993774 0.109589 30.4888 -0.76308 0.0860766 -0.640547 -370.039
