1 8.43646e-10 8.78481e-13 0 3.29294e-10 1 1.62786e-10 3.72529e-09 -1.92121e-13 5.46116e-11 1 0
0.99999 -0.00301454 -0.00333302 -0.00124792 0.0030116 0.999995 -0.000887072 -0.0267077 0.00333568 0.000877026 0.999994 0.672411
0.999955 -0.0025621 -0.0091283 -0.00257874 0.00254388 0.999995 -0.00200661 -0.0390676 0.00913339 0.0019833 0.999956 1.37884
0.999924 -0.00221343 -0.0121555 -0.0188301 0.00217584 0.999993 -0.00310505 -0.0476381 0.0121623 0.00307836 0.999921 2.09652
0.999847 -0.00112658 -0.0174633 -0.0323755 0.00105974 0.999992 -0.00383594 -0.0561598 0.0174675 0.00381685 0.99984 2.8255
0.999725 -0.002353 -0.0233572 -0.0484256 0.00225673 0.999989 -0.00414733 -0.0699452 0.0233667 0.00409348 0.999719 3.57436
0.999611 -0.00100557 -0.0278621 -0.075794 0.000861889 0.999986 -0.00516833 -0.0851947 0.0278669 0.00514231 0.999599 4.33745
0.999447 0.0028594 -0.0331294 -0.104218 -0.00304903 0.999979 -0.00567486 -0.103393 0.0331125 0.00577273 0.999435 5.10711
0.999287 0.00424242 -0.0375045 -0.143124 -0.00440991 0.999981 -0.00438441 -0.113389 0.0374852 0.00454668 0.999287 5.90328
0.99908 0.00393497 -0.0427091 -0.184364 -0.00402282 0.99999 -0.00197123 -0.125398 0.0427009 0.00214122 0.999086 6.70448
0.998995 0.00298494 -0.044715 -0.2269 -0.00297426 0.999996 0.000305246 -0.143349 0.0447157 -0.000171944 0.999 7.51003
0.99892 0.00399567 -0.0462944 -0.277454 -0.0039652 0.999992 0.000749851 -0.155617 0.046297 -0.000565474 0.998928 8.33293
0.998775 0.00425255 -0.0493031 -0.31703 -0.00427317 0.999991 -0.000312666 -0.167523 0.0493013 0.000522962 0.998784 9.15318
0.998698 0.00128939 -0.051008 -0.366984 -0.00133806 0.999999 -0.000920024 -0.182911 0.0510068 0.000987078 0.998698 9.98668
0.998606 0.00165539 -0.0527522 -0.40427 -0.00164986 0.999999 0.000148247 -0.196807 0.0527524 -6.10056e-05 0.998608 10.8292
0.998563 -0.000387773 -0.0535963 -0.461577 0.000383499 1 -9.00285e-05 -0.213508 0.0535964 6.93441e-05 0.998563 11.6894
0.998449 0.0019817 -0.0556367 -0.512627 -0.00210543 0.999995 -0.00216526 -0.22677 0.0556322 0.00227904 0.998449 12.5396
0.998359 0.00329053 -0.0571779 -0.566015 -0.00359448 0.99998 -0.00521377 -0.246017 0.0571596 0.00541074 0.998351 13.4137
0.998247 0.00698837 -0.0587788 -0.629708 -0.00738347 0.999952 -0.00650739 -0.259036 0.0587305 0.00692998 0.99825 14.2802
0.998188 0.0079668 -0.0596501 -0.685622 -0.00836802 0.999944 -0.00647954 -0.276528 0.0595952 0.00696695 0.998198 15.18
0.998113 0.00747248 -0.060944 -0.741132 -0.00778784 0.999958 -0.00493865 -0.296522 0.0609045 0.00540395 0.998129 16.0768
0.998089 0.00752159 -0.0613329 -0.804838 -0.00774383 0.999964 -0.00338673 -0.314101 0.0613052 0.00385521 0.998112 16.9653
0.998022 0.007892 -0.062364 -0.861249 -0.00808047 0.999964 -0.00277054 -0.339256 0.0623399 0.00326899 0.99805 17.8798
0.997965 0.0079463 -0.0632681 -0.931558 -0.00819212 0.99996 -0.00362685 -0.355091 0.0632368 0.00413776 0.99799 18.7847
0.997918 0.00637743 -0.0641825 -0.990422 -0.00664546 0.99997 -0.00396354 -0.372789 0.0641553 0.00438181 0.99793 19.7007
0.997809 0.00659517 -0.0658297 -1.04996 -0.00676017 0.999975 -0.00228417 -0.391877 0.0658129 0.00272418 0.997828 20.6298
0.997844 0.00745125 -0.0651998 -1.11873 -0.00739481 0.999972 0.00110684 -0.405087 0.0652062 -0.000622314 0.997872 21.5563
0.997845 0.00770668 -0.0651556 -1.17998 -0.00740465 0.999961 0.00487579 -0.419473 0.0651906 -0.00438283 0.997863 22.5076
0.997997 0.0069266 -0.0628771 -1.24438 -0.00646633 0.999951 0.00752063 -0.430894 0.0629261 -0.00709899 0.997993 23.4507
0.998147 0.00601277 -0.0605572 -1.30373 -0.00549635 0.999947 0.0086906 -0.44067 0.0606063 -0.00834165 0.998127 24.3838
0.998225 0.00703453 -0.0591469 -1.36378 -0.00670534 0.999961 0.00576221 -0.452189 0.0591851 -0.00535538 0.998233 25.3355
0.998298 0.00799496 -0.057771 -1.42505 -0.00793908 0.999968 0.00119669 -0.461344 0.0577786 -0.000736006 0.998329 26.2831
0.998361 0.00782163 -0.0567022 -1.47973 -0.007954 0.999966 -0.00210928 -0.475277 0.0566838 0.00255683 0.998389 27.2259
0.998407 0.00566648 -0.0561365 -1.53322 -0.00572254 0.999983 -0.000837993 -0.49145 0.0561308 0.0011579 0.998423 28.2028
0.998419 0.00234416 -0.0561706 -1.58769 -0.00212602 0.99999 0.00394304 -0.506821 0.0561793 -0.00381738 0.998413 29.1834
0.998397 -0.00165955 -0.0565767 -1.64702 0.00206949 0.999972 0.00718793 -0.516402 0.0565632 -0.0072935 0.998372 30.1659
0.99836 -0.00954078 -0.0564475 -1.69559 0.00994168 0.999927 0.0068256 -0.533608 0.0563782 -0.00737559 0.998382 31.1196
0.998259 -0.0109668 -0.0579569 -1.75008 0.0111518 0.999934 0.00286989 -0.548189 0.0579216 -0.00351121 0.998315 32.1172
0.998176 -0.0108027 -0.0593923 -1.81051 0.0107728 0.999942 -0.000824036 -0.560139 0.0593977 0.000182711 0.998234 33.0894
0.998022 -0.0107902 -0.0619281 -1.88251 0.0106982 0.999941 -0.00181708 -0.572973 0.061944 0.00115097 0.998079 34.0756
0.997986 -0.0122308 -0.0622439 -1.94856 0.0122557 0.999925 1.78465e-05 -0.594616 0.062239 -0.000780652 0.998061 35.0954
0.997891 -0.00988239 -0.0641629 -2.01519 0.0100573 0.999947 0.00240298 -0.604434 0.0641357 -0.00304322 0.997937 36.0796
0.997867 -0.00850957 -0.0647168 -2.0835 0.00879719 0.999953 0.00416066 -0.622616 0.0646783 -0.00472112 0.997895 37.0824
0.997839 -0.00854368 -0.0651565 -2.15361 0.00898435 0.999939 0.00647331 -0.631585 0.0650972 -0.00704471 0.997854 38.0722
0.997838 -0.00792989 -0.0652426 -2.22523 0.00858353 0.999916 0.00974427 -0.65539 0.0651598 -0.0102832 0.997822 39.0693
0.99784 -0.00299301 -0.0656302 -2.29974 0.00375794 0.999927 0.0115348 -0.65508 0.0655908 -0.0117565 0.997777 40.0715
0.997812 -0.0019283 -0.0660861 -2.36587 0.00270026 0.999929 0.0115937 -0.667693 0.066059 -0.0117468 0.997747 41.066
0.997819 -0.00237143 -0.0659762 -2.43265 0.00301565 0.999949 0.00966659 -0.679865 0.0659499 -0.00984446 0.997774 42.0524
0.997804 0.00025219 -0.0662437 -2.49817 0.000230993 0.999974 0.00728626 -0.690582 0.0662437 -0.00728555 0.997777 43.0595
0.997718 -0.000624748 -0.0675144 -2.56931 0.00113713 0.999971 0.00755103 -0.700514 0.0675077 -0.00761057 0.99769 44.0352
0.997689 -0.00268947 -0.0678884 -2.64243 0.00329864 0.999955 0.00886267 -0.714014 0.0678615 -0.00906613 0.997654 45.0229
0.997717 -0.00213996 -0.0674994 -2.71342 0.00279099 0.999951 0.00955215 -0.727005 0.0674756 -0.00971873 0.997674 46.0273
0.99765 -0.000637316 -0.0685117 -2.78972 0.00111383 0.999976 0.00691726 -0.744007 0.0685056 -0.00697732 0.997626 46.9816
0.997536 0.00154405 -0.0701447 -2.86217 -0.00139924 0.999997 0.00211354 -0.755246 0.0701477 -0.00201018 0.997535 47.9592
0.997426 0.00227776 -0.0716743 -2.93948 -0.00218359 0.999997 0.00139223 -0.773576 0.0716772 -0.00123214 0.997427 48.9308
0.997347 0.00118614 -0.0727795 -3.01463 -0.000871788 0.99999 0.00435078 -0.784968 0.0727839 -0.00427579 0.997339 49.8981
0.997337 -0.0021656 -0.072893 -3.08997 0.00276841 0.999963 0.00816973 -0.806411 0.0728726 -0.00834977 0.997306 50.8928
0.997284 -0.00308161 -0.0735842 -3.16447 0.00373797 0.999955 0.00878373 -0.815346 0.0735538 -0.00903493 0.99725 51.843
0.997252 -0.00651288 -0.0737969 -3.2353 0.007092 0.999946 0.00758832 -0.830104 0.0737435 -0.00809084 0.997244 52.7995
0.997206 -0.00946926 -0.0741001 -3.30135 0.00995702 0.999931 0.00621576 -0.849969 0.0740361 -0.0069362 0.997231 53.7717
0.997128 -0.0102592 -0.075037 -3.37307 0.0108238 0.999916 0.00712079 -0.860326 0.0749576 -0.00791252 0.997155 54.7099
0.997017 -0.0131767 -0.0760464 -3.44576 0.0140895 0.999835 0.0114786 -0.869111 0.0758826 -0.0125158 0.997038 55.6768
0.996898 -0.0155349 -0.0771637 -3.51303 0.0168652 0.99972 0.0166182 -0.885703 0.0768839 -0.017868 0.99688 56.6171
0.996859 -0.0141653 -0.0779256 -3.58776 0.015662 0.999704 0.0186297 -0.882126 0.0776386 -0.0197917 0.996785 57.5675
0.996766 -0.0140009 -0.0791373 -3.67723 0.0152533 0.999768 0.0152437 -0.886076 0.0789054 -0.0164015 0.996747 58.5323
0.996719 -0.0106197 -0.0802365 -3.75184 0.0112497 0.999909 0.00740389 -0.90102 0.0801506 -0.00828223 0.996748 59.4198
0.996708 -0.00944605 -0.0805263 -3.83459 0.0096373 0.999952 0.00198674 -0.919098 0.0805036 -0.00275625 0.996751 60.3413
0.996686 -0.00408848 -0.0812391 -3.92102 0.00433464 0.999987 0.00285391 -0.926149 0.0812263 -0.0031966 0.996691 61.2587
0.99667 -0.00235971 -0.0815039 -3.99974 0.00280269 0.999982 0.00532107 -0.944937 0.0814898 -0.00553178 0.996659 62.1385
0.996497 -0.000537508 -0.0836276 -4.08598 0.00110794 0.999977 0.00677485 -0.963419 0.0836219 -0.00684377 0.996474 63.027
0.996444 0.00133237 -0.0842471 -4.16191 -0.000766024 0.999977 0.00675434 -0.979313 0.0842542 -0.00666579 0.996422 63.8997
0.996302 0.00192509 -0.0858966 -4.23797 -0.001296 0.999972 0.0073789 -0.990467 0.0859084 -0.00724029 0.996277 64.7234
0.99621 0.00306176 -0.0869315 -4.31935 -0.00238375 0.999966 0.00790208 -1.00678 0.0869527 -0.00766491 0.996183 65.5802
0.996046 0.00287358 -0.0887941 -4.39705 -0.00212292 0.999961 0.00854727 -1.02142 0.0888152 -0.00832497 0.996013 66.3885
0.995937 0.00336661 -0.0899882 -4.47085 -0.00254648 0.999954 0.00922703 -1.03781 0.0900151 -0.00896039 0.9959 67.2038
0.995815 0.00558176 -0.0912246 -4.55539 -0.00449442 0.999916 0.0121204 -1.04495 0.0912847 -0.0116596 0.995757 68.0379
0.995623 0.0068086 -0.0932093 -4.63711 -0.00535252 0.99986 0.0158627 -1.05191 0.0933042 -0.0152944 0.99552 68.8245
0.995375 0.00872948 -0.0956727 -4.71447 -0.00703675 0.999813 0.018016 -1.05923 0.0958121 -0.0172595 0.99525 69.6
0.995209 0.0115263 -0.0970854 -4.79879 -0.0101679 0.999844 0.0144749 -1.06822 0.0972371 -0.0134184 0.995171 70.3522
0.994997 0.0124914 -0.0991268 -4.88089 -0.0118744 0.999906 0.00681193 -1.07823 0.0992026 -0.00560077 0.995052 71.06
0.994785 0.011637 -0.101327 -4.96289 -0.0116159 0.999932 0.000798096 -1.09446 0.101329 0.000383072 0.994853 71.7706
0.994768 0.014769 -0.101085 -5.03885 -0.0149 0.999889 -0.000541888 -1.10721 0.101066 0.00204522 0.994878 72.4583
0.994529 0.0151569 -0.103355 -5.12231 -0.0148997 0.999884 0.00325956 -1.11639 0.103392 -0.00170177 0.994639 73.152
0.994408 0.0142921 -0.104641 -5.19524 -0.0138043 0.99989 0.00538361 -1.13597 0.104706 -0.003909 0.994496 73.7927
0.994487 0.0119397 -0.104175 -5.25902 -0.0117799 0.999928 0.00214868 -1.15431 0.104193 -0.000909662 0.994557 74.4186
0.994743 0.00472568 -0.102297 -5.31489 -0.00506004 0.999983 -0.00300923 -1.17329 0.102281 0.00351104 0.994749 75.0183
0.994937 0.00112522 -0.100497 -5.36746 -0.00192532 0.999967 -0.00786476 -1.18999 0.100485 0.00801843 0.994906 75.6054
0.995244 0.00288592 -0.0973723 -5.41916 -0.00369255 0.99996 -0.00810473 -1.20645 0.0973451 0.00842574 0.995215 76.1785
0.995545 0.00774645 -0.0939696 -5.47704 -0.00828909 0.999951 -0.00538566 -1.21438 0.0939232 0.00614059 0.995561 76.739
0.995867 0.00674916 -0.0905688 -5.53771 -0.00698757 0.999973 -0.00231563 -1.23446 0.0905508 0.00293891 0.995888 77.2901
0.996422 0.00241377 -0.0844783 -5.57775 -0.00225306 0.999996 0.00199761 -1.24674 0.0844828 -0.00180013 0.996423 77.8308
0.997154 -0.00266431 -0.0753507 -5.60969 0.00307281 0.999981 0.00530589 -1.26603 0.0753352 -0.00552233 0.997143 78.3661
0.997916 0.000615066 -0.0645315 -5.63875 -0.00024602 0.999984 0.00572663 -1.27726 0.0645339 -0.00569881 0.997899 78.8867
0.998816 0.00563083 -0.0483306 -5.66447 -0.00538545 0.999972 0.00520599 -1.28714 0.0483585 -0.00493954 0.998818 79.3671
0.999525 0.0102978 -0.0290526 -5.67992 -0.0101354 0.999932 0.00573022 -1.29069 0.0291097 -0.00543304 0.999562 79.8565
0.99993 0.00931327 -0.00726387 -5.66749 -0.00926654 0.999936 0.00643948 -1.29917 0.00732338 -0.00637172 0.999953 80.3314
0.999798 0.00524397 0.0193989 -5.63929 -0.00539001 0.999958 0.00748388 -1.30985 -0.0193588 -0.00758693 0.999784 80.8069
0.9988 0.00384919 0.0488168 -5.59716 -0.00429356 0.99995 0.00900126 -1.31783 -0.0487798 -0.00920006 0.998767 81.2525
0.996672 0.00308828 0.0814604 -5.53617 -0.00395413 0.999937 0.01047 -1.32472 -0.0814229 -0.0107572 0.996622 81.7042
0.992771 0.00289045 0.119993 -5.45743 -0.00424406 0.99993 0.0110267 -1.33087 -0.119953 -0.0114563 0.992714 82.1469
0.98711 0.00269319 0.160024 -5.35715 -0.00459265 0.999923 0.0115011 -1.33499 -0.159981 -0.0120878 0.987046 82.5521
0.978784 0.00218236 0.204885 -5.24471 -0.00465281 0.999922 0.0115768 -1.34149 -0.204843 -0.0122845 0.978718 82.9714
0.967374 0.00389891 0.253322 -5.10404 -0.00658131 0.999931 0.00974234 -1.34884 -0.253267 -0.0110917 0.967333 83.3858
0.952128 0.00449242 0.305668 -4.94445 -0.00721828 0.999944 0.00778805 -1.35885 -0.305616 -0.00962161 0.952106 83.7576
0.932554 0.0042217 0.361005 -4.75907 -0.00681212 0.999959 0.00590338 -1.36525 -0.360966 -0.00796443 0.932545 84.1409
0.909333 0.00452298 0.416044 -4.56244 -0.00695352 0.999967 0.00432705 -1.37013 -0.416011 -0.0068277 0.909334 84.4668
0.880994 0.00474722 0.473103 -4.33858 -0.00650778 0.999977 0.00208455 -1.36854 -0.473082 -0.00491533 0.881005 84.7981
0.847592 0.00244909 0.530644 -4.08097 -0.00342348 0.999994 0.000852989 -1.38042 -0.530638 -0.00253963 0.847595 85.1207
0.811355 0.00160578 0.584551 -3.82645 -0.00207695 0.999998 0.000135769 -1.38944 -0.58455 -0.00132424 0.811357 85.3891
0.771829 -0.000389508 0.63583 -3.53659 -0.000824177 0.999998 0.00161306 -1.40053 -0.63583 -0.00176904 0.771827 85.6735
0.72929 -0.00122446 0.684204 -3.2557 -0.00182507 0.999991 0.00373493 -1.40279 -0.684203 -0.00397257 0.729281 85.907
0.683702 -0.00241091 0.729757 -2.95412 -0.00117634 0.99999 0.00440578 -1.40483 -0.72976 -0.00387068 0.683692 86.1338
0.636041 -0.00409971 0.771645 -2.61888 0.00202724 0.999991 0.00364191 -1.41287 -0.771653 -0.000752092 0.636043 86.356
0.588256 -0.00718757 0.808643 -2.30532 0.00662 0.99997 0.00407237 -1.42669 -0.808648 0.00295761 0.588286 86.5259
0.539057 -0.00581577 0.84225 -1.95942 0.00544096 0.999979 0.00342258 -1.43257 -0.842252 0.00273767 0.539077 86.7094
0.492511 -0.00256765 0.870303 -1.63444 0.00159939 0.999997 0.00204518 -1.43553 -0.870305 0.000384682 0.492513 86.8415
0.449434 -0.00067963 0.893314 -1.2845 0.000433399 1 0.000542749 -1.44284 -0.893314 0.000143229 0.449434 86.9671
0.409927 -0.00258537 0.912115 -0.917547 0.007334 0.999973 -0.000461682 -1.44443 -0.912089 0.0068787 0.409935 87.0885
0.372935 -0.0112439 0.927789 -0.565544 0.0214854 0.999763 0.00347981 -1.45811 -0.927609 0.0186362 0.373088 87.1745
0.339889 -0.015656 0.940336 -0.206611 0.0273009 0.999604 0.0067747 -1.45781 -0.940069 0.0233694 0.340181 87.2651
0.310617 -0.0124166 0.950454 0.158158 0.0241237 0.999696 0.005176 -1.46502 -0.950229 0.0213207 0.310822 87.3582
0.282321 -0.00393569 0.959312 0.519866 0.0133987 0.99991 0.000159059 -1.46986 -0.959226 0.0128086 0.282349 87.4686
0.254786 0.000973379 0.966997 0.894126 0.00785468 0.999964 -0.00307612 -1.48155 -0.966966 0.0083792 0.254769 87.5637
0.228163 0.00257532 0.97362 1.30478 0.00909968 0.999947 -0.00477742 -1.49572 -0.97358 0.00994966 0.228127 87.6404
0.204776 0.00358039 0.978802 1.69976 0.016914 0.999831 -0.0071959 -1.50185 -0.978663 0.018029 0.204681 87.6965
0.183715 0.00881251 0.98294 2.09302 0.0235328 0.999634 -0.0133605 -1.50702 -0.982698 0.0255858 0.183441 87.7483
0.162757 0.0161392 0.986534 2.52473 0.0233806 0.999522 -0.020209 -1.50534 -0.986389 0.0263549 0.162302 87.8091
0.145135 0.0170937 0.989264 2.96178 0.020857 0.999576 -0.0203318 -1.51541 -0.989192 0.023584 0.144717 87.867
0.129021 0.0128735 0.991558 3.41546 0.0214171 0.999646 -0.0157653 -1.52722 -0.991411 0.0232703 0.1287 87.9266
0.115118 0.00915469 0.99331 3.88797 0.0218485 0.999692 -0.0117456 -1.54522 -0.993112 0.0230545 0.114883 87.9687
0.102843 0.00681959 0.994674 4.35591 0.0235217 0.99968 -0.00928589 -1.5588 -0.994419 0.0243514 0.102649 88.0174
0.0919815 0.00583996 0.995744 4.84989 0.0276638 0.999582 -0.0084179 -1.57174 -0.995376 0.0283203 0.0917815 88.0517
0.084119 0.00623135 0.996436 5.34715 0.0300124 0.999511 -0.00878422 -1.58128 -0.996004 0.0306443 0.0838908 88.0719
0.0770295 0.00685551 0.997005 5.88378 0.0318851 0.999448 -0.00933577 -1.59487 -0.996519 0.0325087 0.0767684 88.1117
0.0707478 0.00702587 0.99747 6.42897 0.0342833 0.999367 -0.00947086 -1.60451 -0.996905 0.0348666 0.0704622 88.1573
0.0647944 0.00777004 0.997868 6.9672 0.0350434 0.999335 -0.0100569 -1.61633 -0.997283 0.0356204 0.0644791 88.1993
0.0570219 0.00856119 0.998336 7.5463 0.0352628 0.999322 -0.0105837 -1.62564 -0.99775 0.0358077 0.0566814 88.2285
0.0533428 0.00836089 0.998541 8.17679 0.0378429 0.99923 -0.0103882 -1.63964 -0.997859 0.0383419 0.0529853 88.2471
0.0493197 0.00809509 0.99875 8.78115 0.0396485 0.999163 -0.0100563 -1.65324 -0.997996 0.040095 0.0489575 88.2779
0.04533 0.00736347 0.998945 9.41188 0.0408037 0.999125 -0.00921638 -1.66959 -0.998138 0.0411784 0.0449898 88.3077
0.0423722 0.00684632 0.999079 10.0727 0.0424869 0.99906 -0.00864811 -1.68014 -0.998198 0.0428142 0.0420414 88.3295
0.042035 0.00616475 0.999097 10.7539 0.0466824 0.998877 -0.00812746 -1.6946 -0.998025 0.0469819 0.0417 88.354
0.043368 0.00578105 0.999043 11.4601 0.0498029 0.998728 -0.00794115 -1.70933 -0.997817 0.0500996 0.0430249 88.3808
0.0464529 0.00551365 0.998905 12.1447 0.0515755 0.998638 -0.00791063 -1.72524 -0.997588 0.0518866 0.0461052 88.4133
0.0495405 0.00563557 0.998756 12.8576 0.0532427 0.998547 -0.00827534 -1.73856 -0.997352 0.0535864 0.0491685 88.4482
0.0530934 0.00517105 0.998576 13.59 0.0541067 0.998503 -0.00804748 -1.7509 -0.997123 0.0544569 0.0527341 88.4904
0.0572058 0.00382765 0.998355 14.3297 0.0554757 0.998435 -0.00700672 -1.76535 -0.99682 0.0557853 0.056904 88.5257
0.0591265 0.00206347 0.998249 15.0939 0.0554746 0.998446 -0.00534966 -1.77865 -0.996708 0.0556938 0.0589201 88.5748
0.0621616 0.000122754 0.998066 15.8719 0.0531335 0.998582 -0.00343208 -1.79098 -0.996651 0.0532441 0.0620669 88.6327
0.0658684 -0.00107808 0.997828 16.6818 0.0513568 0.998678 -0.00231115 -1.80443 -0.996506 0.0513974 0.0658367 88.6935
0.0707267 -0.000752303 0.997496 17.5076 0.0495131 0.99877 -0.00275743 -1.82039 -0.996266 0.0495841 0.0706769 88.7529
0.0743543 0.00326954 0.997227 18.3179 0.0472868 0.998858 -0.00680064 -1.8422 -0.99611 0.0476613 0.0741148 88.8202
0.076467 0.00865381 0.997035 19.1375 0.0425332 0.999024 -0.0119331 -1.85731 -0.996165 0.0433196 0.0760242 88.9059
0.0761419 0.0117134 0.997028 19.9595 0.0391048 0.999127 -0.0147244 -1.88481 -0.99633 0.0401098 0.0756174 88.973
0.0759934 0.0115113 0.997042 20.7615 0.0366991 0.999224 -0.0143336 -1.90413 -0.996433 0.0376798 0.0755119 89.0404
0.0755946 0.00988504 0.99709 21.5682 0.0350639 0.999306 -0.0125654 -1.93053 -0.996522 0.0359117 0.0751956 89.107
0.0745627 0.00828474 0.997182 22.3534 0.0349637 0.999329 -0.0109169 -1.95888 -0.996603 0.0356791 0.074223 89.1752
0.0746426 0.0075133 0.997182 23.201 0.0329926 0.999406 -0.00999966 -1.98391 -0.996664 0.033646 0.0743503 89.2427
0.0738471 0.00732264 0.997243 24.0131 0.0311113 0.99947 -0.00964282 -2.00973 -0.996784 0.0317376 0.0735801 89.3046
0.0749122 0.00835358 0.997155 24.8156 0.0286991 0.999533 -0.0105295 -2.03474 -0.996777 0.0294062 0.0746374 89.3745
0.0741492 0.00932491 0.997204 25.604 0.0252734 0.999618 -0.0112267 -2.05833 -0.996927 0.0260351 0.0738852 89.4441
0.0700549 0.00925213 0.9975 26.4346 0.0222001 0.999695 -0.0108316 -2.08542 -0.997296 0.0229035 0.0698282 89.5145
0.0670529 0.00807463 0.997717 27.2407 0.0194873 0.999766 -0.00940089 -2.10911 -0.997559 0.0200731 0.0668799 89.5728
0.0620771 0.00585382 0.998054 28.0428 0.0172909 0.999826 -0.00693967 -2.1338 -0.997922 0.017688 0.0619651 89.6286
0.05579 0.00385283 0.998435 28.8724 0.0161397 0.999858 -0.00476017 -2.15362 -0.998312 0.01638 0.05572 89.6799
0.0483185 0.00382322 0.998825 29.646 0.0147565 0.999881 -0.00454111 -2.1792 -0.998723 0.0149586 0.0482563 89.7208
0.0400088 0.00451895 0.999189 30.4601 0.0143195 0.999885 -0.00509546 -2.19861 -0.999097 0.0145117 0.0399395 89.7519
0.0295926 0.00492696 0.99955 31.2624 0.0141391 0.999886 -0.00534722 -2.22122 -0.999462 0.014291 0.0295196 89.7825
0.0207176 0.00391204 0.999778 32.0256 0.0146508 0.999884 -0.00421605 -2.23785 -0.999678 0.0147349 0.0206579 89.7918
0.00897138 0.0029701 0.999955 32.8487 0.0144394 0.999891 -0.00309946 -2.257 -0.999856 0.0144665 0.00892751 89.8061
-0.00168053 0.00210735 0.999997 33.6463 0.0151455 0.999883 -0.00208166 -2.27976 -0.999884 0.015142 -0.00171225 89.7971
-0.0128279 0.00202543 0.999916 34.4462 0.0151974 0.999883 -0.0018304 -2.29805 -0.999802 0.0151726 -0.0128572 89.7881
-0.0247437 0.00252917 0.999691 35.2295 0.0153173 0.99988 -0.00215053 -2.31609 -0.999577 0.0152593 -0.0247795 89.7685
-0.0362932 0.0033255 0.999336 36.0051 0.0154143 0.999877 -0.0027675 -2.33566 -0.999222 0.0153037 -0.03634 89.7436
-0.0470678 0.00429673 0.998883 36.7582 0.01519 0.999878 -0.00358525 -2.35576 -0.998776 0.0150043 -0.0471273 89.6989
-0.0552825 0.0051205 0.998458 37.5238 0.0172216 0.999843 -0.00417408 -2.37238 -0.998322 0.0169643 -0.055362 89.6598
-0.0648917 0.00553359 0.997877 38.2777 0.0167652 0.99985 -0.00445429 -2.39574 -0.997751 0.0164406 -0.0649747 89.6037
-0.0757234 0.00575235 0.997112 38.9867 0.0178913 0.99983 -0.00440932 -2.41237 -0.996968 0.0175057 -0.0758134 89.5619
-0.0857253 0.00530898 0.996305 39.7162 0.0194157 0.999805 -0.00365704 -2.43223 -0.99613 0.0190304 -0.0858117 89.4939
-0.0921485 0.0043227 0.995736 40.4437 0.0212131 0.999772 -0.00237709 -2.45013 -0.995519 0.0209036 -0.0922192 89.4234
-0.0985825 0.00276086 0.995125 41.1768 0.0241446 0.999708 -0.000381681 -2.47104 -0.994836 0.0239893 -0.0986204 89.3469
-0.102454 0.000612927 0.994738 41.8691 0.0285337 0.99959 0.00232294 -2.48824 -0.994328 0.0286215 -0.10243 89.2766
-0.104679 -0.000709151 0.994506 42.5763 0.0292654 0.999565 0.00379315 -2.5029 -0.994075 0.0295016 -0.104613 89.1926
-0.107399 -0.00141296 0.994215 43.2559 0.0300777 0.999537 0.00466964 -2.51879 -0.993761 0.0304052 -0.107307 89.1205
-0.108104 -0.00117495 0.994139 43.9485 0.0298475 0.999545 0.00442701 -2.5302 -0.993691 0.0301511 -0.10802 89.0451
-0.107128 -8.44073e-05 0.994245 44.5988 0.0310393 0.999512 0.0034293 -2.54621 -0.993761 0.0312281 -0.107074 88.9789
-0.103848 0.00115987 0.994593 45.2453 0.0316801 0.999496 0.00214223 -2.56038 -0.994089 0.0317312 -0.103833 88.9095
-0.0974407 0.00179685 0.99524 45.8496 0.0320334 0.999486 0.00133176 -2.57349 -0.994726 0.0320107 -0.0974481 88.8575
-0.0903199 0.00238987 0.99591 46.4621 0.0311963 0.999513 0.000430701 -2.58617 -0.995424 0.0311076 -0.0903505 88.8108
-0.0791957 0.00248081 0.996856 47.0474 0.0299382 0.999552 -0.000109061 -2.60002 -0.996409 0.0298355 -0.0792344 88.7751
-0.0648055 0.00250337 0.997895 47.5947 0.0296364 0.999561 -0.000582894 -2.61762 -0.997458 0.0295362 -0.0648512 88.7536
-0.0488045 0.00391219 0.998801 48.1499 0.0290293 0.999575 -0.00249676 -2.63194 -0.998386 0.0288727 -0.0488973 88.7438
-0.0275258 0.00619746 0.999602 48.6727 0.0275402 0.999606 -0.00543912 -2.64964 -0.999242 0.0273796 -0.0276856 88.7455
-0.00272193 0.00951487 0.999951 49.1948 0.0256482 0.999626 -0.00944196 -2.66614 -0.999667 0.0256213 -0.00296495 88.7635
0.0248148 0.0113995 0.999627 49.709 0.0239815 0.99964 -0.0119949 -2.68025 -0.999404 0.0242702 0.0245325 88.7972
0.0581513 0.010863 0.998249 50.2397 0.0228108 0.999665 -0.0122073 -2.69752 -0.998047 0.0234807 0.0578841 88.8443
0.0967521 0.00856708 0.995272 50.748 0.0216234 0.999709 -0.0107073 -2.71256 -0.995074 0.0225572 0.0965387 88.9283
0.138388 0.00458607 0.990368 51.2626 0.0202646 0.999767 -0.00746126 -2.7306 -0.990171 0.021102 0.138263 89.0271
0.182204 0.000384537 0.983261 51.7508 0.0179484 0.999832 -0.00371696 -2.74547 -0.983097 0.0183252 0.182166 89.1617
0.230134 -0.00283937 0.973155 52.2369 0.014415 0.999896 -0.000491508 -2.75949 -0.973052 0.0141411 0.230151 89.3124
0.280593 -0.00470139 0.959815 52.6999 0.0113063 0.999935 0.00159261 -2.77064 -0.95976 0.0104051 0.280628 89.4842
0.336244 -0.004564 0.941764 53.1645 0.0108191 0.999941 0.000983138 -2.77917 -0.941713 0.00985842 0.336274 89.7011
0.392735 -0.00437609 0.919641 53.5924 0.0128741 0.999917 -0.000739841 -2.79554 -0.919561 0.0121301 0.392759 89.9417
0.450633 -0.00106539 0.892709 53.9937 0.015046 0.999866 -0.00640183 -2.80848 -0.892583 0.0163166 0.450589 90.1736
0.509281 0.00236734 0.860597 54.3846 0.0163732 0.999789 -0.0124395 -2.82531 -0.860445 0.020426 0.509134 90.4676
0.567163 0.00694196 0.823577 54.7443 0.012932 0.999766 -0.0173328 -2.83704 -0.823504 0.020481 0.56694 90.7621
0.62168 0.0102565 0.783205 55.0889 0.00928008 0.999748 -0.0204585 -2.84772 -0.783217 0.0199868 0.621428 91.1082
0.673819 0.0115981 0.738805 55.3988 0.0076384 0.999714 -0.0226605 -2.86439 -0.738857 0.0209124 0.673538 91.4584
0.720912 0.0101665 0.692952 55.6854 0.0078583 0.999708 -0.0228424 -2.87957 -0.692982 0.0219128 0.720622 91.8108
0.76619 0.00617988 0.642584 55.959 0.00662827 0.999825 -0.0175188 -2.89815 -0.64258 0.017682 0.766015 92.216
0.807773 0.00166198 0.589492 56.1981 0.00633233 0.999914 -0.0114962 -2.9108 -0.58946 0.0130192 0.807693 92.6189
0.844561 -0.00120669 0.535458 56.4008 0.00496364 0.999972 -0.0055755 -2.9242 -0.535437 0.00736667 0.844543 93.0194
0.876144 -0.00337068 0.482038 56.5972 0.00366043 0.999993 0.000339375 -2.93097 -0.482036 0.00146713 0.87615 93.4705
0.902181 -0.00373688 0.431342 56.7606 0.00128136 0.999981 0.00598317 -2.94461 -0.431356 -0.0048452 0.902169 93.914
0.922366 -0.00161905 0.386315 56.8944 -0.00206754 0.999956 0.00912729 -2.95873 -0.386313 -0.00921742 0.922322 94.3588
0.938415 0.00391672 0.345487 57.0316 -0.00811564 0.99991 0.010708 -2.95988 -0.345414 -0.0128524 0.938362 94.8438
0.950458 0.00955033 0.310707 57.1366 -0.013318 0.999861 0.010007 -2.96461 -0.310568 -0.0136492 0.950453 95.2927
0.96003 0.0114921 0.27966 57.256 -0.0145076 0.999857 0.00871498 -2.95475 -0.27952 -0.0124238 0.96006 95.7858
0.966376 0.00676838 0.257046 57.3746 -0.00953258 0.999909 0.00950915 -2.96752 -0.256958 -0.0116397 0.966353 96.2667
0.970361 0.00374587 0.241631 57.4807 -0.0063542 0.99993 0.0100163 -2.97278 -0.241577 -0.0112548 0.970317 96.7486
0.973597 0.00726488 0.228157 57.5903 -0.00969361 0.999908 0.00952615 -2.97696 -0.228067 -0.0114863 0.973578 97.2589
0.975513 0.0130684 0.219556 57.6788 -0.0155418 0.999834 0.00954193 -2.97263 -0.219395 -0.0127206 0.975553 97.751
0.976915 0.0194092 0.212745 57.7704 -0.0217137 0.999728 0.00850119 -2.97474 -0.212522 -0.0129244 0.977071 98.2658
0.977266 0.0267284 0.210327 57.8672 -0.0283588 0.999587 0.00473892 -2.97758 -0.210113 -0.0105958 0.97762 98.779
0.977493 0.0277464 0.209136 57.9786 -0.0288854 0.99958 0.00239342 -2.98815 -0.208982 -0.00838054 0.977884 99.3212
0.977116 0.0254996 0.211173 58.1022 -0.0258555 0.999665 -0.00107624 -2.9955 -0.21113 -0.00440837 0.977448 99.8604
0.976209 0.0254072 0.21534 58.2299 -0.024418 0.999676 -0.00725313 -3.00739 -0.215455 0.00182239 0.976512 100.414
0.975255 0.0267817 0.219455 58.3602 -0.0247911 0.999623 -0.0118199 -3.01715 -0.219688 0.00608693 0.975551 100.97
0.974101 0.0304354 0.224057 58.4875 -0.0285582 0.999525 -0.0116146 -3.02565 -0.224304 0.00491512 0.974507 101.549
0.972693 0.0325272 0.229805 58.6156 -0.0315487 0.999471 -0.00793162 -3.03338 -0.229942 0.000464965 0.973204 102.147
0.971679 0.0300972 0.234379 58.7665 -0.0302246 0.999539 -0.00304905 -3.04831 -0.234363 -0.00412132 0.972141 102.742
0.97079 0.0263214 0.238483 58.9236 -0.0276701 0.999615 0.00230841 -3.06005 -0.23833 -0.0088398 0.971144 103.364
0.970035 0.0227896 0.241893 59.078 -0.0253083 0.999653 0.00730971 -3.06611 -0.241642 -0.0132126 0.970276 103.976
0.969401 0.0184846 0.244784 59.2489 -0.0211732 0.999741 0.00835644 -3.07273 -0.244566 -0.0132836 0.969542 104.629
0.969193 0.0155805 0.24581 59.4126 -0.0174382 0.999834 0.00538235 -3.08148 -0.245685 -0.00950302 0.969303 105.252
0.96934 0.0142653 0.245309 59.5799 -0.0143389 0.999896 -0.00148585 -3.09202 -0.245305 -0.00207718 0.969444 105.906
0.969595 0.0181864 0.24404 59.736 -0.0167362 0.999828 -0.00801491 -3.10221 -0.244144 0.00368691 0.969732 106.557
0.970129 0.0216912 0.241619 59.8996 -0.0196096 0.999747 -0.0110169 -3.11214 -0.241797 0.00594978 0.970309 107.215
0.970736 0.0203885 0.239281 60.0689 -0.0191654 0.999789 -0.00743766 -3.12041 -0.239382 0.00263409 0.970922 107.921
0.971168 0.0160425 0.237858 60.2423 -0.0164763 0.999864 -0.000163993 -3.13471 -0.237828 -0.00375976 0.9713 108.622
0.971893 0.0143527 0.234987 60.4139 -0.0160591 0.999857 0.00534933 -3.14951 -0.234876 -0.00897265 0.971984 109.349
0.972248 0.0183158 0.233235 60.5764 -0.0200984 0.999784 0.00526847 -3.15939 -0.233088 -0.00980991 0.972406 110.059
0.972497 0.0239423 0.231683 60.7337 -0.0247992 0.999692 0.000786602 -3.16463 -0.231593 -0.00651053 0.972791 110.793
0.97336 0.0258646 0.227821 60.9046 -0.0255572 0.999664 -0.00429946 -3.17848 -0.227856 -0.00163756 0.973694 111.555
0.974319 0.0259329 0.223675 61.0717 -0.025001 0.999663 -0.00699766 -3.18208 -0.223781 0.00122584 0.974639 112.297
0.975202 0.0224129 0.220181 61.2414 -0.0216481 0.999748 -0.00588588 -3.19781 -0.220257 0.000973417 0.975441 113.059
0.976129 0.0197906 0.21629 61.4252 -0.019465 0.999804 -0.00363592 -3.21509 -0.216319 -0.000660953 0.976322 113.852
0.976592 0.0172212 0.214408 61.593 -0.0174033 0.999848 -0.00103801 -3.22951 -0.214393 -0.0027177 0.976744 114.65
0.976858 0.0134907 0.213466 61.7678 -0.0140406 0.999901 0.0010601 -3.23857 -0.21343 -0.00403276 0.97695 115.442
0.977103 0.0102194 0.212523 61.9473 -0.0110674 0.999935 0.00280082 -3.25506 -0.21248 -0.00508876 0.977152 116.243
0.977205 0.00929988 0.212094 62.1182 -0.0104297 0.999937 0.00420867 -3.26412 -0.212042 -0.00632481 0.97724 117.05
0.977198 0.0146388 0.211824 62.2914 -0.0155821 0.999875 0.00278457 -3.27642 -0.211757 -0.00602175 0.977304 117.863
0.976843 0.0204414 0.21298 62.4524 -0.0208076 0.999783 -0.000522181 -3.28711 -0.212945 -0.00392153 0.977056 118.683
0.976484 0.0287351 0.213666 62.6203 -0.0290224 0.999577 -0.00179248 -3.30035 -0.213627 -0.00445076 0.976905 119.494
0.975721 0.0347015 0.216252 62.7933 -0.0353553 0.999375 -0.000846166 -3.31389 -0.216146 -0.00682002 0.976337 120.334
0.974966 0.0364595 0.219343 62.9656 -0.0374719 0.999298 0.000455735 -3.32377 -0.219172 -0.00866352 0.975648 121.161
0.974329 0.0371191 0.222049 63.152 -0.038027 0.999277 -0.000186437 -3.34202 -0.221895 -0.00826219 0.975036 122.006
0.97389 0.038929 0.22366 63.339 -0.039473 0.999219 -0.00203983 -3.35814 -0.223564 -0.00684195 0.974665 122.829
0.973863 0.0293762 0.225231 63.5394 -0.0297504 0.999556 -0.00173308 -3.37229 -0.225182 -0.00501293 0.974304 123.665
0.97403 0.0247424 0.225064 63.7371 -0.0249706 0.999687 -0.0018326 -3.39319 -0.225039 -0.00383498 0.974342 124.489
0.973856 0.0223654 0.226065 63.9337 -0.022508 0.999745 -0.00194736 -3.41653 -0.226051 -0.00319182 0.97411 125.344
0.973294 0.0257019 0.228121 64.1235 -0.0265236 0.999648 0.000536431 -3.42883 -0.228027 -0.00657269 0.973633 126.166
0.973033 0.0272704 0.229048 64.3092 -0.0294462 0.999548 0.00608625 -3.43977 -0.228779 -0.0126667 0.973396 127.008
0.972727 0.0295891 0.230057 64.5005 -0.0327625 0.999413 0.0099858 -3.45214 -0.229627 -0.0172507 0.973126 127.847
0.972502 0.0295114 0.231018 64.6975 -0.0312148 0.999506 0.00372094 -3.46707 -0.230794 -0.0108298 0.972942 128.69
0.972614 0.0251184 0.231064 64.8932 -0.0233877 0.999674 -0.0102264 -3.48571 -0.231246 0.00454223 0.972885 129.491
0.972829 0.0243447 0.230243 65.0892 -0.0207934 0.999625 -0.0178382 -3.51772 -0.230591 0.0125659 0.97297 130.302
0.972997 0.0225722 0.229713 65.2871 -0.0206977 0.99973 -0.0105668 -3.52896 -0.22989 0.00552688 0.973201 131.144
0.973415 0.0146862 0.228579 65.4827 -0.0173725 0.999802 0.00974446 -3.54203 -0.22839 -0.0134564 0.973477 131.984
0.973761 0.00702502 0.227467 65.684 -0.0133907 0.99956 0.0264538 -3.55774 -0.227181 -0.0288056 0.973427 132.841
0.973885 0.0123019 0.226711 65.8619 -0.017448 0.999633 0.0207091 -3.56207 -0.226373 -0.0241239 0.973742 133.643
0.974001 0.0238924 0.22528 66.036 -0.0258501 0.999649 0.00574361 -3.57675 -0.225063 -0.0114178 0.974277 134.443
0.974131 0.0253806 0.224556 66.2133 -0.0253032 0.999675 -0.00322324 -3.57509 -0.224565 -0.00254213 0.974456 135.253
0.974765 0.020775 0.222266 66.3973 -0.0203728 0.999784 -0.00410248 -3.59381 -0.222303 -0.00052923 0.974977 136.052
0.975391 0.0180936 0.21974 66.5757 -0.0179706 0.999835 -0.00255862 -3.61721 -0.219751 -0.00145322 0.975555 136.857
0.97614 0.0193572 0.216276 66.7522 -0.0191478 0.999812 -0.00306378 -3.63589 -0.216294 -0.00115052 0.976328 137.68
0.977245 0.0226125 0.210907 66.9189 -0.0221338 0.999744 -0.00463043 -3.65529 -0.210957 -0.000143102 0.977495 138.473
0.97767 0.0253752 0.208608 67.0762 -0.0248991 0.999678 -0.00490825 -3.67639 -0.208666 -0.000395506 0.977987 139.271
0.977983 0.0336427 0.205954 67.2249 -0.0333457 0.999432 -0.00491362 -3.69017 -0.206003 -0.00206227 0.978549 140.072
0.978293 0.0348007 0.204282 67.3804 -0.0349652 0.999385 -0.00280541 -3.70966 -0.204254 -0.00439824 0.978908 140.86
0.978603 0.032019 0.203254 67.542 -0.0330213 0.999454 0.00154089 -3.72893 -0.203093 -0.00821962 0.979125 141.664
0.978981 0.0304685 0.201662 67.7007 -0.0314854 0.999503 0.00183583 -3.74552 -0.201506 -0.00814666 0.979454 142.462
0.979546 0.0297397 0.199009 67.8557 -0.0302697 0.999542 -0.000379636 -3.76051 -0.198929 -0.00565206 0.979998 143.255
0.980514 0.0249522 0.194861 68.0149 -0.0246423 0.999688 -0.00401489 -3.78071 -0.194901 -0.000865172 0.980823 144.052
0.981848 0.0234453 0.188214 68.1684 -0.022884 0.999725 -0.00515464 -3.79688 -0.188283 0.000753985 0.982115 144.829
0.983166 0.0221355 0.181369 68.3112 -0.022512 0.999747 1.75873e-05 -3.80256 -0.181322 -0.00410027 0.983415 145.643
0.984258 0.0173145 0.175886 68.4486 -0.0191063 0.999781 0.00849903 -3.82026 -0.175701 -0.0117258 0.984374 146.425
0.985013 0.0165309 0.171685 68.585 -0.0199395 0.999637 0.0181483 -3.83956 -0.171322 -0.0212997 0.984985 147.236
0.985627 0.0188814 0.16788 68.7041 -0.0227231 0.999521 0.020992 -3.83262 -0.167403 -0.024505 0.985584 148.014
0.986414 0.0228412 0.162682 68.8301 -0.025754 0.999543 0.0158184 -3.83819 -0.162246 -0.0197932 0.986552 148.812
0.987502 0.0241777 0.155742 68.941 -0.0255036 0.999653 0.00652067 -3.85193 -0.155531 -0.0104112 0.987776 149.594
0.988473 0.0244203 0.149414 69.0566 -0.0247773 0.999693 0.00052797 -3.85259 -0.149355 -0.00422395 0.988775 150.375
0.98963 0.0204023 0.142185 69.164 -0.0208402 0.999782 0.00159121 -3.8681 -0.142121 -0.00453787 0.989839 151.191
0.990574 0.0258591 0.134517 69.2621 -0.026726 0.999632 0.00464297 -3.87906 -0.134347 -0.0081943 0.990901 151.99
0.991396 0.0318445 0.126965 69.3458 -0.0325812 0.999462 0.00372921 -3.89085 -0.126778 -0.00783381 0.9919 152.79
0.992518 0.0357412 0.116754 69.4261 -0.0357375 0.999359 -0.00212553 -3.90152 -0.116755 -0.00206286 0.993159 153.609
0.993546 0.0352858 0.107805 69.5152 -0.0349844 0.999377 -0.00468644 -3.91822 -0.107903 0.000884687 0.994161 154.417
0.994315 0.0350409 0.100552 69.5816 -0.0350232 0.999385 -0.001942 -3.93026 -0.100558 -0.00159068 0.99493 155.235
0.995048 0.0369548 0.0922725 69.6482 -0.037555 0.999283 0.00477647 -3.94303 -0.0920298 -0.00821811 0.995722 156.07
0.995631 0.0396185 0.0845597 69.7015 -0.040715 0.999107 0.0112817 -3.95352 -0.0840372 -0.0146752 0.996355 156.905
0.996315 0.0391401 0.0763247 69.7596 -0.0403678 0.999078 0.014609 -3.96079 -0.0756825 -0.0176362 0.996976 157.728
0.996756 0.0394085 0.0701807 69.8087 -0.0406655 0.999035 0.0165731 -3.96481 -0.0694599 -0.0193732 0.997397 158.557
0.997001 0.039252 0.0666993 69.8505 -0.0403252 0.999077 0.0148197 -3.97066 -0.066056 -0.0174649 0.997663 159.383
0.997163 0.0437224 0.061279 69.8905 -0.0443854 0.998969 0.00950028 -3.97987 -0.0608005 -0.0121932 0.998076 160.202
0.997083 0.0500952 0.0575851 69.923 -0.0503873 0.998723 0.00362951 -3.98433 -0.0573297 -0.00652048 0.998334 161.019
0.997106 0.0523622 0.05512 69.9496 -0.0524729 0.998622 0.000561851 -3.99418 -0.0550147 -0.00345253 0.99848 161.85
0.997228 0.0537313 0.0514697 69.9849 -0.054142 0.998511 0.00661955 -4.00488 -0.0510374 -0.00938787 0.998653 162.687
0.997278 0.0545365 0.0496339 70.0161 -0.0553975 0.998334 0.0161395 -4.00122 -0.048671 -0.0188451 0.998637 163.525
0.997383 0.0555995 0.0462124 70.0423 -0.0567724 0.998087 0.0244678 -4.00737 -0.0447636 -0.0270274 0.998632 164.363
0.99788 0.0504894 0.0410649 70.0762 -0.051376 0.998462 0.0208293 -4.00435 -0.0399501 -0.0228949 0.998939 165.172
0.998465 0.042153 0.0359378 70.109 -0.0426343 0.99901 0.0127332 -4.02132 -0.0353654 -0.0142458 0.999273 165.988
0.99876 0.0407075 0.028663 70.1305 -0.040928 0.999137 0.00715057 -4.02414 -0.0283471 -0.00831482 0.999564 166.795
0.998717 0.0456207 0.0219939 70.1322 -0.0458156 0.998914 0.00844133 -4.01993 -0.0215849 -0.00943816 0.999723 167.609
0.999058 0.0409798 0.0143006 70.1405 -0.0411806 0.999053 0.0140437 -4.02421 -0.0137115 -0.0146194 0.999799 168.448
0.999388 0.0342923 0.00691662 70.1499 -0.0344146 0.999238 0.01841 -4.03084 -0.00628003 -0.0186368 0.999807 169.291
0.999618 0.0276052 0.00100805 70.1565 -0.0276208 0.99937 0.0222774 -4.02415 -0.000392443 -0.0222967 0.999751 170.108
0.999753 0.0216041 -0.00516985 70.1533 -0.0214819 0.999513 0.0226242 -4.02993 0.00565611 -0.0225076 0.999731 170.945
0.999769 0.0177174 -0.0121512 70.1411 -0.0175136 0.999708 0.0166772 -4.03692 0.0124431 -0.0164605 0.999787 171.78
0.999742 0.0121912 -0.0191898 70.129 -0.0120725 0.999907 0.00629275 -4.03412 0.0192647 -0.00605945 0.999796 172.583
0.999649 0.00467316 -0.0260923 70.1217 -0.00461359 0.999987 0.00234283 -4.0401 0.0261029 -0.00222163 0.999657 173.415
0.999452 0.00564813 -0.0326118 70.0832 -0.00534432 0.999942 0.00939574 -4.0459 0.032663 -0.0092163 0.999424 174.26
0.999175 0.0151787 -0.0376729 70.0366 -0.014337 0.999644 0.0225139 -4.0438 0.0380011 -0.0219552 0.999037 175.117
0.998904 0.020501 -0.042073 69.9797 -0.0192114 0.99934 0.0308284 -4.04928 0.0426773 -0.0299863 0.998639 175.965
0.998764 0.019477 -0.0457325 69.9324 -0.0182203 0.999449 0.0277375 -4.04279 0.0462476 -0.02687 0.998569 176.793
0.998613 0.0217433 -0.047955 69.8868 -0.0209065 0.999622 0.0178829 -4.05018 0.0483257 -0.0168555 0.998689 177.647
0.998187 0.031829 -0.0510808 69.8188 -0.0314592 0.999473 0.00802852 -4.04022 0.0513094 -0.006407 0.998662 178.473
0.998087 0.0315705 -0.0531566 69.7691 -0.0313742 0.999498 0.00452245 -4.04427 0.0532726 -0.00284605 0.998576 179.323
0.998139 0.0263138 -0.0550069 69.7178 -0.0258163 0.999619 0.00973601 -4.05646 0.0552421 -0.00829782 0.998439 180.173
0.99819 0.0241554 -0.0550847 69.672 -0.0232055 0.999572 0.0178187 -4.05727 0.0554915 -0.0165082 0.998323 181.026
0.998122 0.0267721 -0.0550936 69.6138 -0.0255163 0.999401 0.0233726 -4.05379 0.0556863 -0.0219229 0.998208 181.908
0.998074 0.0259501 -0.0563431 69.5582 -0.0246941 0.999433 0.0228741 -4.05846 0.0569047 -0.0214387 0.998149 182.744
0.998026 0.0217447 -0.0589276 69.5093 -0.020978 0.999687 0.0135969 -4.05715 0.0592048 -0.0123339 0.99817 183.584
0.998031 0.0142135 -0.0610867 69.4686 -0.0140395 0.999896 0.00327635 -4.06887 0.0611269 -0.00241227 0.998127 184.407
0.997953 0.0048408 -0.0637637 69.431 -0.00490334 0.999988 -0.000824382 -4.08133 0.0637589 0.00113535 0.997965 185.251
0.997929 0.00659423 -0.0639913 69.3656 -0.0063937 0.999974 0.00333804 -4.08907 0.0640117 -0.00292198 0.997945 186.113
0.997753 0.010611 -0.0661628 69.3042 -0.00978435 0.99987 0.0128056 -4.09204 0.0662901 -0.0121294 0.997727 186.973
0.997714 0.0118616 -0.0665252 69.2332 -0.0107702 0.999802 0.0167406 -4.10099 0.0667105 -0.0159858 0.997644 187.816
0.997616 0.0112966 -0.0680781 69.1787 -0.0103803 0.999851 0.0137988 -4.11594 0.0682238 -0.0130592 0.997585 188.648
0.997611 0.0124654 -0.0679504 69.1194 -0.011923 0.999894 0.00838239 -4.12418 0.0680477 -0.00755219 0.997654 189.485
0.997492 0.0183362 -0.0683697 69.0457 -0.0178615 0.999812 0.0075487 -4.12283 0.0684953 -0.00630858 0.997632 190.332
0.997443 0.0208097 -0.0683638 68.9771 -0.0201462 0.999743 0.0103806 -4.13212 0.0685623 -0.00897678 0.997606 191.161
0.997269 0.0248112 -0.0695696 68.9195 -0.023905 0.999619 0.0138284 -4.14384 0.0698862 -0.0121276 0.997481 191.985
0.997145 0.0283677 -0.0699861 68.8528 -0.0272756 0.999492 0.0165121 -4.14891 0.0704189 -0.0145561 0.997411 192.817
0.9971 0.0310318 -0.0694941 68.7797 -0.0299767 0.99942 0.0161736 -4.14763 0.0699557 -0.0140435 0.997451 193.653
0.99709 0.029872 -0.0701338 68.7172 -0.0290384 0.999495 0.0128749 -4.16439 0.070483 -0.0108009 0.997455 194.475
