1 -4.1311e-11 -1.95776e-11 0 -4.12612e-11 1 -1.70424e-11 0 -1.42043e-10 -1.70424e-11 1 -2.98023e-08
1 -0.00045512 -0.00017432 -0.01474 0.000455458 0.999998 0.00195395 -0.0303698 0.00017343 -0.00195403 0.999998 1.30968
0.999998 -0.00213422 0.000330034 -0.0212326 0.00213361 0.999996 0.00183236 -0.057287 -0.000333944 -0.00183165 0.999998 2.60279
0.999994 -0.00340822 -0.000427154 -0.0381419 0.00340915 0.999992 0.00218201 -0.0858842 0.000419713 -0.00218345 0.999998 3.92991
0.999993 -0.00375418 0.000659891 -0.0394725 0.00375277 0.999991 0.00213173 -0.10997 -0.000667888 -0.00212924 0.999997 5.24375
0.999992 -0.00396876 -7.1355e-05 -0.0579564 0.00396896 0.999987 0.00307626 -0.132469 5.91449e-05 -0.00307652 0.999995 6.56493
0.999985 -0.00547465 1.45094e-05 -0.0575895 0.00547451 0.999973 0.00489692 -0.157404 -4.13179e-05 -0.00489676 0.999988 7.88626
0.999985 -0.00549691 0.000377576 -0.0513453 0.00549476 0.99997 0.00546138 -0.17965 -0.000407586 -0.00545922 0.999985 9.23567
0.99999 -0.00445885 -0.000244798 -0.0677628 0.00445993 0.99998 0.00456252 -0.20257 0.00022445 -0.00456357 0.99999 10.5359
0.999999 -0.00142359 -0.000182584 -0.0931663 0.00142399 0.999997 0.00218868 -0.223895 0.000179467 -0.00218894 0.999998 11.8541
0.999998 0.00206241 0.000728837 -0.110797 -0.00206343 0.999997 0.00140884 -0.251973 -0.000725929 -0.00141034 0.999999 13.2205
0.999988 0.00477245 -0.000755275 -0.132731 -0.00477159 0.999988 0.00112571 -0.278888 0.000760638 -0.00112209 0.999999 14.5784
0.999986 0.00524499 0.000899883 -0.14849 -0.00524733 0.999983 0.00262125 -0.301426 -0.00088612 -0.00262594 0.999996 15.9103
0.999996 0.00273147 -0.000895172 -0.137891 -0.00272695 0.999984 0.00500646 -0.326746 0.000908832 -0.005004 0.999987 17.2366
0.999997 -0.00168516 0.00149547 -0.10655 0.00167387 0.99997 0.00751682 -0.346149 -0.00150809 -0.0075143 0.999971 18.6057
0.999993 -0.00363961 -0.000371237 -0.165297 0.00364162 0.999978 0.0055782 -0.369218 0.000350926 -0.00557951 0.999984 19.9478
0.999989 -0.00454508 0.000625938 -0.158161 0.00454298 0.999984 0.0033044 -0.392228 -0.000640947 -0.00330152 0.999994 21.3047
0.999998 -0.00171484 0.00140966 -0.142596 0.00171093 0.999995 0.00276687 -0.420997 -0.00141439 -0.00276445 0.999995 22.6769
0.999999 0.000241085 0.00135588 -0.160369 -0.000246825 0.999991 0.0042349 -0.43367 -0.00135484 -0.00423523 0.99999 24.054
0.999995 -0.000383117 0.0032993 -0.163108 0.000357145 0.999969 0.00786892 -0.455651 -0.00330222 -0.0078677 0.999964 25.4295
0.999993 -0.00294964 0.00234863 -0.148886 0.00292732 0.999951 0.00945079 -0.467378 -0.00237639 -0.00944385 0.999953 26.7822
0.999982 -0.00546497 0.00242406 -0.170674 0.00544395 0.999948 0.00859451 -0.494436 -0.0024709 -0.00858116 0.99996 28.1391
0.999977 -0.00645106 0.00210419 -0.1416 0.00643923 0.999964 0.00558077 -0.508031 -0.00214012 -0.00556709 0.999982 29.5578
0.999983 -0.00537331 0.00233982 -0.190677 0.00536341 0.999977 0.00421797 -0.537243 -0.00236243 -0.00420535 0.999988 30.9105
0.999991 -0.00313023 0.00282761 -0.147902 0.0031227 0.999992 0.00266492 -0.556649 -0.00283593 -0.00265607 0.999992 32.3047
0.999992 -0.00134793 0.00369604 -0.173585 0.00134283 0.999998 0.00138167 -0.583231 -0.00369789 -0.00137669 0.999992 33.6773
0.999992 -0.000353784 0.00405012 -0.164315 0.000347488 0.999999 0.00155526 -0.609005 -0.00405067 -0.00155384 0.999991 35.0759
0.999992 -0.00181537 0.00356931 -0.146378 0.00180265 0.999992 0.00356437 -0.634443 -0.00357576 -0.0035579 0.999987 36.3804
0.999996 0.000123607 0.00286592 -0.17008 -0.000137776 0.999988 0.00494449 -0.658452 -0.00286528 -0.00494486 0.999984 37.8313
0.999988 0.00273983 0.00412905 -0.195025 -0.0027622 0.999981 0.00542009 -0.679712 -0.00411413 -0.00543143 0.999977 39.1833
0.999982 0.00503612 0.00332779 -0.187069 -0.00505295 0.999974 0.00506816 -0.700851 -0.00330218 -0.00508489 0.999982 40.6504
0.999971 0.00695977 0.00314754 -0.194053 -0.00697738 0.99996 0.00561982 -0.722043 -0.0031083 -0.00564161 0.999979 42.0122
0.999963 0.00799454 0.00321056 -0.191286 -0.0080133 0.999951 0.00587433 -0.74428 -0.00316344 -0.00589984 0.999978 43.4184
0.999971 0.00717713 0.00249578 -0.201523 -0.00719133 0.999958 0.0057244 -0.767193 -0.00245459 -0.00574219 0.999981 44.841
0.999974 0.00631718 0.00345094 -0.256974 -0.0063362 0.999965 0.0055284 -0.786345 -0.00341589 -0.00555013 0.999979 46.212
0.999983 0.0057574 0.00111705 -0.19007 -0.00576417 0.999965 0.00615175 -0.811188 -0.0010816 -0.00615808 0.999981 47.6742
0.999982 0.00593828 0.000547944 -0.234538 -0.00594191 0.999959 0.00689398 -0.832751 -0.000506983 -0.00689711 0.999976 49.0652
0.999973 0.00704611 -0.00220271 -0.201473 -0.00703093 0.999952 0.0068268 -0.855053 0.0022507 -0.00681112 0.999974 50.5186
0.999971 0.00733398 -0.00219663 -0.229539 -0.00731667 0.999943 0.00778745 -0.872885 0.00225362 -0.00777115 0.999967 51.9562
0.999969 0.00689104 -0.00375731 -0.246477 -0.00685806 0.999938 0.00871935 -0.892909 0.00381716 -0.00869332 0.999955 53.3587
0.999979 0.00525117 -0.00389299 -0.258787 -0.00521506 0.999944 0.00922961 -0.909917 0.00394123 -0.00920911 0.99995 54.7749
0.999981 0.00370984 -0.00486394 -0.259422 -0.00366164 0.999945 0.00987999 -0.92835 0.00490033 -0.009862 0.999939 56.2125
0.999988 0.00154356 -0.00461917 -0.284751 -0.00150044 0.999955 0.00932413 -0.949489 0.00463335 -0.00931708 0.999946 57.6135
0.999986 0.000704981 -0.00517719 -0.285005 -0.000654174 0.999952 0.00980855 -0.968155 0.00518385 -0.00980503 0.999939 59.0846
0.999986 -0.000399759 -0.00536134 -0.289226 0.000456077 0.999945 0.010507 -0.987616 0.00535685 -0.0105093 0.99993 60.5125
0.999985 -0.00196342 -0.0050428 -0.306949 0.00201926 0.999936 0.0110933 -1.0095 0.0050207 -0.0111033 0.999926 61.968
0.999987 -0.00363432 -0.00355766 -0.322016 0.00367426 0.99993 0.0112859 -1.02438 0.00351639 -0.0112988 0.99993 63.2819
0.999986 -0.00467699 -0.00249129 -0.350618 0.00470201 0.999938 0.0101319 -1.04594 0.00244375 -0.0101435 0.999946 64.7495
0.999987 -0.00455409 -0.00238355 -0.346327 0.00457796 0.999938 0.0101076 -1.06648 0.00233737 -0.0101184 0.999946 66.1346
0.999997 -0.00216533 -0.00150935 -0.364412 0.00218061 0.999946 0.0101946 -1.0868 0.00148719 -0.0101978 0.999947 67.5563
1 5.90699e-05 -0.000638308 -0.381052 -5.18029e-05 0.999935 0.0113808 -1.10696 0.000638938 -0.0113808 0.999935 69.0104
0.999994 0.00338119 -0.000252518 -0.394621 -0.00337769 0.999913 0.0127642 -1.12067 0.000295654 -0.0127632 0.999919 70.4487
0.999976 0.00678192 0.00116871 -0.408829 -0.00679717 0.999885 0.0135752 -1.13552 -0.00107651 -0.0135828 0.999907 71.8416
0.99992 0.0126341 0.000855693 -0.420151 -0.0126446 0.999828 0.0135785 -1.15476 -0.000683992 -0.0135883 0.999907 73.2124
0.99988 0.0154466 0.00154192 -0.429828 -0.0154649 0.999801 0.0126097 -1.16979 -0.00134684 -0.012632 0.999919 74.6537
0.999847 0.0173612 0.0019297 -0.437835 -0.0173849 0.999764 0.0130298 -1.18515 -0.00170304 -0.0130614 0.999913 76.2411
0.999846 0.0174397 0.00191173 -0.44711 -0.0174641 0.999755 0.0136347 -1.19716 -0.00167348 -0.0136659 0.999905 77.6618
0.99988 0.0153085 0.00231715 -0.453579 -0.0153388 0.999789 0.0136551 -1.21049 -0.00210762 -0.013689 0.999904 78.9003
0.999886 0.0149039 0.00225002 -0.456216 -0.0149316 0.999806 0.0128432 -1.22763 -0.00205817 -0.0128753 0.999915 80.4439
0.999895 0.014359 0.00194408 -0.461822 -0.0143831 0.999812 0.0130081 -1.245 -0.00175693 -0.0130347 0.999914 81.6764
0.999903 0.0138008 0.00168335 -0.466857 -0.0138217 0.999818 0.0131601 -1.2607 -0.00150143 -0.0131821 0.999912 83.2101
0.999903 0.01392 0.000857702 -0.472258 -0.0139298 0.999822 0.0127353 -1.27964 -0.000680273 -0.012746 0.999919 84.5976
0.999894 0.014549 0.000621868 -0.482778 -0.0145561 0.999805 0.0133775 -1.29258 -0.000427117 -0.0133851 0.99991 86.0857
0.999908 0.0135261 -0.000470302 -0.49579 -0.0135181 0.999807 0.0142292 -1.3089 0.000662677 -0.0142216 0.999899 87.4837
0.999932 0.0114707 -0.00231319 -0.500791 -0.0114338 0.999817 0.0153559 -1.32233 0.00248891 -0.0153284 0.999879 88.8714
0.999947 0.00975214 -0.00331377 -0.509135 -0.00969776 0.999824 0.0160486 -1.33599 0.0034697 -0.0160156 0.999866 90.154
0.999966 0.00732757 -0.00384584 -0.520257 -0.00726469 0.999844 0.0161176 -1.34587 0.00396334 -0.0160891 0.999863 91.55
0.999968 0.00630059 -0.00491827 -0.531156 -0.00622082 0.999852 0.0160697 -1.35626 0.00501879 -0.0160386 0.999859 92.8688
0.999978 0.00509491 -0.00435888 -0.539547 -0.00502718 0.999869 0.015411 -1.3749 0.00443682 -0.0153887 0.999872 94.3628
0.999976 0.00530025 -0.00444048 -0.557704 -0.00523168 0.999869 0.0153145 -1.38243 0.00452107 -0.0152909 0.999873 95.6935
0.999976 0.00507256 -0.0048149 -0.566224 -0.00500174 0.999881 0.0146103 -1.39848 0.00488844 -0.0145859 0.999882 97.1568
0.999973 0.00580578 -0.00449182 -0.57708 -0.00574247 0.999886 0.0139825 -1.41479 0.00457248 -0.0139563 0.999892 98.6436
0.999965 0.00744557 -0.0036861 -0.593355 -0.0073924 0.999871 0.0142349 -1.42286 0.00379161 -0.0142072 0.999892 99.7895
0.999958 0.0083485 -0.00378493 -0.614867 -0.00828671 0.999837 0.0160567 -1.43929 0.00391836 -0.0160247 0.999864 101.111
0.999956 0.00864992 -0.00375795 -0.619451 -0.00858083 0.999801 0.0180269 -1.44643 0.00391313 -0.0179938 0.99983 102.503
0.999957 0.00862562 -0.00345625 -0.638979 -0.00856783 0.999829 0.0163991 -1.46093 0.00359711 -0.0163688 0.99986 103.927
0.999955 0.00874944 -0.00357386 -0.652512 -0.00869811 0.999862 0.0141339 -1.47262 0.00369703 -0.0141021 0.999894 105.439
0.999956 0.00850277 -0.0038566 -0.667629 -0.00845353 0.999885 0.0126093 -1.48811 0.00396337 -0.0125761 0.999913 107.022
0.999974 0.00612001 -0.00372889 -0.682946 -0.00606731 0.999884 0.013983 -1.50093 0.00381404 -0.01396 0.999895 108.409
0.999991 0.00305411 -0.00303357 -0.686846 -0.00300367 0.999859 0.0164969 -1.5078 0.00308352 -0.0164876 0.999859 109.663
0.999996 0.00135096 -0.00245891 -0.694986 -0.0013078 0.999847 0.0174726 -1.52268 0.00248214 -0.0174694 0.999844 110.954
0.999999 0.000318763 -0.00129305 -0.700161 -0.000297586 0.999866 0.016345 -1.52936 0.00129809 -0.0163446 0.999866 112.321
0.999995 0.00314287 -0.00100401 -0.716618 -0.00312882 0.999901 0.0137058 -1.54533 0.00104698 -0.0137025 0.999906 113.641
0.999988 0.00491479 0.000135401 -0.72432 -0.00491606 0.999916 0.0120279 -1.55654 -7.62747e-05 -0.0120284 0.999928 115.157
0.999958 0.00902818 0.00178375 -0.732676 -0.00904839 0.999891 0.0116662 -1.57168 -0.00167823 -0.0116819 0.99993 116.419
0.999949 0.00965646 0.00282352 -0.737616 -0.00969404 0.99986 0.0136161 -1.58254 -0.00269164 -0.0136428 0.999903 117.697
0.999949 0.00935999 0.00379417 -0.737861 -0.00942102 0.999821 0.0164019 -1.59029 -0.00363997 -0.0164368 0.999858 119.022
0.99995 0.00890011 0.00454408 -0.746793 -0.00897699 0.999812 0.0171881 -1.60181 -0.00439026 -0.017228 0.999842 120.447
0.999943 0.00899728 0.0056869 -0.743065 -0.00909045 0.999821 0.016574 -1.60718 -0.00553676 -0.0166247 0.999847 121.735
0.999928 0.0101545 0.00639403 -0.750323 -0.0102565 0.999817 0.0161234 -1.61555 -0.00622914 -0.0161878 0.99985 123.189
0.99989 0.0123063 0.00828762 -0.744006 -0.0124388 0.999793 0.0161326 -1.62406 -0.00808737 -0.0162339 0.999836 124.519
0.999868 0.0132634 0.00934318 -0.744707 -0.0134036 0.999796 0.0151075 -1.63105 -0.0091409 -0.0152307 0.999842 125.838
0.999841 0.0145992 0.0102387 -0.746243 -0.0147455 0.999788 0.0143591 -1.64101 -0.0100269 -0.0145078 0.999845 127.184
0.999851 0.0132584 0.0110704 -0.742209 -0.0134137 0.999811 0.0140748 -1.64894 -0.0108817 -0.0142212 0.99984 128.344
0.999849 0.0129861 0.0115761 -0.73253 -0.0131668 0.99979 0.0156751 -1.66199 -0.0113701 -0.0158252 0.99981 129.828
0.999847 0.0114178 0.0132662 -0.715746 -0.0116363 0.999796 0.0165126 -1.66976 -0.013075 -0.0166644 0.999776 131.061
0.999856 0.0107404 0.013132 -0.700692 -0.0109588 0.999801 0.016677 -1.67894 -0.0129503 -0.0168185 0.999775 132.504
0.999874 0.00884236 0.0132052 -0.691652 -0.00907283 0.999806 0.0174961 -1.6848 -0.0130479 -0.0176137 0.99976 133.7
0.999889 0.0066693 0.0133346 -0.677409 -0.00690974 0.999813 0.0180669 -1.69218 -0.0132116 -0.018157 0.999748 135.15
0.999911 0.00493712 0.0123818 -0.66747 -0.0051594 0.999825 0.0179848 -1.69888 -0.0122908 -0.0180471 0.999762 136.451
0.999929 0.00401661 0.011268 -0.652264 -0.00421701 0.999832 0.0178182 -1.7097 -0.0111946 -0.0178644 0.999778 137.856
0.999946 0.00214622 0.0101714 -0.63814 -0.00233829 0.999819 0.0189092 -1.71284 -0.010129 -0.018932 0.99977 139.076
0.999959 0.000959978 0.00906065 -0.638396 -0.001137 0.999808 0.0195525 -1.7179 -0.00904014 -0.019562 0.999768 140.519
0.999966 -0.000846488 0.00823275 -0.617985 0.000688438 0.999816 0.0191817 -1.72102 -0.00824747 -0.0191753 0.999782 141.822
0.999975 9.40104e-05 0.00708656 -0.604837 -0.000227867 0.999822 0.0188903 -1.73326 -0.00708352 -0.0188914 0.999797 143.236
0.999982 -0.000513179 0.00590492 -0.605987 0.000402966 0.999826 0.0186506 -1.73183 -0.00591346 -0.0186479 0.999809 144.547
0.999984 -0.0022243 0.00514942 -0.608204 0.00213967 0.999864 0.0163812 -1.74044 -0.00518516 -0.01637 0.999853 145.873
0.999964 -0.00718774 0.00456286 -0.596712 0.00711389 0.999847 0.0159997 -1.75151 -0.00467716 -0.0159667 0.999862 147.19
0.999873 -0.0156593 0.00309853 -0.596061 0.0155987 0.999704 0.0186961 -1.75459 -0.00339037 -0.0186454 0.99982 148.599
0.999721 -0.0235848 0.0015423 -0.583632 0.0235482 0.999512 0.0205433 -1.75403 -0.00202606 -0.0205013 0.999788 150.02
0.999649 -0.0264844 -6.58798e-05 -0.573935 0.0264815 0.999496 0.0174874 -1.76601 -0.000397296 -0.017483 0.999847 151.314
0.99968 -0.0252619 0.000925463 -0.589689 0.0252471 0.99959 0.0134931 -1.77657 -0.00126594 -0.0134654 0.999909 152.654
0.999766 -0.0215697 0.00167249 -0.571706 0.0215491 0.999702 0.0114604 -1.786 -0.00191919 -0.0114216 0.999933 154.01
0.999783 -0.0206636 0.00266953 -0.573568 0.0206307 0.999718 0.0117931 -1.80654 -0.00291246 -0.0117355 0.999927 155.202
0.999709 -0.0239779 0.00280084 -0.583566 0.0239328 0.999599 0.0151496 -1.81357 -0.00316297 -0.0150782 0.999881 156.714
0.999521 -0.0307668 0.00344013 -0.581105 0.0306969 0.999352 0.0187997 -1.8217 -0.00401631 -0.0186851 0.999817 158.044
0.999397 -0.0345589 0.00352344 -0.566818 0.0344831 0.999211 0.0196942 -1.82591 -0.00420127 -0.0195608 0.9998 159.368
0.999348 -0.0359427 0.00344235 -0.557521 0.0358656 0.999151 0.0202958 -1.8311 -0.00416891 -0.0201591 0.999788 160.696
0.999386 -0.034766 0.00444954 -0.564831 0.034666 0.999181 0.0208736 -1.82936 -0.00517159 -0.0207065 0.999772 162.114
0.999485 -0.0316437 0.00525791 -0.564502 0.0315317 0.9993 0.0201554 -1.8349 -0.00589202 -0.0199793 0.999783 163.476
0.999631 -0.0263777 0.00651368 -0.568144 0.0262584 0.999497 0.0177764 -1.84262 -0.0069793 -0.0175988 0.999821 164.719
0.999702 -0.0235072 0.00655545 -0.563405 0.0233905 0.999576 0.0173468 -1.84432 -0.00696044 -0.0171883 0.999828 166.168
0.999727 -0.0221817 0.00728176 -0.568074 0.0220423 0.999582 0.0187003 -1.85016 -0.00769352 -0.0185346 0.999799 167.496
0.999759 -0.0205357 0.00780447 -0.571875 0.0203845 0.999612 0.0189802 -1.8555 -0.00819121 -0.0188165 0.999789 168.857
0.999804 -0.0186944 0.00652959 -0.568823 0.0185843 0.999691 0.0165309 -1.86039 -0.00683661 -0.0164063 0.999842 170.343
0.999878 -0.0142329 0.00638511 -0.572119 0.014147 0.999811 0.0133059 -1.87199 -0.00657329 -0.0132139 0.999891 171.683
0.999948 -0.00856336 0.00557888 -0.575719 0.00849561 0.999891 0.012058 -1.8815 -0.00568153 -0.0120099 0.999912 173.078
0.999972 -0.00410969 0.00624295 -0.58459 0.00402454 0.9999 0.0135906 -1.89243 -0.00629818 -0.0135651 0.999888 174.435
0.999976 -0.00239221 0.00654153 -0.586521 0.00229078 0.999878 0.0154701 -1.89758 -0.00657774 -0.0154548 0.999859 175.762
0.999975 -0.00112173 0.00695809 -0.580188 0.000997332 0.99984 0.0178563 -1.90725 -0.00697701 -0.0178489 0.999816 177.241
0.999979 -0.0029043 0.0058307 -0.578473 0.00279125 0.99981 0.0193036 -1.90991 -0.00588566 -0.0192869 0.999797 178.598
0.999967 -0.00677652 0.00454569 -0.57727 0.00668636 0.999786 0.0195644 -1.91028 -0.0046773 -0.0195334 0.999798 179.988
0.999976 -0.00653422 0.00248084 -0.581793 0.00649443 0.999855 0.0157229 -1.9175 -0.00258322 -0.0157064 0.999873 181.302
0.999992 -0.00380478 0.0011614 -0.593671 0.0037916 0.999931 0.0111488 -1.93046 -0.00120374 -0.0111443 0.999937 182.719
1 0.000566676 0.000821422 -0.604194 -0.000575074 0.999947 0.0102607 -1.93888 -0.000815564 -0.0102611 0.999947 184.153
0.999991 0.00428555 0.000649141 -0.61527 -0.00429284 0.999922 0.0116925 -1.95414 -0.000598981 -0.0116952 0.999931 185.483
0.999983 0.00575832 0.00027794 -0.618163 -0.00576184 0.999871 0.0149774 -1.9611 -0.00019166 -0.0149788 0.999888 186.955
0.999984 0.00555058 0.00119039 -0.634884 -0.00557092 0.999826 0.0178231 -1.96537 -0.00109126 -0.0178295 0.999841 188.392
0.999984 0.00560395 0.000909473 -0.634098 -0.00561982 0.999813 0.0184962 -1.97207 -0.000805652 -0.018501 0.999829 189.75
0.999993 0.00376407 0.000632601 -0.644063 -0.00377555 0.999807 0.0192584 -1.97246 -0.000559989 -0.0192606 0.999814 191.268
0.999999 0.000941136 0.00104069 -0.650629 -0.000961794 0.999799 0.0200317 -1.97709 -0.00102162 -0.0200326 0.999799 192.66
0.999999 -0.00121394 0.000991878 -0.650067 0.0011934 0.99979 0.0204481 -1.98126 -0.00101649 -0.0204469 0.99979 194.07
0.99999 -0.00413652 0.0014658 -0.650757 0.00410462 0.999768 0.0211322 -1.98447 -0.00155287 -0.021126 0.999776 195.532
0.999957 -0.00918369 0.00144147 -0.639473 0.00914788 0.99969 0.0231396 -1.97876 -0.00165353 -0.0231254 0.999731 196.923
0.999899 -0.0141426 0.00144321 -0.632611 0.0141052 0.99963 0.0232612 -1.97497 -0.00177164 -0.0232385 0.999729 198.364
0.999936 -0.0111521 0.00186572 -0.63584 0.0111145 0.999757 0.019065 -1.98061 -0.00207788 -0.0190431 0.999817 199.718
0.999989 -0.00399526 0.00241625 -0.652337 0.00396027 0.99989 0.0143165 -1.98536 -0.00247318 -0.0143068 0.999895 201.273
0.999968 0.0071446 0.00363489 -0.667673 -0.00719339 0.999882 0.013592 -1.99563 -0.00353735 -0.0136177 0.999901 202.659
0.999901 0.0132782 0.00465232 -0.68694 -0.0133583 0.999755 0.0176276 -1.99362 -0.00441712 -0.017688 0.999834 204.176
0.99987 0.0149455 0.00597682 -0.689786 -0.0150638 0.999681 0.0202663 -1.99746 -0.00567203 -0.0203537 0.999777 205.682
0.999892 0.0137204 0.00533696 -0.687515 -0.0138278 0.999692 0.020625 -1.99901 -0.00505233 -0.0206965 0.999773 207.131
0.999941 0.0102023 0.00376771 -0.681472 -0.0102787 0.99973 0.020863 -2.0002 -0.00355384 -0.0209005 0.999775 208.587
0.999963 0.00809382 0.00295802 -0.686052 -0.00815265 0.999758 0.0204491 -2.00353 -0.00279179 -0.0204724 0.999787 209.933
0.999955 0.00926527 0.00217809 -0.68631 -0.00930663 0.99976 0.019811 -2.00637 -0.00199401 -0.0198304 0.999801 211.465
0.99995 0.00970535 0.00240744 -0.690354 -0.00975215 0.999747 0.0202578 -2.00518 -0.00221022 -0.0202803 0.999792 212.939
0.999944 0.0103143 0.00239627 -0.689768 -0.0103632 0.999718 0.0213777 -2.00402 -0.00217509 -0.0214014 0.999769 214.339
0.999949 0.0099522 0.00181709 -0.697436 -0.00998873 0.999722 0.0213477 -2.0071 -0.00160413 -0.0213648 0.99977 215.694
0.999945 0.0103361 0.0017973 -0.708352 -0.0103706 0.999739 0.0203656 -2.00697 -0.00158633 -0.0203831 0.999791 217.383
0.999954 0.00944821 0.0013911 -0.712153 -0.00947413 0.999755 0.0199834 -2.00888 -0.00120196 -0.0199956 0.999799 218.803
0.999951 0.00992994 0.000327933 -0.712391 -0.00993454 0.999747 0.0201965 -2.01015 -0.0001273 -0.0201988 0.999796 220.29
0.999949 0.0101332 0.000190981 -0.725178 -0.010135 0.999751 0.0198576 -2.01303 1.02875e-05 -0.0198585 0.999803 221.832
0.999942 0.0107737 -0.000313514 -0.729797 -0.0107655 0.999748 0.0197136 -2.01805 0.000525824 -0.0197091 0.999806 223.226
0.999933 0.0115791 -0.000422542 -0.739472 -0.0115682 0.99973 0.0201435 -2.01474 0.000655671 -0.0201373 0.999797 224.565
0.999939 0.0110075 -0.000741598 -0.748587 -0.0109902 0.999735 0.0202476 -2.0123 0.000964276 -0.0202382 0.999795 226.065
0.999932 0.0116184 -0.00105425 -0.760248 -0.0115953 0.999737 0.0198069 -2.01945 0.0012841 -0.0197934 0.999803 227.59
0.999936 0.0112758 -0.00105561 -0.770006 -0.0112522 0.999733 0.0201985 -2.02228 0.00128308 -0.0201853 0.999795 229.156
0.999947 0.0102376 -0.0012115 -0.770301 -0.0102113 0.999747 0.0200596 -2.02037 0.00141656 -0.0200462 0.999798 230.633
0.999956 0.00930388 -0.00118251 -0.779844 -0.00927779 0.999748 0.0204201 -2.02641 0.0013722 -0.0204082 0.999791 232.188
0.999974 0.00715177 -0.000665373 -0.788415 -0.00713586 0.999744 0.0214496 -2.02383 0.000818605 -0.0214443 0.99977 233.734
0.999969 0.00780201 -0.00101395 -0.793478 -0.00777817 0.999734 0.0217001 -2.02852 0.00118299 -0.0216915 0.999764 235.266
0.999974 0.00714485 -0.000594228 -0.811971 -0.00713029 0.99974 0.0216828 -2.02565 0.000748993 -0.021678 0.999765 236.759
0.999961 0.00883347 -0.000797106 -0.813186 -0.00881494 0.999744 0.0208371 -2.02718 0.000980965 -0.0208292 0.999783 238.272
0.99995 0.0100009 -0.000606621 -0.816317 -0.00998525 0.99971 0.021916 -2.02754 0.000825625 -0.0219088 0.99976 239.76
0.999954 0.00960314 0.000488942 -0.833908 -0.00961213 0.999664 0.02408 -2.02202 -0.000257534 -0.0240836 0.99971 241.359
0.999959 0.00892918 0.00125537 -0.825385 -0.00895759 0.999652 0.0248246 -2.01957 -0.00103327 -0.0248349 0.999691 242.719
0.99995 0.00981224 0.00167887 -0.834721 -0.00984896 0.999676 0.0234783 -2.01634 -0.00144796 -0.0234936 0.999723 244.273
0.999945 0.0102309 0.00237111 -0.846816 -0.0102809 0.999702 0.0221583 -2.01533 -0.0021437 -0.0221815 0.999752 245.775
0.999934 0.0111864 0.0025371 -0.848316 -0.0112412 0.999678 0.0227371 -2.0113 -0.00228193 -0.0227641 0.999738 247.24
0.999936 0.0111159 0.00222631 -0.85191 -0.0111659 0.999653 0.0238659 -2.00872 -0.00196025 -0.0238892 0.999713 248.865
0.999936 0.0109514 0.00285692 -0.852741 -0.0110189 0.999632 0.0248021 -2.00715 -0.00258425 -0.024832 0.999688 250.306
0.999937 0.0110023 0.00220235 -0.851761 -0.0110536 0.99963 0.0248428 -2.002 -0.00192821 -0.0248656 0.999689 251.742
0.999917 0.0127427 0.00187206 -0.854628 -0.0127855 0.999607 0.0249317 -1.99502 -0.00155363 -0.0249536 0.999687 253.365
0.999898 0.014071 0.00231576 -0.867797 -0.0141249 0.999582 0.0252146 -1.99427 -0.00196 -0.0252448 0.999679 254.848
0.999887 0.0147593 0.00271107 -0.865919 -0.0148236 0.999566 0.0254663 -1.9838 -0.00233402 -0.0255036 0.999672 256.427
0.999913 0.0128465 0.00304298 -0.875496 -0.0129209 0.999583 0.0258403 -1.98106 -0.00270976 -0.0258774 0.999661 257.915
0.999931 0.011447 0.00268642 -0.883266 -0.0115151 0.999573 0.0268747 -1.97119 -0.00237764 -0.0269038 0.999635 259.473
0.99996 0.00854877 0.00274851 -0.871051 -0.00862285 0.999566 0.0281794 -1.96695 -0.00250642 -0.0282019 0.999599 261.047
0.999976 0.00668361 0.00178544 -0.888775 -0.00672985 0.999605 0.0272893 -1.95415 -0.00160235 -0.0273006 0.999626 262.602
0.999973 0.00703268 0.00206897 -0.882249 -0.00708392 0.99964 0.0258947 -1.95346 -0.00188612 -0.0259086 0.999663 264.203
0.999986 0.0044223 0.00296754 -0.877061 -0.00450513 0.999583 0.0285128 -1.94163 -0.00284022 -0.0285257 0.999589 265.649
0.999995 0.000238868 0.00331789 -0.8805 -0.000338997 0.999543 0.0302109 -1.92714 -0.00330915 -0.0302118 0.999538 267.264
0.999998 -0.000403164 0.00198499 -0.889132 0.00034364 0.999553 0.0298972 -1.91691 -0.00199615 -0.0298964 0.999551 268.801
0.999996 -0.000531807 0.00285644 -0.880481 0.000449335 0.999585 0.0287955 -1.90906 -0.00287057 -0.0287941 0.999581 270.29
0.99999 3.57146e-05 0.00451123 -0.865148 -0.000165656 0.999585 0.0288071 -1.89435 -0.00450833 -0.0288076 0.999575 271.995
0.99998 0.00199233 0.005962 -0.856356 -0.00216367 0.999581 0.0288704 -1.89049 -0.00590198 -0.0288827 0.999565 273.328
0.999973 0.0034244 0.00650448 -0.868049 -0.00361032 0.999579 0.0287909 -1.87744 -0.00640315 -0.0288136 0.999564 274.969
0.999961 0.00496909 0.00731645 -0.857328 -0.00517515 0.999583 0.02842 -1.8694 -0.00717218 -0.0284567 0.999569 276.584
0.999949 0.00438208 0.00906506 -0.823085 -0.0046408 0.999577 0.0287192 -1.8572 -0.00893537 -0.0287598 0.999546 278.065
0.999943 0.00506676 0.00942127 -0.854328 -0.00532853 0.999595 0.0279713 -1.84893 -0.00927572 -0.0280199 0.999564 279.652
0.999933 0.00464126 0.0106181 -0.796062 -0.00493411 0.999604 0.0277222 -1.84148 -0.0104853 -0.0277727 0.999559 281.135
0.999928 0.00455366 0.0111083 -0.833006 -0.00486204 0.999599 0.0278945 -1.82895 -0.0109768 -0.0279465 0.999549 282.854
0.999916 0.0027854 0.0126514 -0.785823 -0.00315366 0.999569 0.0291823 -1.82377 -0.0125646 -0.0292198 0.999494 284.398
0.999912 0.00161223 0.0131958 -0.787931 -0.00200448 0.999555 0.0297658 -1.80784 -0.0131419 -0.0297896 0.99947 285.937
0.999925 0.00122833 0.0121602 -0.774898 -0.00156249 0.99962 0.0275083 -1.80739 -0.0121217 -0.0275252 0.999548 287.507
0.999924 0.000935842 0.0123233 -0.754544 -0.00124797 0.999678 0.0253448 -1.79862 -0.0122956 -0.0253582 0.999603 289.029
0.999923 0.000175632 0.0124078 -0.736793 -0.000493119 0.999672 0.0255892 -1.78508 -0.0123993 -0.0255934 0.999596 290.654
0.999933 -0.00159088 0.0114583 -0.727011 0.00129719 0.999672 0.0255929 -1.78028 -0.0114953 -0.0255763 0.999607 292.174
0.999941 -0.0015071 0.0107605 -0.711733 0.00123582 0.999682 0.0251733 -1.77079 -0.010795 -0.0251585 0.999625 293.712
0.999946 -0.000846366 0.0103501 -0.673528 0.000589185 0.999692 0.024826 -1.76889 -0.0103679 -0.0248186 0.999638 295.322
0.999951 -0.00102038 0.00983403 -0.665557 0.000764748 0.999663 0.025964 -1.75823 -0.0098572 -0.0259552 0.999615 296.819
0.99996 -0.00170243 0.00881259 -0.669824 0.00147603 0.99967 0.0256333 -1.75312 -0.00885332 -0.0256193 0.999633 298.416
0.999967 -0.000397961 0.00817484 -0.664653 0.000174935 0.999628 0.0272646 -1.74605 -0.00818265 -0.0272622 0.999595 300.072
0.999971 -0.000795763 0.00756525 -0.638683 0.000574362 0.999573 0.0292229 -1.73233 -0.00758527 -0.0292177 0.999544 301.553
0.999958 -0.000783879 0.00910645 -0.60451 0.000523189 0.999591 0.0285942 -1.71995 -0.00912514 -0.0285882 0.99955 303.184
0.999965 0.0011452 0.00824256 -0.638408 -0.00138267 0.999582 0.0288635 -1.70558 -0.00820607 -0.0288739 0.999549 304.739
0.999933 -0.000479909 0.0115405 -0.585958 0.000148076 0.999587 0.0287376 -1.69385 -0.0115495 -0.028734 0.99952 306.333
0.999954 -0.00262021 0.00925291 -0.609289 0.00236277 0.999613 0.0277248 -1.6788 -0.00932198 -0.0277016 0.999573 308.015
0.999939 -0.0039187 0.0103223 -0.57871 0.00364674 0.999649 0.0262352 -1.67207 -0.0104215 -0.026196 0.999603 309.539
0.999927 -0.00466738 0.0111385 -0.561062 0.00438865 0.99968 0.0249181 -1.65993 -0.0112513 -0.0248674 0.999628 311.221
0.999967 -0.00455046 0.00669121 -0.533441 0.00438964 0.999706 0.023856 -1.65236 -0.0067978 -0.0238258 0.999693 312.853
0.999977 -0.00205017 0.00642871 -0.555271 0.00188688 0.999678 0.0253036 -1.65109 -0.00647852 -0.0252909 0.999659 314.36
0.999989 -0.00164633 0.00436431 -0.521813 0.00152193 0.999597 0.0283562 -1.63688 -0.00440923 -0.0283493 0.999588 316.129
0.999975 -0.00316212 0.006363 -0.545942 0.00295729 0.999485 0.0319461 -1.62107 -0.00646074 -0.0319265 0.999469 317.633
0.999968 -0.00425436 0.00682596 -0.507521 0.00402684 0.999447 0.0330055 -1.60572 -0.00696261 -0.0329769 0.999432 319.347
0.999973 -0.00518642 0.00522085 -0.518136 0.0050177 0.999481 0.0318277 -1.58892 -0.00538321 -0.0318007 0.99948 320.908
0.999955 -0.00591977 0.00737873 -0.501741 0.00568496 0.999489 0.0314476 -1.56841 -0.00756112 -0.0314043 0.999478 322.576
0.999949 -0.00632067 0.007897 -0.533421 0.00606562 0.999472 0.0319133 -1.55393 -0.00809454 -0.0318638 0.99946 324.205
0.999957 -0.00639171 0.00667237 -0.500369 0.00617613 0.999474 0.0318442 -1.5429 -0.00687239 -0.0318016 0.999471 325.867
0.999954 -0.00495229 0.00823979 -0.515032 0.00469048 0.999493 0.031496 -1.52507 -0.00839159 -0.0314559 0.99947 327.503
0.999961 -0.00394355 0.00786829 -0.515546 0.00370151 0.999527 0.030543 -1.51413 -0.00798501 -0.0305127 0.999502 329.145
0.99993 -0.00459548 0.0109346 -0.474796 0.00423402 0.999451 0.0328533 -1.5015 -0.0110795 -0.0328046 0.9994 330.804
0.999938 -0.00667027 0.00893021 -0.470045 0.00636155 0.999396 0.0341628 -1.48363 -0.00915269 -0.0341039 0.999376 332.43
0.999931 -0.00565677 0.0103422 -0.478389 0.00531703 0.999455 0.0325873 -1.47135 -0.0105209 -0.0325301 0.999415 334.017
0.999941 -0.00604168 0.00907384 -0.461345 0.0057376 0.999433 0.0331724 -1.45599 -0.00926911 -0.0331184 0.999408 335.74
0.999964 -0.00553219 0.00640921 -0.442622 0.00532437 0.999474 0.0320009 -1.42819 -0.00658287 -0.0319656 0.999467 337.37
0.999954 -0.00114376 0.00949131 -0.428468 0.000874193 0.999598 0.0283573 -1.43071 -0.00951992 -0.0283477 0.999553 338.98
0.999971 -0.000655473 0.00761421 -0.426862 0.000426657 0.999549 0.030014 -1.41385 -0.00763045 -0.0300099 0.999521 340.523
0.999988 -0.000189638 0.00492814 -0.45955 2.82634e-05 0.999464 0.0327248 -1.40247 -0.00493171 -0.0327243 0.999452 342.123
0.999988 0.000151145 0.00493969 -0.430054 -0.000325017 0.99938 0.0352176 -1.3819 -0.0049313 -0.0352187 0.999368 343.752
0.999987 0.00167781 0.00484743 -0.440477 -0.00184639 0.999386 0.0349854 -1.36139 -0.00478575 -0.0349939 0.999376 345.444
0.999995 0.00135287 0.00281925 -0.4571 -0.00144588 0.999446 0.0332532 -1.34405 -0.0027727 -0.0332571 0.999443 346.935
1 -0.000117441 -3.34625e-05 -0.462807 0.000118532 0.999398 0.0347081 -1.32537 2.9366e-05 -0.0347081 0.999398 348.611
0.999998 -0.00195989 0.0008474 -0.490609 0.00192822 0.999354 0.0358839 -1.30951 -0.000917181 -0.0358822 0.999356 350.167
0.999996 -0.00252431 0.00104638 -0.469122 0.00248606 0.999382 0.0350715 -1.28828 -0.00113427 -0.0350688 0.999384 351.892
0.999996 -0.00272993 0.000323065 -0.462498 0.00271727 0.99941 0.0342377 -1.27526 -0.000416341 -0.0342366 0.999414 353.422
0.999995 -0.00317584 -0.000608913 -0.47602 0.00319494 0.999401 0.0344494 -1.24934 0.000499143 -0.0344511 0.999406 355.092
0.999992 -0.00411242 -0.000197098 -0.488458 0.00411677 0.999402 0.0343353 -1.2364 5.57792e-05 -0.0343358 0.99941 356.606
0.999989 -0.00458738 0.000338592 -0.516937 0.00457315 0.999407 0.0341361 -1.21927 -0.000494986 -0.0341342 0.999417 358.173
0.999989 -0.00446726 0.00106216 -0.527137 0.00442909 0.999427 0.0335684 -1.20521 -0.00121151 -0.0335633 0.999436 359.798
0.999988 -0.00488421 0.000250685 -0.511985 0.00487294 0.999416 0.0338255 -1.18909 -0.00041575 -0.0338239 0.999428 361.323
0.999986 -0.00515035 0.00092082 -0.512349 0.00511686 0.999433 0.033283 -1.16835 -0.00109172 -0.0332778 0.999446 362.949
0.999982 -0.00587211 0.00114736 -0.535218 0.0058322 0.999466 0.032142 -1.15521 -0.00133549 -0.0321347 0.999483 364.554
0.999966 -0.00807685 0.00161164 -0.536559 0.00801787 0.999398 0.0337519 -1.13305 -0.00188328 -0.0337378 0.999429 366.106
0.999951 -0.00989165 0.000728173 -0.516144 0.00985985 0.99933 0.0352376 -1.12073 -0.00107624 -0.0352287 0.999379 367.752
0.999945 -0.0100638 0.00302675 -0.574498 0.00995446 0.999365 0.0342091 -1.09639 -0.0033691 -0.0341771 0.99941 369.33
0.999959 -0.00868402 0.00271473 -0.542128 0.00858842 0.999404 0.0334412 -1.07748 -0.00300351 -0.0334165 0.999437 370.898
0.99997 -0.00754313 0.00201772 -0.539826 0.00746897 0.999376 0.0345331 -1.05649 -0.00227695 -0.034517 0.999402 372.542
0.999977 -0.00639265 0.00235834 -0.549759 0.00630501 0.999351 0.0354681 -1.03271 -0.00258354 -0.0354524 0.999368 374.241
0.999981 -0.00593267 0.00174788 -0.562107 0.00586726 0.999359 0.035308 -1.01478 -0.00195623 -0.035297 0.999375 375.807
0.999977 -0.00591419 0.00328789 -0.580769 0.00579732 0.999388 0.0344846 -0.993958 -0.00348983 -0.0344648 0.9994 377.472
0.999976 -0.00575955 0.00379418 -0.608466 0.00562505 0.999387 0.0345537 -0.970572 -0.00399087 -0.0345315 0.999396 379.077
0.99997 -0.00493299 0.00605205 -0.607668 0.00472031 0.999388 0.0346678 -0.951913 -0.00621936 -0.0346382 0.999381 380.59
0.999968 -0.00542322 0.00592821 -0.61728 0.00521191 0.99937 0.0350971 -0.927871 -0.00611481 -0.035065 0.999366 382.267
0.999972 -0.0029993 0.0068781 -0.579843 0.00275077 0.999353 0.0358634 -0.907706 -0.00698122 -0.0358434 0.999333 383.954
0.999973 -0.00223218 0.00701841 -0.574328 0.00198218 0.99937 0.0354268 -0.888801 -0.00709307 -0.0354119 0.999348 385.355
0.999968 -0.00146913 0.00780528 -0.575541 0.00119324 0.999378 0.0352354 -0.863903 -0.0078522 -0.035225 0.999349 386.956
0.999976 -8.34789e-05 0.00690362 -0.585913 -0.000157846 0.999389 0.0349486 -0.846265 -0.00690232 -0.0349488 0.999365 388.77
0.99996 0.000900898 0.00885697 -0.579869 -0.00121964 0.999349 0.0360483 -0.82124 -0.00881873 -0.0360577 0.999311 390.394
0.999971 0.00218997 0.00728915 -0.579134 -0.00245675 0.99932 0.0367945 -0.800069 -0.00720362 -0.0368114 0.999296 391.896
0.999943 0.00380526 0.00992513 -0.543335 -0.0041645 0.999328 0.0364289 -0.776799 -0.00977984 -0.0364682 0.999287 393.63
0.999961 0.00296654 0.0083395 -0.557656 -0.00327311 0.99931 0.036991 -0.751346 -0.00822401 -0.0370169 0.999281 395.153
