1 8.43646e-10 8.78481e-13 0 3.29294e-10 1 1.62786e-10 3.72529e-09 -1.92121e-13 5.46116e-11 1 0
0.999009 -0.000429555 0.044514 0.0471071 0.00054521 0.999997 -0.00258606 -0.0334597 -0.0445128 0.00260777 0.999005 1.00575
0.99606 -0.00461404 0.0885645 0.131943 0.00529461 0.999958 -0.00745114 -0.066115 -0.0885264 0.00789069 0.996043 2.04797
0.99081 -0.00446802 0.135185 0.256991 0.00596158 0.999926 -0.0106455 -0.103494 -0.135128 0.0113536 0.990763 3.0034
0.983358 -0.00338925 0.181647 0.431177 0.00593899 0.999891 -0.0134947 -0.125822 -0.181582 0.0143489 0.983271 4.00875
0.973926 -0.00564091 0.226796 0.651851 0.00897794 0.999866 -0.0136849 -0.166301 -0.226688 0.0153643 0.973846 4.96917
0.962031 -0.00684453 0.272855 0.920503 0.011282 0.999828 -0.0146976 -0.199303 -0.272708 0.0172179 0.961943 5.93075
0.947963 -0.00999757 0.318223 1.23355 0.0162505 0.999723 -0.0170007 -0.234851 -0.317965 0.0212873 0.947863 6.88717
0.933044 -0.0114204 0.359582 1.60159 0.0192533 0.999649 -0.0182095 -0.290352 -0.359248 0.0239134 0.932936 7.81636
0.915631 -0.01196 0.401842 1.98378 0.0213496 0.999594 -0.0188961 -0.311541 -0.401453 0.025881 0.915514 8.68553
0.896001 -0.0126318 0.443872 2.44016 0.0229493 0.999577 -0.0178795 -0.355711 -0.443459 0.0262066 0.895912 9.61975
0.874009 -0.0125439 0.485748 2.92356 0.0234723 0.99959 -0.0164207 -0.398364 -0.485342 0.0257535 0.873945 10.4799
0.849304 -0.0130743 0.527742 3.43155 0.0250303 0.999566 -0.0155184 -0.430717 -0.52731 0.0263893 0.849263 11.3136
0.823886 -0.0136195 0.566592 3.97105 0.026828 0.999528 -0.0149846 -0.46603 -0.566121 0.0275461 0.823862 12.1155
0.79691 -0.0154044 0.603902 4.56336 0.0300069 0.99945 -0.0141031 -0.50929 -0.603353 0.0293601 0.796934 12.8802
0.766045 -0.0153219 0.642604 5.22093 0.0322648 0.999372 -0.0146343 -0.533323 -0.641977 0.031944 0.766058 13.6516
0.736659 -0.0180986 0.676022 5.8575 0.0365781 0.999245 -0.013107 -0.575414 -0.675274 0.034383 0.736765 14.3571
0.705043 -0.0175061 0.708948 6.53664 0.0370948 0.999237 -0.0122163 -0.606483 -0.708194 0.0349113 0.705155 15.0092
0.668714 -0.0170071 0.743325 7.2675 0.0396398 0.999132 -0.012801 -0.632769 -0.742462 0.0380255 0.668808 15.7112
0.634215 -0.0176423 0.772956 7.98353 0.0432368 0.998985 -0.0126748 -0.669028 -0.771947 0.0414587 0.634333 16.2815
0.596323 -0.0163058 0.802579 8.77578 0.0445388 0.998926 -0.0127979 -0.70041 -0.801508 0.0433776 0.596409 16.8792
0.560313 -0.0153412 0.828139 9.53956 0.0474775 0.998779 -0.0136206 -0.736172 -0.826919 0.0469498 0.560357 17.3994
0.5209 -0.0141237 0.853501 10.3358 0.0516921 0.99855 -0.0150242 -0.767992 -0.852051 0.0519454 0.520875 17.896
0.481014 -0.0130007 0.876617 11.2372 0.054796 0.998381 -0.0152609 -0.792222 -0.874999 0.0553758 0.480947 18.3805
0.442902 -0.0148137 0.896448 12.0608 0.0596839 0.998133 -0.0129936 -0.819098 -0.894581 0.0592584 0.442959 18.768
0.406366 -0.0155721 0.913578 12.9509 0.0638043 0.997898 -0.0113712 -0.853708 -0.91148 0.062911 0.406505 19.1607
0.369637 -0.0137436 0.929075 13.8911 0.064886 0.997832 -0.0110546 -0.876735 -0.926908 0.0643702 0.369727 19.5017
0.336902 -0.0140006 0.941436 14.7783 0.0658114 0.997794 -0.00871257 -0.895992 -0.939237 0.0648925 0.33708 19.8123
0.302786 -0.0155014 0.952933 15.7189 0.0686878 0.997623 -0.00559657 -0.916781 -0.95058 0.0671494 0.303131 20.1072
0.269722 -0.0154737 0.962814 16.684 0.069316 0.997589 -0.00338556 -0.940862 -0.96044 0.0676516 0.270144 20.3884
0.237193 -0.0130167 0.971376 17.627 0.0664925 0.997783 -0.00286576 -0.958812 -0.969184 0.065269 0.237533 20.612
0.205683 -0.0111909 0.978555 18.6446 0.0668285 0.997761 -0.00263614 -0.970082 -0.976334 0.0659376 0.205971 20.8463
0.175235 -0.0109139 0.984466 19.6273 0.0686096 0.997643 -0.00115256 -0.986453 -0.982133 0.0677458 0.17557 21.0196
0.144703 -0.01141 0.989409 20.6608 0.0703015 0.997525 0.00122188 -1.00229 -0.986975 0.0693802 0.145147 21.1691
0.112306 -0.0117985 0.993604 21.715 0.0694493 0.997578 0.00399593 -1.01526 -0.991244 0.0685563 0.112853 21.3013
0.0844372 -0.0119021 0.996358 22.7501 0.0699739 0.997531 0.00598612 -1.01937 -0.993969 0.0692136 0.0850615 21.3782
0.0559086 -0.0118565 0.998366 23.8294 0.0726283 0.997329 0.007777 -1.02412 -0.995791 0.0720747 0.0566204 21.4399
0.0316057 -0.0114222 0.999435 24.8896 0.0766132 0.997021 0.00897186 -1.02887 -0.99656 0.0762863 0.0323866 21.4551
0.00863163 -0.0106839 0.999906 25.9845 0.0812849 0.996641 0.00994732 -1.02985 -0.996653 0.0811914 0.00947107 21.4537
-0.0131082 -0.0112616 0.999851 27.1125 0.0863226 0.996191 0.0123521 -1.03455 -0.996181 0.0864716 -0.0120861 21.4452
-0.0291567 -0.0113551 0.999511 28.2463 0.0908712 0.995765 0.0139633 -1.02969 -0.995436 0.0912338 -0.0280013 21.395
-0.0458137 -0.011684 0.998882 29.3833 0.0940108 0.995443 0.0159555 -1.02905 -0.994517 0.0946367 -0.0445065 21.3471
-0.0614037 -0.0121455 0.998039 30.5119 0.0963527 0.995184 0.0180388 -1.02903 -0.993451 0.0972714 -0.0599377 21.2935
-0.0737016 -0.013067 0.997195 31.6578 0.0967411 0.995105 0.0201896 -1.02088 -0.992577 0.0979577 -0.0720767 21.2
-0.0853855 -0.0124704 0.99627 32.7978 0.0965698 0.99511 0.0207324 -1.01505 -0.991657 0.0979799 -0.0837637 21.0881
-0.0969203 -0.0101832 0.99524 33.9778 0.0966803 0.995123 0.0195971 -1.0054 -0.990585 0.0981194 -0.095463 20.9704
-0.107835 -0.00678803 0.994146 35.1504 0.0971903 0.995115 0.0173369 -1.00038 -0.989407 0.0984908 -0.106648 20.8613
-0.117812 -0.00460793 0.993025 36.3594 0.0978168 0.995072 0.0162224 -0.989566 -0.988207 0.0990458 -0.116781 20.7196
-0.124387 -0.00332414 0.992228 37.5721 0.0976089 0.995103 0.0155701 -0.978769 -0.987421 0.098787 -0.123453 20.5549
-0.128824 -0.0021534 0.991665 38.8222 0.0977259 0.995103 0.0148561 -0.967621 -0.98684 0.0988252 -0.127982 20.388
-0.134829 -0.00101686 0.990869 40.117 0.0983199 0.995051 0.0143997 -0.96327 -0.985979 0.0993636 -0.134061 20.2339
-0.138615 0.000612501 0.990346 41.3909 0.0978398 0.995116 0.0130788 -0.954246 -0.985502 0.0987082 -0.137998 20.0581
-0.143495 0.000922561 0.989651 42.7039 0.0979483 0.995103 0.0132744 -0.947902 -0.984792 0.0988394 -0.142883 19.8666
-0.147056 0.000619093 0.989128 43.9996 0.0978322 0.995106 0.0139221 -0.942718 -0.984278 0.0988159 -0.146397 19.6849
-0.149579 -0.00158649 0.988749 45.3654 0.0983927 0.995011 0.0164815 -0.93091 -0.983842 0.0997509 -0.148677 19.4679
-0.151108 -0.00179179 0.988516 46.7088 0.0990525 0.994938 0.0169449 -0.924505 -0.983542 0.100475 -0.150165 19.286
-0.154221 -0.00250694 0.988033 48.1356 0.100213 0.9948 0.0181663 -0.911469 -0.982941 0.101815 -0.153168 19.055
-0.154574 -0.0016635 0.98798 49.548 0.101602 0.99467 0.0175708 -0.892637 -0.982743 0.103096 -0.153581 18.8483
-0.156931 -0.00119622 0.987609 50.9609 0.102014 0.994631 0.0174148 -0.881 -0.982327 0.103483 -0.155967 18.5905
-0.15638 -0.000228793 0.987697 52.3968 0.102705 0.994575 0.0164914 -0.862324 -0.982343 0.10402 -0.155508 18.352
-0.156541 0.000577771 0.987671 53.922 0.102042 0.994658 0.0155912 -0.85988 -0.982386 0.103224 -0.155764 18.1456
-0.156727 0.000281958 0.987642 55.4054 0.102085 0.994648 0.0159157 -0.845741 -0.982352 0.103318 -0.155917 17.8948
-0.153739 6.33873e-06 0.988112 56.877 0.102331 0.994623 0.0159152 -0.834808 -0.982798 0.103562 -0.152913 17.6606
-0.153813 6.49067e-05 0.9881 58.439 0.102447 0.994612 0.0158821 -0.825184 -0.982775 0.103671 -0.152991 17.4176
-0.153098 0.000795564 0.988211 59.9855 0.102995 0.994566 0.0151558 -0.811351 -0.982829 0.104101 -0.152348 17.1657
-0.152734 0.00129417 0.988267 61.5479 0.103736 0.994496 0.0147299 -0.806225 -0.982808 0.104769 -0.152028 16.954
-0.151108 0.0010056 0.988517 63.1806 0.103295 0.994541 0.0147782 -0.791749 -0.983106 0.104342 -0.150387 16.685
-0.151533 -0.00062301 0.988452 64.7666 0.104919 0.99434 0.0167111 -0.786161 -0.982868 0.10624 -0.15061 16.4522
-0.150464 -0.00175512 0.988614 66.4192 0.107964 0.993988 0.0181965 -0.774501 -0.982703 0.109472 -0.14937 16.2196
-0.150991 -0.000963848 0.988535 68.0002 0.109741 0.993802 0.017731 -0.766942 -0.982425 0.11116 -0.149949 15.994
-0.148262 -0.00182221 0.988947 69.7332 0.108064 0.99398 0.0180324 -0.763394 -0.983026 0.109543 -0.147173 15.6954
-0.148999 0.00024729 0.988837 71.3793 0.111055 0.993677 0.0164854 -0.754761 -0.982581 0.112272 -0.148084 15.4925
-0.149227 -0.0015267 0.988802 73.088 0.109975 0.993769 0.0181315 -0.744034 -0.982668 0.111449 -0.14813 15.2066
-0.149069 0.000605461 0.988827 74.7608 0.112552 0.993511 0.0163593 -0.725402 -0.9824 0.113733 -0.14817 14.9639
-0.148623 -0.00267801 0.988891 76.4838 0.111462 0.993579 0.0194426 -0.722015 -0.982592 0.113113 -0.14737 14.6935
-0.147871 -0.00109172 0.989006 78.2335 0.113733 0.993347 0.0181014 -0.707059 -0.982445 0.11516 -0.146763 14.4471
-0.148845 -0.000450667 0.988861 79.964 0.113778 0.993351 0.0175787 -0.696975 -0.982293 0.115127 -0.147804 14.1782
-0.149424 0.000513236 0.988773 81.7377 0.114379 0.993296 0.0167694 -0.688455 -0.982135 0.115601 -0.148481 13.9359
-0.150073 0.00081746 0.988675 83.4799 0.113565 0.993395 0.0164168 -0.680606 -0.982131 0.114742 -0.149174 13.658
-0.151299 0.00155189 0.988487 85.2829 0.112789 0.993495 0.0157038 -0.669895 -0.982032 0.113866 -0.150489 13.3707
-0.153188 0.000201025 0.988197 87.1097 0.111788 0.993584 0.0171271 -0.664879 -0.981854 0.113092 -0.152228 13.102
-0.153226 0.00016063 0.988191 88.9258 0.111944 0.993566 0.0171962 -0.658045 -0.98183 0.113257 -0.152258 12.8165
-0.154026 -0.000195883 0.988067 90.7626 0.110364 0.993739 0.0174012 -0.643419 -0.981884 0.111727 -0.15304 12.5387
-0.156896 -0.000197383 0.987615 92.5907 0.109756 0.993802 0.0176349 -0.631719 -0.981498 0.111164 -0.155902 12.24
-0.157813 0.000877501 0.987469 94.5044 0.108535 0.993956 0.0164623 -0.619931 -0.981486 0.109772 -0.156955 11.9529
-0.161694 0.00141888 0.98684 96.3711 0.109186 0.993885 0.0164612 -0.611288 -0.980782 0.110411 -0.16086 11.6317
-0.166385 0.000798553 0.986061 98.2864 0.107481 0.994056 0.0173311 -0.604413 -0.980186 0.108867 -0.165482 11.3544
-0.171321 0.000673454 0.985215 100.173 0.106426 0.994161 0.017827 -0.591053 -0.97945 0.107906 -0.170393 11.0189
-0.17746 0.000896258 0.984128 102.077 0.104621 0.99435 0.01796 -0.582501 -0.978551 0.106148 -0.176551 10.6857
-0.180587 0.00224646 0.983557 104.015 0.105484 0.994274 0.0170966 -0.580077 -0.977886 0.106837 -0.17979 10.3387
-0.185825 0.00400053 0.982575 105.935 0.105093 0.994336 0.0158269 -0.573457 -0.976946 0.106203 -0.185193 9.97826
-0.191584 0.00442765 0.981466 107.871 0.103964 0.994456 0.0158076 -0.56813 -0.975955 0.105065 -0.190982 9.61294
-0.197279 0.00397727 0.980339 109.805 0.102314 0.994614 0.0165541 -0.561963 -0.974994 0.103569 -0.196623 9.22914
-0.203179 0.00331917 0.979136 111.757 0.100399 0.994794 0.0174614 -0.553335 -0.973981 0.101852 -0.202454 8.8261
-0.208278 0.00262511 0.978066 113.711 0.0997321 0.994841 0.0185677 -0.54424 -0.972972 0.101412 -0.207465 8.42216
-0.213319 0.0026076 0.976979 115.688 0.100023 0.9948 0.0191843 -0.531811 -0.971849 0.101812 -0.212471 7.98445
-0.220183 0.00380761 0.975451 117.644 0.100376 0.994772 0.0187743 -0.527898 -0.97028 0.102046 -0.219414 7.54614
-0.224538 0.00437039 0.974456 119.63 0.1001 0.994803 0.0186038 -0.512581 -0.969311 0.10172 -0.223808 7.10715
-0.23056 0.00458697 0.973048 121.623 0.100558 0.994747 0.0191376 -0.506018 -0.967848 0.10226 -0.22981 6.62563
-0.236804 0.00479683 0.971546 123.603 0.100186 0.994778 0.0195077 -0.495987 -0.966378 0.101954 -0.236048 6.16361
-0.240678 0.00538062 0.97059 125.605 0.0991462 0.99489 0.0190701 -0.485862 -0.965528 0.10082 -0.239982 5.65685
-0.247044 0.00511802 0.968991 127.574 0.0977607 0.995016 0.0196686 -0.472434 -0.96406 0.0995883 -0.246313 5.17253
-0.250839 0.00478236 0.968017 129.617 0.0993052 0.994839 0.0208178 -0.461569 -0.962922 0.101351 -0.25002 4.65123
-0.255449 0.00508132 0.966809 131.588 0.102118 0.994534 0.0217545 -0.449936 -0.961414 0.104286 -0.254572 4.14074
-0.258367 0.00510115 0.966033 133.67 0.102353 0.994502 0.0221231 -0.434558 -0.960609 0.104593 -0.257469 3.5739
-0.263027 0.00594188 0.96477 135.671 0.103578 0.994376 0.0221144 -0.419667 -0.959212 0.105745 -0.262163 3.05185
-0.26543 0.00579571 0.964113 137.686 0.102872 0.994444 0.0223436 -0.399608 -0.958626 0.105111 -0.264551 2.50512
-0.271524 0.00681978 0.962408 139.745 0.102146 0.994531 0.0217711 -0.388719 -0.956996 0.104218 -0.270736 1.95762
-0.275223 0.00526288 0.961366 141.789 0.0997735 0.994742 0.0231179 -0.367894 -0.956189 0.102281 -0.274301 1.3793
-0.280345 0.00656136 0.959877 143.864 0.0993779 0.994802 0.0222246 -0.346266 -0.954741 0.101621 -0.27954 0.78901
-0.285319 0.00649231 0.958411 145.95 0.0992359 0.994803 0.0228037 -0.332711 -0.953281 0.101615 -0.28448 0.182136
-0.288613 0.00718108 0.957419 148.037 0.0988434 0.994852 0.0223345 -0.312128 -0.95233 0.101081 -0.287838 -0.443194
-0.294988 0.00710306 0.955475 150.108 0.0984062 0.994881 0.0229854 -0.298033 -0.95042 0.100805 -0.294177 -1.06495
-0.298422 0.00674629 0.95441 152.184 0.0984702 0.994856 0.0237572 -0.275927 -0.949341 0.101071 -0.297552 -1.6917
-0.303698 0.00662582 0.952746 154.258 0.0988595 0.994797 0.0245942 -0.256875 -0.947626 0.101657 -0.302773 -2.36793
-0.307858 0.00726365 0.951405 156.385 0.099752 0.994706 0.0246837 -0.240127 -0.946189 0.102504 -0.306952 -3.03232
-0.311143 0.00811385 0.950329 158.427 0.0996349 0.994731 0.024128 -0.211642 -0.945126 0.102193 -0.310312 -3.69868
-0.315633 0.00934443 0.948835 160.546 0.100081 0.994702 0.0234962 -0.193355 -0.943589 0.102377 -0.314896 -4.39731
-0.32096 0.0104852 0.947035 162.663 0.100417 0.994679 0.0230196 -0.170372 -0.941754 0.102487 -0.320305 -5.12605
-0.322618 0.0107626 0.946468 164.749 0.0999406 0.994733 0.0227548 -0.15503 -0.941238 0.101932 -0.321994 -5.79655
-0.327319 0.0112047 0.944848 166.882 0.100466 0.994675 0.0230081 -0.131973 -0.939558 0.102456 -0.326701 -6.53129
-0.330042 0.0115335 0.943896 168.989 0.100465 0.994675 0.0229746 -0.113803 -0.938605 0.102411 -0.329443 -7.25406
-0.33393 0.0114277 0.942529 171.102 0.101849 0.99451 0.0240261 -0.0941755 -0.937079 0.104018 -0.333261 -8.00061
-0.33742 0.011607 0.941283 173.319 0.104008 0.994262 0.0250232 -0.0712534 -0.935591 0.106344 -0.336691 -8.77246
-0.34055 0.0113495 0.940158 175.407 0.104804 0.994154 0.0259615 -0.0454482 -0.934367 0.107374 -0.339749 -9.53308
-0.343895 0.0108443 0.938946 177.497 0.104443 0.994171 0.0267708 -0.018287 -0.933182 0.107272 -0.343023 -10.3183
-0.347475 0.0115763 0.937618 179.717 0.103676 0.994267 0.0261459 0.00892681 -0.93194 0.106293 -0.346683 -11.1249
-0.350438 0.0129585 0.936497 181.845 0.102392 0.994441 0.0245547 0.0369937 -0.930972 0.104494 -0.349816 -11.908
-0.352118 0.0140427 0.93585 184.024 0.101517 0.994562 0.0232726 0.0531223 -0.930434 0.103199 -0.351629 -12.7166
-0.357356 0.0150341 0.933848 186.198 0.101034 0.994625 0.02265 0.0811331 -0.928488 0.102444 -0.356954 -13.526
-0.361252 0.015979 0.932331 188.325 0.0994301 0.994813 0.0214766 0.100591 -0.927152 0.10046 -0.360967 -14.3547
-0.362575 0.0162767 0.931813 190.511 0.0998342 0.994772 0.0214698 0.117238 -0.926592 0.100811 -0.362305 -15.2073
-0.366254 0.0158143 0.930381 192.633 0.0998358 0.994752 0.0223929 0.140941 -0.925144 0.101087 -0.365911 -16.0495
-0.36964 0.0147274 0.929058 194.875 0.0997387 0.994726 0.0239142 0.159254 -0.923806 0.101503 -0.36916 -16.9012
-0.372139 0.0144622 0.928064 197.056 0.0997002 0.994716 0.0244774 0.178125 -0.922807 0.101637 -0.371615 -17.7874
-0.376973 0.0147895 0.926106 199.246 0.0987491 0.994815 0.0243092 0.204979 -0.920945 0.100616 -0.376479 -18.6719
-0.380898 0.0153683 0.924489 201.393 0.0980193 0.994899 0.023846 0.225794 -0.919407 0.0997007 -0.380461 -19.5516
-0.384932 0.0156293 0.922813 203.619 0.098138 0.994881 0.0240863 0.246316 -0.917713 0.0998346 -0.384496 -20.4424
-0.387348 0.0162327 0.921791 205.753 0.0989806 0.994798 0.0240745 0.260591 -0.916605 0.100565 -0.38694 -21.354
-0.391034 0.0158577 0.92024 207.997 0.0998735 0.994679 0.0252984 0.281367 -0.914942 0.1018 -0.390537 -22.2797
-0.391038 0.0164278 0.920228 210.17 0.102149 0.994438 0.0256543 0.300152 -0.914688 0.104032 -0.390541 -23.1885
-0.395489 0.0162936 0.918326 212.356 0.102759 0.99435 0.0266122 0.330226 -0.912704 0.104892 -0.394929 -24.1271
-0.398436 0.0169357 0.91704 214.599 0.102646 0.994372 0.0262339 0.350462 -0.911434 0.104583 -0.397932 -25.0945
-0.400136 0.0176804 0.916285 216.716 0.102409 0.994415 0.0255336 0.379969 -0.910716 0.104053 -0.399712 -26.046
-0.403226 0.0185176 0.914913 218.973 0.101993 0.994475 0.0248231 0.399894 -0.909399 0.103324 -0.402887 -27.013
-0.40712 0.0192996 0.913171 221.154 0.101382 0.994554 0.0241797 0.413618 -0.907731 0.102423 -0.406859 -27.994
-0.409869 0.019786 0.91193 223.343 0.100156 0.994696 0.0234335 0.433548 -0.906629 0.10094 -0.409677 -28.9353
-0.412348 0.020385 0.910798 225.492 0.100439 0.994673 0.0232097 0.455606 -0.905473 0.10105 -0.412199 -29.9766
-0.415636 0.0201405 0.909308 227.752 0.102349 0.99444 0.0247567 0.45938 -0.903754 0.103357 -0.415387 -30.9433
-0.417811 0.0189917 0.908336 229.872 0.10245 0.99439 0.0263333 0.489416 -0.902739 0.104061 -0.417413 -31.9418
-0.420818 0.0190929 0.906944 232.145 0.101993 0.994435 0.0263897 0.50851 -0.901393 0.103607 -0.420424 -32.9729
-0.422506 0.0184737 0.906172 234.256 0.100087 0.994629 0.0263889 0.540274 -0.900817 0.101845 -0.422086 -34.0028
-0.427482 0.0181346 0.903842 236.454 0.0989895 0.994726 0.0268601 0.557479 -0.898588 0.100953 -0.427022 -34.98
-0.430759 0.0172039 0.902303 238.667 0.0978214 0.994818 0.0277321 0.589304 -0.89715 0.10021 -0.43021 -36.0522
-0.433443 0.0173869 0.901013 240.805 0.0975092 0.994849 0.0277103 0.609545 -0.89589 0.0998679 -0.432906 -37.0727
-0.438381 0.0166821 0.898635 242.963 0.0968423 0.994884 0.0287738 0.637332 -0.893557 0.0996397 -0.437754 -38.1103
-0.44175 0.015887 0.896998 245.145 0.0954142 0.995004 0.0293665 0.66751 -0.89205 0.098559 -0.441059 -39.2216
-0.445441 0.0162325 0.895164 247.324 0.0950226 0.995046 0.0292404 0.698016 -0.890254 0.0980857 -0.444777 -40.2579
-0.449018 0.0166831 0.893367 249.471 0.0950138 0.995048 0.0291732 0.725488 -0.888457 0.0979815 -0.44838 -41.3154
-0.453148 0.0167251 0.891279 251.655 0.0952919 0.995004 0.0297771 0.749887 -0.886328 0.098425 -0.452477 -42.4271
-0.456729 0.0169548 0.889444 253.757 0.0952776 0.995 0.0299581 0.777843 -0.884489 0.0984269 -0.456061 -43.483
-0.46118 0.0165939 0.887152 255.961 0.0936006 0.995156 0.0300436 0.815385 -0.882356 0.0968934 -0.4605 -44.6237
-0.464035 0.0171577 0.885651 258.06 0.0939542 0.995126 0.0299485 0.85063 -0.88082 0.0971078 -0.463385 -45.707
-0.467883 0.0177577 0.883612 260.206 0.0950271 0.995013 0.0303214 0.887385 -0.878667 0.0981539 -0.467237 -46.833
-0.471754 0.0190423 0.881525 262.381 0.0961571 0.994915 0.0299674 0.920374 -0.876472 0.0989021 -0.471186 -47.9946
-0.474121 0.0205945 0.880219 264.499 0.097901 0.99476 0.0294589 0.952957 -0.875 0.100141 -0.473652 -49.1529
-0.476913 0.0218404 0.878679 266.648 0.0994965 0.994607 0.029281 0.986373 -0.873301 0.10139 -0.476514 -50.2905
-0.480535 0.0232464 0.876668 268.803 0.100875 0.994479 0.028923 1.02443 -0.871155 0.102332 -0.480226 -51.4483
-0.482953 0.0256753 0.87527 270.907 0.102972 0.9943 0.0276504 1.05534 -0.869571 0.103482 -0.482844 -52.6264
-0.487247 0.0265335 0.872861 273.047 0.103881 0.994202 0.0277663 1.09253 -0.867063 0.104203 -0.487179 -53.7856
-0.489859 0.0270466 0.871382 275.161 0.103964 0.994198 0.0275862 1.12707 -0.86558 0.104106 -0.489829 -54.9814
-0.493544 0.027243 0.869294 277.334 0.103124 0.994291 0.0273884 1.17386 -0.863586 0.103162 -0.493536 -56.1987
-0.49875 0.0281446 0.866289 279.513 0.103567 0.994247 0.0273249 1.21241 -0.860536 0.103347 -0.498795 -57.4489
-0.500859 0.0282964 0.865066 281.645 0.103171 0.994291 0.0272109 1.2503 -0.859358 0.102879 -0.500919 -58.6807
-0.503292 0.0285547 0.863645 283.846 0.101771 0.994457 0.0264278 1.2883 -0.858102 0.101195 -0.503408 -59.9414
-0.506872 0.0284572 0.861552 286.037 0.102719 0.994328 0.0275891 1.32874 -0.855879 0.102482 -0.50692 -61.2173
-0.50765 0.0283221 0.861098 288.187 0.10405 0.99416 0.0286427 1.36893 -0.855257 0.104137 -0.507632 -62.5121
-0.511557 0.028163 0.858788 290.324 0.104923 0.994031 0.0299016 1.41052 -0.852819 0.105403 -0.511459 -63.7764
-0.513506 0.0278097 0.857635 292.609 0.104695 0.994038 0.030453 1.45861 -0.851675 0.105428 -0.513356 -65.1249
-0.51576 0.027306 0.856298 294.73 0.104724 0.994006 0.0313798 1.50996 -0.850308 0.10586 -0.515529 -66.377
-0.518775 0.0268922 0.854488 296.983 0.104916 0.993953 0.0324149 1.5644 -0.848449 0.106465 -0.518459 -67.7551
-0.520237 0.0266881 0.853605 299.186 0.105507 0.993863 0.0332289 1.61417 -0.84748 0.107348 -0.51986 -69.0741
-0.521347 0.0276692 0.852896 301.374 0.105282 0.993924 0.0321108 1.66806 -0.846826 0.106535 -0.521092 -70.4214
-0.527637 0.0288016 0.848982 303.64 0.103972 0.9941 0.0308931 1.71375 -0.843083 0.10457 -0.527519 -71.7775
-0.527536 0.0283442 0.84906 305.865 0.102464 0.99427 0.0304712 1.76069 -0.843331 0.103073 -0.527418 -73.1293
-0.532875 0.0262954 0.845785 308.094 0.100105 0.994457 0.0321519 1.81688 -0.840252 0.1018 -0.532554 -74.5268
-0.538364 0.0240345 0.84237 310.374 0.097699 0.994633 0.0340613 1.87138 -0.83703 0.100636 -0.537823 -75.9083
-0.542338 0.0227755 0.839851 312.577 0.0965287 0.994702 0.0353591 1.93256 -0.834597 0.100246 -0.541664 -77.3505
-0.546784 0.0221647 0.83698 314.818 0.0962526 0.994686 0.0365391 1.99852 -0.831723 0.100541 -0.546012 -78.7808
-0.551819 0.0238434 0.833623 317.1 0.098442 0.994465 0.0367202 2.05632 -0.828134 0.102326 -0.551112 -80.2546
-0.555626 0.0244713 0.831072 319.298 0.099285 0.994367 0.0370988 2.12275 -0.825483 0.103126 -0.554926 -81.7183
-0.56001 0.0240318 0.828137 321.577 0.0996673 0.994274 0.038545 2.18309 -0.822469 0.104124 -0.559199 -83.2128
-0.562917 0.0233325 0.826184 323.76 0.0998455 0.994201 0.0399517 2.25272 -0.820461 0.10498 -0.561982 -84.7065
-0.567351 0.0216507 0.823192 325.962 0.0983087 0.994286 0.0416046 2.31656 -0.817587 0.104531 -0.566238 -86.1929
-0.57165 0.0208269 0.820233 328.255 0.0972297 0.994354 0.0425148 2.38874 -0.814716 0.104055 -0.570448 -87.7641
-0.575034 0.0203411 0.817876 330.436 0.0965685 0.99439 0.0431645 2.45605 -0.81241 0.103802 -0.573773 -89.2648
-0.578952 0.0206704 0.8151 332.644 0.0977357 0.99423 0.0442071 2.53201 -0.809483 0.105258 -0.577632 -90.8217
-0.584367 0.0199502 0.811244 334.87 0.0979004 0.994129 0.0460733 2.60141 -0.805562 0.106345 -0.582889 -92.4042
-0.586443 0.0182098 0.809786 337.061 0.0953216 0.994352 0.0466713 2.67947 -0.804362 0.10456 -0.584867 -93.967
-0.591489 0.0174052 0.806125 339.245 0.0951019 0.994295 0.0483125 2.77133 -0.800685 0.10524 -0.58977 -95.5631
-0.59389 0.0169763 0.804367 341.551 0.0956478 0.994177 0.0496376 2.85751 -0.79884 0.106415 -0.592056 -97.2271
-0.596461 0.0152941 0.802496 343.712 0.0928057 0.994427 0.0500267 2.94393 -0.797258 0.104315 -0.594557 -98.8005
-0.599092 0.0142293 0.800554 345.92 0.0887771 0.994858 0.0487531 3.03791 -0.795744 0.100278 -0.597274 -100.447
-0.602523 0.0128484 0.797998 348.069 0.0846311 0.995262 0.0478757 3.12196 -0.793602 0.0963817 -0.600756 -102.032
-0.606359 0.0101708 0.795126 350.09 0.0820419 0.995382 0.0498324 3.20638 -0.790948 0.09545 -0.604393 -103.586
-0.60897 0.00946927 0.793137 352.441 0.0828477 0.995219 0.0517284 3.30719 -0.788855 0.0972106 -0.606843 -105.336
-0.612168 0.00949408 0.790671 354.585 0.0821764 0.995277 0.0516732 3.39909 -0.786446 0.0966071 -0.610057 -106.964
-0.615564 0.00753968 0.788051 356.761 0.0792498 0.995478 0.0523795 3.49272 -0.784092 0.0946958 -0.613378 -108.655
-0.618613 0.00522406 0.785678 358.985 0.0780364 0.995442 0.0548241 3.59979 -0.781811 0.0952264 -0.616201 -110.337
-0.620622 0.00247698 0.784106 361.161 0.0756229 0.995523 0.0567109 3.69732 -0.780455 0.0944925 -0.618031 -112.004
-0.623954 0.00119148 0.78146 363.277 0.0733617 0.995672 0.0570573 3.8135 -0.77801 0.0929304 -0.621341 -113.718
-0.627008 0.000801177 0.779012 365.536 0.0725388 0.995715 0.0573607 3.92207 -0.775628 0.0924743 -0.62438 -115.476
-0.630943 0.00107623 0.775829 367.609 0.0730503 0.995639 0.058027 4.02418 -0.772383 0.0932862 -0.62827 -117.136
-0.633387 -0.000276374 0.773835 369.794 0.0721201 0.995626 0.0593861 4.14045 -0.770467 0.0934234 -0.630597 -118.936
-0.635273 -0.0019199 0.772286 371.824 0.0691808 0.995835 0.0593829 4.24141 -0.769183 0.0911516 -0.632494 -120.561
-0.638576 -0.00545044 0.76954 374.021 0.0597671 0.996603 0.0566544 4.35052 -0.767235 0.0821713 -0.636081 -122.345
-0.641761 -0.00572005 0.766883 376.142 0.0491027 0.997614 0.0485323 4.46334 -0.765331 0.0688022 -0.639949 -124.079
-0.643429 0.00506576 0.765489 378.163 0.0595583 0.997278 0.0434618 4.52042 -0.763186 0.0735558 -0.641979 -125.731
-0.644538 0.00761079 0.764534 380.31 0.0681239 0.996545 0.0475112 4.60008 -0.761531 0.0827058 -0.64283 -127.598
-0.646959 -0.00095486 0.762524 382.405 0.0679238 0.995952 0.0588767 4.70137 -0.759494 0.0898844 -0.644275 -129.342
-0.648904 -0.0111095 0.76079 384.565 0.0619631 0.995801 0.0673918 4.83343 -0.758343 0.0908717 -0.64549 -131.143
-0.651797 -0.0184654 0.758169 386.539 0.054913 0.99593 0.0714648 4.97101 -0.756403 0.0882139 -0.648131 -132.801
-0.655497 -0.0186703 0.754967 388.674 0.0538547 0.995994 0.07139 5.11933 -0.753275 0.0874544 -0.651865 -134.577
-0.658578 -0.0140626 0.752381 390.753 0.0585179 0.995841 0.0698352 5.25622 -0.750234 0.0900197 -0.655016 -136.366
-0.660168 -0.00753516 0.75108 392.788 0.0636628 0.99579 0.0659471 5.37353 -0.748415 0.091352 -0.656909 -138.151
-0.662852 -0.00448741 0.748737 394.892 0.0642107 0.995958 0.0628144 5.4982 -0.745992 0.0897135 -0.659884 -139.973
-0.665414 -0.00422572 0.746463 397.017 0.0647056 0.995894 0.0633178 5.62859 -0.743665 0.0904329 -0.662408 -141.831
-0.668595 -0.00523723 0.743608 398.941 0.064731 0.99577 0.0652143 5.74312 -0.740804 0.0917365 -0.665428 -143.521
-0.670711 -0.00553737 0.741698 400.98 0.0655533 0.995617 0.0667124 5.87345 -0.738816 0.0933655 -0.667408 -145.329
-0.674134 -0.00582053 0.738586 403.092 0.0655193 0.995556 0.0676475 6.01097 -0.735697 0.0939952 -0.670757 -147.219
-0.675121 -0.00547627 0.737687 405.058 0.0657436 0.995547 0.0675583 6.13882 -0.734771 0.0941082 -0.671755 -148.981
-0.67599 -0.00554434 0.73689 407.158 0.0660411 0.995492 0.0680731 6.27593 -0.733946 0.0946817 -0.672576 -150.886
-0.677323 -0.00556391 0.735665 409.111 0.0678651 0.995235 0.0700102 6.40776 -0.732549 0.0973455 -0.673718 -152.695
-0.678091 -0.00665216 0.734948 411.178 0.0694076 0.994911 0.0730431 6.55439 -0.731694 0.100541 -0.674178 -154.569
-0.680081 -0.006306 0.73311 413.207 0.071394 0.994641 0.0747855 6.70128 -0.729652 0.1032 -0.675986 -156.418
-0.681354 -0.00697242 0.731921 415.156 0.0694473 0.994828 0.0741263 6.84208 -0.728652 0.101336 -0.677346 -158.191
-0.682986 -0.00683269 0.7304 417.197 0.0658038 0.995315 0.0708431 6.99364 -0.727461 0.0964479 -0.679336 -160.052
-0.683453 -0.00747221 0.729957 419.174 0.0626993 0.995652 0.0688968 7.12665 -0.727297 0.0928555 -0.680012 -161.865
-0.68599 -0.00815105 0.727566 421.149 0.0624854 0.995583 0.0700684 7.27108 -0.724923 0.0935284 -0.68245 -163.715
-0.686286 -0.0100126 0.727263 423.157 0.0602878 0.995681 0.0705989 7.40946 -0.724829 0.0922961 -0.682718 -165.568
-0.687844 -0.0108969 0.725777 425.136 0.0575086 0.995926 0.0694558 7.54624 -0.723577 0.0895132 -0.684415 -167.423
-0.689098 -0.0116616 0.724574 427.098 0.0566786 0.99594 0.0699327 7.68293 -0.722448 0.0892583 -0.68564 -169.247
-0.689332 -0.0128484 0.724332 429.046 0.0571083 0.995768 0.072012 7.82031 -0.722191 0.0910055 -0.685681 -171.09
-0.690555 -0.0140632 0.723143 431.096 0.0589573 0.995389 0.0756581 7.97382 -0.720873 0.0948807 -0.686542 -173.035
-0.688621 -0.0148802 0.724969 433.048 0.0638389 0.994663 0.0810541 8.13369 -0.722306 0.102097 -0.683996 -174.851
-0.687693 -0.0161152 0.725823 434.982 0.0676374 0.993983 0.0861533 8.3065 -0.722845 0.10834 -0.682465 -176.695
-0.687068 -0.0189956 0.726345 436.938 0.0623941 0.994423 0.0850266 8.48437 -0.723909 0.103739 -0.682051 -178.527
-0.685382 -0.0208041 0.727886 438.915 0.054113 0.995373 0.0794025 8.65688 -0.72617 0.0938092 -0.681085 -180.363
-0.683628 -0.0229624 0.72947 440.851 0.0489665 0.99581 0.0772355 8.81699 -0.728186 0.0885199 -0.679639 -182.149
-0.681447 -0.0226773 0.731516 442.944 0.0483943 0.995936 0.0759564 8.97724 -0.730266 0.0871615 -0.67758 -184.067
-0.678271 -0.0235715 0.734434 444.835 0.048742 0.995841 0.076976 9.12593 -0.733193 0.0880083 -0.674301 -185.81
-0.676388 -0.0226076 0.736198 446.842 0.0503647 0.99577 0.0768517 9.28819 -0.734821 0.08906 -0.672388 -187.662
-0.674576 -0.0233521 0.737836 448.872 0.0473714 0.99607 0.074835 9.44233 -0.736684 0.0854342 -0.670819 -189.466
-0.673032 -0.0273169 0.739109 450.852 0.0413293 0.996367 0.0744593 9.59536 -0.738458 0.0806603 -0.669458 -191.264
-0.671996 -0.0327641 0.73983 452.908 0.0342062 0.996581 0.0752046 9.75344 -0.739764 0.075844 -0.668578 -193.087
-0.67066 -0.0373658 0.740824 454.949 0.0265132 0.996885 0.0742831 9.90874 -0.741291 0.0694603 -0.66758 -194.905
-0.671184 -0.0387355 0.740279 456.814 0.0233656 0.997032 0.073355 10.0429 -0.740923 0.0665317 -0.668287 -196.582
-0.670204 -0.038494 0.741178 458.879 0.0261889 0.996806 0.0754515 10.1987 -0.741714 0.0699785 -0.667055 -198.429
-0.668526 -0.0394281 0.742643 460.856 0.0278702 0.996564 0.0779978 10.3456 -0.743166 0.0728411 -0.66513 -200.212
-0.667358 -0.0405582 0.743632 462.767 0.0282894 0.996415 0.0797331 10.5112 -0.744199 0.0742474 -0.663818 -201.91
-0.665111 -0.0423325 0.745544 464.88 0.0245358 0.996614 0.0784773 10.6771 -0.746341 0.0704886 -0.661821 -203.791
-0.664882 -0.0414903 0.745795 466.767 0.0232325 0.996824 0.0761675 10.8232 -0.746587 0.0679691 -0.661807 -205.441
-0.665432 -0.0410255 0.74533 468.809 0.0225362 0.996929 0.0749947 10.9782 -0.746118 0.0667008 -0.662464 -207.235
-0.662533 -0.0393044 0.748001 470.845 0.027054 0.996715 0.0763361 11.1339 -0.748544 0.0708116 -0.659293 -209.03
-0.66201 -0.0402741 0.748412 472.843 0.0276606 0.996562 0.0780949 11.2895 -0.748984 0.0724012 -0.65862 -210.788
-0.662175 -0.0402934 0.748266 474.785 0.0280577 0.99652 0.0784912 11.4431 -0.748824 0.0729695 -0.65874 -212.489
-0.659518 -0.0408731 0.750577 476.853 0.0275908 0.996531 0.0785102 11.607 -0.751183 0.0724879 -0.656102 -214.277
-0.659 -0.0416253 0.750991 478.82 0.0279388 0.996424 0.0797455 11.7658 -0.751624 0.0735341 -0.65548 -216.004
-0.659353 -0.0426547 0.750623 480.858 0.027428 0.99636 0.0807119 11.9342 -0.751333 0.0738057 -0.655783 -217.814
-0.65748 -0.0421894 0.75229 482.878 0.0272102 0.99645 0.0796631 12.0964 -0.752981 0.0728468 -0.653998 -219.507
-0.657289 -0.0410845 0.752518 484.838 0.0271723 0.996572 0.0781426 12.2539 -0.753149 0.0718099 -0.653919 -221.219
-0.656932 -0.0424178 0.752756 486.938 0.0264572 0.996504 0.0792424 12.4131 -0.753485 0.0719728 -0.653514 -223.005
-0.656451 -0.0432686 0.753127 488.915 0.0269796 0.996368 0.0807596 12.5773 -0.753886 0.0733337 -0.6529 -224.731
-0.65607 -0.0446701 0.753377 490.927 0.0254318 0.996371 0.0812249 12.7436 -0.754272 0.0724489 -0.652553 -226.463
-0.656232 -0.0459117 0.753162 493.032 0.0238609 0.996385 0.0815283 12.9129 -0.754182 0.0714726 -0.652764 -228.25
-0.656949 -0.0448896 0.752597 495.059 0.0250179 0.996378 0.0812686 13.0844 -0.75352 0.0722177 -0.653447 -229.987
-0.658202 -0.0450603 0.751491 497.011 0.0247006 0.996377 0.0813783 13.2408 -0.752436 0.0721257 -0.654705 -231.693
-0.657678 -0.0463923 0.751869 499.143 0.0244061 0.996266 0.0828208 13.4203 -0.752904 0.0728196 -0.65409 -233.529
-0.658242 -0.0482096 0.751261 501.21 0.0234652 0.996149 0.0844843 13.6015 -0.75244 0.0732397 -0.654576 -235.337
-0.658651 -0.0487453 0.750868 503.217 0.0233763 0.996092 0.0851702 13.7747 -0.752085 0.07365 -0.654938 -237.078
-0.658477 -0.0491354 0.750995 505.285 0.0218349 0.996199 0.0843233 13.953 -0.752284 0.0719228 -0.654901 -238.845
-0.657342 -0.0478119 0.752074 507.283 0.0231364 0.996235 0.0835561 14.1244 -0.753237 0.0723252 -0.653761 -240.552
-0.65803 -0.0481918 0.751448 509.326 0.0230734 0.996191 0.0840927 14.3064 -0.752638 0.072674 -0.654411 -242.346
-0.657192 -0.048156 0.752183 511.309 0.0236842 0.996145 0.0844679 14.4744 -0.753351 0.0733265 -0.653518 -244.026
-0.657908 -0.048637 0.751526 513.34 0.023009 0.996148 0.0846111 14.6501 -0.752747 0.0729582 -0.654255 -245.825
-0.656764 -0.0485776 0.75253 515.4 0.0223172 0.996234 0.0837864 14.8242 -0.753766 0.0718223 -0.653206 -247.565
-0.655712 -0.0488151 0.753432 517.389 0.0227887 0.996173 0.0843755 14.9996 -0.754667 0.0724957 -0.65209 -249.308
-0.657277 -0.050601 0.751949 519.401 0.021646 0.996064 0.0859491 15.1759 -0.753338 0.0727691 -0.653595 -251.053
-0.656774 -0.0519825 0.752294 521.397 0.0214967 0.995925 0.0875844 15.3554 -0.753781 0.0736949 -0.65298 -252.784
-0.655944 -0.0509521 0.753088 523.417 0.0229619 0.99591 0.0873809 15.5414 -0.75446 0.0746094 -0.652092 -254.512
-0.656388 -0.0501987 0.752752 525.461 0.0234909 0.99594 0.0868999 15.7227 -0.754058 0.0747228 -0.652544 -256.284
-0.656851 -0.050707 0.752313 527.389 0.0236813 0.995857 0.0877986 15.9007 -0.753648 0.0754864 -0.652929 -257.962
-0.655803 -0.0510539 0.753204 529.432 0.0239521 0.995801 0.0883525 16.0897 -0.754552 0.0759827 -0.651827 -259.741
-0.656804 -0.0518558 0.752276 531.503 0.0225546 0.995835 0.088337 16.2784 -0.753724 0.0749874 -0.652899 -261.51
-0.657238 -0.0519252 0.751893 533.475 0.0222456 0.995853 0.0882181 16.4605 -0.753355 0.0747066 -0.653357 -263.21
-0.656018 -0.0532176 0.752867 535.507 0.0217899 0.99576 0.0893737 16.6437 -0.754431 0.0750356 -0.652077 -264.956
-0.65752 -0.0547719 0.751444 537.544 0.0211021 0.995624 0.0910344 16.8394 -0.753142 0.075714 -0.653487 -266.73
-0.656049 -0.0552396 0.752694 539.586 0.0219924 0.995495 0.0922273 17.0398 -0.754398 0.0770592 -0.651879 -268.473
-0.658339 -0.0549416 0.750714 541.575 0.0200746 0.995696 0.0904753 17.2325 -0.752454 0.0746337 -0.654403 -270.228
-0.656488 -0.0530339 0.75247 543.611 0.0199403 0.995957 0.0875916 17.4168 -0.754073 0.0725074 -0.652776 -271.928
-0.656497 -0.0536446 0.752419 545.633 0.0185157 0.996022 0.0871677 17.5994 -0.754102 0.0711569 -0.652892 -273.721
-0.658411 -0.0541452 0.750709 547.658 0.0210802 0.995691 0.090303 17.7893 -0.752364 0.0752816 -0.654432 -275.429
-0.657204 -0.0553007 0.751681 549.612 0.0211643 0.995558 0.0917466 17.9788 -0.753416 0.076205 -0.653114 -277.164
-0.657355 -0.0551935 0.751557 551.709 0.0217364 0.995511 0.092121 18.1763 -0.753268 0.0768924 -0.653204 -278.933
-0.65817 -0.0532367 0.750985 553.654 0.0232608 0.995583 0.0909619 18.3709 -0.75251 0.0773368 -0.654024 -280.6
-0.657744 -0.0541221 0.751295 555.705 0.0224938 0.995559 0.0914115 18.5682 -0.752906 0.0770249 -0.653606 -282.4
-0.658629 -0.0533968 0.750571 557.703 0.0236486 0.995517 0.0915745 18.7564 -0.752096 0.0780636 -0.654414 -284.117
-0.658044 -0.0546725 0.750992 559.727 0.0240259 0.995328 0.0935126 18.9592 -0.752596 0.0795786 -0.653656 -285.882
-0.658461 -0.0544361 0.750644 561.755 0.0250114 0.995247 0.0941144 19.1581 -0.752199 0.0807453 -0.65397 -287.637
-0.657761 -0.0546579 0.751241 563.675 0.0246585 0.995267 0.0940025 19.3481 -0.752823 0.0803556 -0.653299 -289.32
-0.657569 -0.0559048 0.751317 565.739 0.0237906 0.995205 0.0948743 19.5519 -0.753018 0.0802607 -0.653086 -291.094
-0.656588 -0.0555904 0.752198 567.743 0.0256576 0.995057 0.0959349 19.7509 -0.753813 0.0822893 -0.651916 -292.813
-0.657757 -0.0575466 0.751029 569.738 0.0231709 0.99506 0.0965384 19.96 -0.752874 0.0809008 -0.653174 -294.588
-0.657433 -0.0585771 0.751233 571.767 0.0227527 0.994976 0.0974946 20.1692 -0.753169 0.0811887 -0.652797 -296.329
-0.653647 -0.0582136 0.754557 573.546 0.0225889 0.995092 0.0963386 20.3561 -0.756462 0.0800161 -0.649124 -297.915
-0.652529 -0.0570043 0.755617 575.593 0.0241361 0.995097 0.0959142 20.5713 -0.75738 0.0808244 -0.647954 -299.662
-0.654349 -0.0564315 0.754084 577.762 0.0242996 0.995127 0.0955556 20.7765 -0.755802 0.0808506 -0.64979 -301.486
-0.653385 -0.05667 0.754902 579.714 0.0254024 0.994991 0.0966798 20.9768 -0.756599 0.0823455 -0.648673 -303.145
-0.653841 -0.0577207 0.754427 581.793 0.0253952 0.99485 0.0981246 21.1901 -0.756206 0.0833167 -0.649008 -304.941
-0.652237 -0.0572571 0.75585 583.749 0.0256247 0.994908 0.0974783 21.385 -0.757582 0.0829474 -0.647449 -306.604
-0.65128 -0.0575263 0.756654 585.795 0.0248478 0.994971 0.0970322 21.5993 -0.758431 0.0819963 -0.646575 -308.361
-0.652971 -0.0575268 0.755195 587.906 0.0246685 0.994967 0.0971207 21.8146 -0.756981 0.0820465 -0.648265 -310.122
-0.650842 -0.0584137 0.756963 589.823 0.0242286 0.99493 0.0976091 22.0133 -0.758827 0.0818682 -0.646127 -311.763
-0.650131 -0.0594435 0.757493 591.85 0.0232293 0.994914 0.0980118 22.2238 -0.759467 0.0813166 -0.645444 -313.544
-0.650174 -0.060673 0.757359 593.927 0.0218193 0.994904 0.0984342 22.4375 -0.759472 0.0805243 -0.645537 -315.254
-0.647871 -0.0616019 0.759255 595.802 0.0205242 0.994951 0.0982384 22.6372 -0.761473 0.079229 -0.643336 -316.86
-0.648902 -0.0608768 0.758433 597.846 0.0200786 0.995077 0.0970503 22.8528 -0.760607 0.0782044 -0.644485 -318.62
-0.648092 -0.0612035 0.759099 599.832 0.0206137 0.99499 0.0978219 23.05 -0.761283 0.0790454 -0.643583 -320.252
-0.650456 -0.062631 0.756957 601.945 0.0202325 0.994812 0.0996971 23.2728 -0.759274 0.0801637 -0.645814 -322.053
-0.65047 -0.0633701 0.756884 603.997 0.0198767 0.994752 0.100368 23.496 -0.759272 0.0803306 -0.645796 -323.813
-0.648868 -0.0629948 0.758289 605.893 0.0192149 0.994893 0.0990928 23.6976 -0.760658 0.0788686 -0.644344 -325.395
-0.6493 -0.0619077 0.758009 607.957 0.0190825 0.995042 0.0976123 23.9165 -0.760293 0.0778444 -0.644899 -327.162
-0.647552 -0.0609678 0.759578 609.851 0.0191532 0.995177 0.0962066 24.1081 -0.76178 0.0768472 -0.643261 -328.781
-0.648828 -0.0599903 0.758566 612.012 0.0204688 0.995151 0.096208 24.3295 -0.760659 0.0779494 -0.644454 -330.545
-0.647472 -0.0611784 0.759629 613.961 0.0206362 0.995 0.0977237 24.5344 -0.76181 0.0789493 -0.642972 -332.256
-0.646449 -0.0618294 0.760448 615.948 0.0208266 0.99491 0.0985971 24.7361 -0.762673 0.0795755 -0.64187 -333.957
-0.646095 -0.0621409 0.760723 617.873 0.02137 0.994817 0.0994132 24.9423 -0.762958 0.080487 -0.641418 -335.58
-0.645867 -0.0620533 0.760924 620.024 0.0212137 0.994848 0.0991359 25.162 -0.763155 0.0801707 -0.641223 -337.324
-0.646815 -0.0626209 0.760072 622.049 0.0199717 0.994891 0.0989629 25.3785 -0.762385 0.0791906 -0.64226 -339.079
-0.645097 -0.0625829 0.761534 623.973 0.0203437 0.99488 0.0989925 25.5756 -0.76383 0.0793522 -0.640521 -340.678
-0.646237 -0.0631904 0.760516 626.141 0.0202195 0.994798 0.0998379 25.8086 -0.762869 0.0798962 -0.641598 -342.485
-0.644912 -0.0638083 0.761589 628.095 0.0196986 0.99479 0.100027 26.0072 -0.764003 0.079511 -0.640294 -344.135
-0.642158 -0.0642422 0.763876 630.051 0.0197996 0.99476 0.100304 26.221 -0.766316 0.0795357 -0.637521 -345.773
-0.643352 -0.0632517 0.762953 632.174 0.0197326 0.99488 0.0991187 26.4405 -0.765316 0.0788232 -0.63881 -347.548
-0.641408 -0.0637196 0.764549 634.084 0.0197109 0.994847 0.0994494 26.6379 -0.766947 0.0788576 -0.636847 -349.125
-0.641922 -0.064332 0.764066 636.261 0.0201905 0.994711 0.100714 26.8674 -0.766504 0.0800777 -0.637228 -350.929
-0.640987 -0.0643113 0.764853 638.267 0.0209351 0.994648 0.101178 27.0799 -0.767266 0.080866 -0.63621 -352.574
-0.639907 -0.0634279 0.765831 640.237 0.0214679 0.994723 0.100323 27.2932 -0.768153 0.0806383 -0.635168 -354.208
-0.639708 -0.0625572 0.766068 642.333 0.0210233 0.994886 0.098798 27.5058 -0.768331 0.0793072 -0.635121 -355.94
-0.638892 -0.063042 0.766709 644.352 0.0209036 0.994846 0.0992191 27.7147 -0.769012 0.0794173 -0.634282 -357.613
-0.63778 -0.0629824 0.767639 646.364 0.0227225 0.994679 0.100489 27.92 -0.769883 0.0815326 -0.632955 -359.245
-0.637542 -0.0643591 0.767723 648.443 0.0222301 0.994553 0.101835 28.1413 -0.770095 0.0819907 -0.632639 -360.964
-0.637734 -0.0646448 0.767539 650.505 0.0216389 0.994575 0.101746 28.3556 -0.769952 0.0814957 -0.632876 -362.66
-0.636917 -0.0654582 0.768149 652.567 0.0211245 0.994533 0.102265 28.58 -0.770643 0.0813612 -0.632052 -364.331
-0.636509 -0.0648598 0.768538 654.63 0.0217706 0.99455 0.101964 28.7993 -0.770962 0.0816328 -0.631628 -366.009
