1 -4.1311e-11 -1.35993e-10 -4.65661e-10 -4.12612e-11 1 -1.70424e-11 0 -2.56277e-11 -1.70424e-11 1 -2.98023e-08
0.999996 0.00264346 0.000633637 -0.0142831 -0.00264437 0.999996 0.00143997 -0.0307954 -0.000629828 -0.00144164 0.999999 0.763407
0.999986 0.00518535 0.00138782 -0.0262344 -0.00518865 0.999984 0.00238484 -0.0546382 -0.00137543 -0.002392 0.999996 1.53391
0.99998 0.00605579 0.00186167 -0.0334039 -0.00605893 0.99998 0.0016833 -0.0764502 -0.00185144 -0.00169454 0.999997 2.29454
0.999964 0.00837631 0.00141098 -0.0329106 -0.00837858 0.999964 0.00161454 -0.095512 -0.00139741 -0.0016263 0.999998 3.01274
0.999963 0.00828336 0.00214043 -0.0335902 -0.00828632 0.999965 0.00137764 -0.115762 -0.00212895 -0.00139532 0.999997 3.73049
0.999963 0.00809771 0.00297476 -0.0409508 -0.00810424 0.999965 0.00218966 -0.136149 -0.00295693 -0.00221369 0.999993 4.4362
0.999953 0.0092505 0.00299002 -0.0515072 -0.00926535 0.999945 0.00499095 -0.151596 -0.00294369 -0.00501842 0.999983 5.11116
0.999956 0.00810978 0.00473124 -0.0465683 -0.0081524 0.999926 0.00906021 -0.164991 -0.00465741 -0.00909838 0.999948 5.76512
0.999953 0.00743418 0.00618333 -0.0462772 -0.00751224 0.999891 0.0126982 -0.180229 -0.00608825 -0.012744 0.9999 6.40142
0.999954 0.00651168 0.00700978 -0.051275 -0.00661484 0.999869 0.0147946 -0.196023 -0.00691253 -0.0148403 0.999866 7.0252
0.999945 0.00634122 0.00834905 -0.0476142 -0.00646361 0.999871 0.0147149 -0.2073 -0.00825466 -0.0147681 0.999857 7.58264
0.999925 0.00766333 0.0095962 -0.0449181 -0.0077845 0.99989 0.0126534 -0.220293 -0.00949818 -0.0127272 0.999874 8.14363
0.999922 0.00740442 0.010109 -0.0439364 -0.00750264 0.999925 0.0097138 -0.230584 -0.0100363 -0.00978888 0.999902 8.66219
0.999913 0.00575194 0.01189 -0.0416196 -0.00584632 0.999952 0.00791894 -0.235787 -0.0118439 -0.00798776 0.999898 9.15393
0.999908 0.00199417 0.0134474 -0.023319 -0.00207531 0.99998 0.00602231 -0.249442 -0.0134352 -0.00604966 0.999891 9.61143
0.99988 -0.000200186 0.0154735 -0.0134195 0.000129185 0.99999 0.00458946 -0.265612 -0.0154743 -0.00458691 0.99987 10.0509
0.999839 0.00411859 0.0174776 -0.0104323 -0.00417072 0.999987 0.00294673 -0.27592 -0.0174652 -0.00301915 0.999843 10.4729
0.999762 0.00766157 0.020436 -0.00748682 -0.00770085 0.999969 0.001844 -0.285832 -0.0204212 -0.00200094 0.999789 10.855
0.99968 0.00881861 0.0237058 -0.0113525 -0.00888354 0.999957 0.00263505 -0.291827 -0.0236815 -0.0028448 0.999716 11.1978
0.999641 0.00488313 0.0263482 0.018227 -0.00497676 0.999982 0.00348909 -0.303542 -0.0263307 -0.00361896 0.999647 11.5341
0.999583 -0.000397814 0.0288857 0.0311339 0.000301103 0.999994 0.00335239 -0.310961 -0.0288868 -0.0033423 0.999577 11.8049
0.999506 -0.00364386 0.0312071 0.0365478 0.00349455 0.999982 0.00483758 -0.319668 -0.0312242 -0.00472613 0.999501 12.0591
0.999424 -0.0053485 0.0335219 0.0563206 0.0051596 0.99997 0.00571905 -0.326787 -0.0335515 -0.0055428 0.999422 12.2955
0.99934 -0.00382959 0.0361136 0.0610812 0.00365752 0.999982 0.00482962 -0.332142 -0.0361314 -0.00469435 0.999336 12.4887
0.999288 -0.00270377 0.0376239 0.0748608 0.0025739 0.999991 0.0034996 -0.33903 -0.037633 -0.00340027 0.999286 12.6846
0.999207 -0.000686299 0.0398226 0.0765384 0.000583572 0.999996 0.00259117 -0.345278 -0.0398243 -0.00256587 0.999203 12.8508
0.999127 0.00217229 0.0417146 0.076551 -0.00225266 0.999996 0.00187973 -0.352979 -0.0417103 -0.00197206 0.999128 13.0151
0.999073 0.00289241 0.0429446 0.0815616 -0.00291883 0.999996 0.000552649 -0.360546 -0.0429428 -0.000677485 0.999077 13.1756
0.998997 0.00274543 0.0446936 0.084639 -0.00269671 0.999996 -0.00115018 -0.366177 -0.0446966 0.0010285 0.999 13.319
0.998936 0.0016666 0.0460956 0.0862817 -0.00154473 0.999995 -0.00267926 -0.371512 -0.0460999 0.00260521 0.998933 13.4683
0.998869 0.000488792 0.0475507 0.106601 -0.000323294 0.999994 -0.00348809 -0.376459 -0.0475521 0.00346877 0.998863 13.6018
0.998813 0.00121848 0.0486905 0.109905 -0.000981916 0.999988 -0.00488208 -0.380081 -0.0486959 0.00482848 0.998802 13.7313
0.998751 0.00195387 0.0499341 0.106813 -0.00159984 0.999973 -0.00712889 -0.383775 -0.0499467 0.0070401 0.998727 13.8589
0.998728 0.00231892 0.0503796 0.124681 -0.00186462 0.999957 -0.00906261 -0.388448 -0.0503985 0.00895714 0.998689 13.9829
0.998677 0.00157921 0.051401 0.122082 -0.000991818 0.999934 -0.0114512 -0.392465 -0.0514157 0.0113851 0.998612 14.1109
0.998706 0.000395828 0.050862 0.130596 0.000283954 0.999911 -0.0133573 -0.398854 -0.0508628 0.0133544 0.998616 14.2343
0.99882 0.00017722 0.0485624 0.147743 0.00053483 0.999893 -0.0146491 -0.402865 -0.0485598 0.0146578 0.998713 14.3499
0.998975 -0.000224881 0.0452649 0.153875 0.000930447 0.999878 -0.015567 -0.40513 -0.0452559 0.0155932 0.998854 14.4707
0.999133 0.000875131 0.0416178 0.148109 -0.000179412 0.99986 -0.0167176 -0.410863 -0.0416266 0.0166957 0.998994 14.6076
0.999351 0.00129801 0.0360043 0.141345 -0.000657823 0.999842 -0.0177869 -0.413874 -0.0360217 0.0177517 0.999193 14.7292
0.99957 0.0007981 0.0293032 0.152026 -0.000251559 0.999826 -0.0186502 -0.417973 -0.0293129 0.0186348 0.999397 14.8395
0.999751 0.00126254 0.0222785 0.141854 -0.000836251 0.999817 -0.0191335 -0.421222 -0.0222986 0.0191101 0.999569 14.9705
0.999903 0.000777125 0.0139399 0.137782 -0.000493391 0.999793 -0.0203459 -0.422881 -0.0139528 0.0203371 0.999696 15.1072
0.999993 0.000134379 0.00373851 0.124967 -5.30522e-05 0.999764 -0.0217451 -0.427725 -0.00374054 0.0217448 0.999757 15.2464
0.999957 -0.0016024 -0.00912481 0.119239 0.00139037 0.99973 -0.0231958 -0.431408 0.00915951 0.0231821 0.999689 15.3979
0.999679 -0.0024291 -0.025211 0.102698 0.00179819 0.999685 -0.0250175 -0.437028 0.0252638 0.0249642 0.999369 15.544
0.999001 -0.0013122 -0.0446778 0.0716877 0.000151007 0.999662 -0.0259839 -0.442087 0.0446968 0.0259512 0.998663 15.7123
0.997795 -0.000710863 -0.0663739 0.0464181 -0.000989682 0.999672 -0.0255843 -0.447761 0.0663703 0.0255936 0.997467 15.9098
0.995965 -0.000426715 -0.0897439 -0.00508692 -0.00176034 0.999703 -0.0242894 -0.453416 0.0897276 0.0243494 0.995669 16.1043
0.993176 0.000886228 -0.116623 -0.0520878 -0.00356457 0.999735 -0.0227593 -0.463197 0.116572 0.0230197 0.992916 16.3374
0.989218 0.00179736 -0.146442 -0.125168 -0.00488078 0.999774 -0.0206989 -0.468159 0.146372 0.0211904 0.989003 16.5606
0.983715 0.00247793 -0.179718 -0.198846 -0.00563537 0.999839 -0.0170605 -0.478168 0.179647 0.0177954 0.98357 16.8228
0.976332 0.00351229 -0.216249 -0.292013 -0.00648049 0.999894 -0.0130183 -0.483368 0.216181 0.0141115 0.976251 17.0767
0.966674 0.00493801 -0.255963 -0.402438 -0.00712487 0.999946 -0.00761709 -0.492857 0.255911 0.00918694 0.966657 17.3347
0.954769 0.0093621 -0.297201 -0.541253 -0.0106394 0.99994 -0.00268041 -0.493133 0.297158 0.0057212 0.954811 17.6173
0.940657 0.013301 -0.339099 -0.691219 -0.0134175 0.999908 0.00200101 -0.4982 0.339094 0.00266758 0.940749 17.9019
0.923886 0.0157533 -0.382344 -0.845641 -0.0140016 0.999875 0.0073637 -0.500429 0.382412 -0.0014498 0.923991 18.1802
0.904791 0.0196361 -0.425404 -1.02982 -0.0145102 0.999778 0.0152866 -0.506659 0.425609 -0.00765847 0.904875 18.4817
0.882934 0.0240731 -0.46888 -1.23834 -0.01552 0.999635 0.0220977 -0.508322 0.469241 -0.0122338 0.882985 18.7734
0.858413 0.0289339 -0.512143 -1.46199 -0.0175806 0.999481 0.0269993 -0.507926 0.512659 -0.0141727 0.858476 19.0493
0.830539 0.0331401 -0.555974 -1.71324 -0.0193265 0.999342 0.0306973 -0.50699 0.556625 -0.0147503 0.830633 19.3382
0.800186 0.0364285 -0.598644 -1.98591 -0.0215596 0.999256 0.0319885 -0.495199 0.599364 -0.0126902 0.800376 19.6047
0.766364 0.0399759 -0.641161 -2.27251 -0.0228511 0.999127 0.0349813 -0.489975 0.642 -0.0121572 0.766609 19.8749
0.729496 0.0439657 -0.682571 -2.58743 -0.0240604 0.998964 0.0386306 -0.473252 0.683562 -0.011758 0.729798 20.1504
0.691604 0.0452827 -0.720856 -2.92621 -0.0217453 0.998886 0.0418851 -0.458995 0.721949 -0.0132927 0.691818 20.3914
0.650216 0.0456148 -0.758379 -3.29428 -0.0194439 0.998868 0.0434089 -0.448675 0.759501 -0.0134793 0.650367 20.6649
0.607859 0.0451573 -0.79276 -3.67942 -0.0146805 0.99885 0.0456401 -0.435019 0.79391 -0.0161046 0.607823 20.9196
0.564079 0.0454725 -0.824468 -4.08477 -0.0096651 0.998778 0.0484737 -0.424723 0.825665 -0.0193744 0.563829 21.1459
0.517036 0.047057 -0.85467 -4.55246 -0.00791768 0.998708 0.0501978 -0.400022 0.855927 -0.019187 0.51674 21.3614
0.468502 0.0466291 -0.882231 -5.00391 -0.0061445 0.998754 0.0495248 -0.375217 0.883441 -0.0177816 0.468205 21.5468
0.416031 0.0464003 -0.908166 -5.48924 -0.00195392 0.998741 0.0501329 -0.356926 0.909348 -0.0190824 0.415598 21.7422
0.362707 0.0453814 -0.930798 -5.98493 0.00400274 0.998728 0.0502531 -0.336803 0.931895 -0.0219529 0.362064 21.9093
0.309344 0.0457434 -0.949849 -6.50904 0.00618076 0.998725 0.05011 -0.3228 0.95093 -0.021372 0.308666 22.0495
0.253339 0.0503532 -0.966066 -7.08119 0.00680589 0.998527 0.0538299 -0.280731 0.967354 -0.0202121 0.252623 22.1431
0.200827 0.0557511 -0.978039 -7.66304 0.0100533 0.998209 0.0589652 -0.252243 0.979575 -0.0216743 0.199907 22.2315
0.150177 0.0584645 -0.986929 -8.24186 0.0156935 0.997983 0.0615073 -0.23417 0.988535 -0.0247254 0.148957 22.2976
0.101886 0.0594459 -0.993018 -8.88301 0.0182369 0.997934 0.0616113 -0.210151 0.994629 -0.0243869 0.100591 22.335
0.0668765 0.0582836 -0.996058 -9.52 0.0183392 0.998052 0.0596316 -0.182759 0.997593 -0.0222548 0.0656774 22.3206
0.0333289 0.0547313 -0.997945 -10.1937 0.0146196 0.998366 0.0552427 -0.146986 0.999337 -0.0164307 0.0324742 22.3203
0.00474912 0.0542652 -0.998515 -10.8504 0.0123687 0.998447 0.0543203 -0.107615 0.999912 -0.0126083 0.00407056 22.2985
-0.0183349 0.058092 -0.998143 -11.5731 0.0107924 0.998264 0.0579008 -0.0751003 0.999774 -0.00971073 -0.01893 22.279
-0.0338265 0.0640621 -0.997373 -12.3116 0.0121267 0.997896 0.0636845 -0.0351182 0.999354 -0.00994061 -0.0345322 22.2408
-0.0399243 0.0671952 -0.996941 -13.0492 0.0134439 0.997682 0.0667067 0.000247128 0.999112 -0.0107395 -0.0407352 22.1983
-0.0403758 0.0645265 -0.997099 -13.8262 0.012592 0.997866 0.0640662 0.0329808 0.999105 -0.00996876 -0.0411022 22.169
-0.0406241 0.0600517 -0.997368 -14.5818 0.0193133 0.998053 0.0593063 0.0814913 0.998988 -0.0168532 -0.0417048 22.1628
-0.0386564 0.0599882 -0.99745 -15.3965 0.0305995 0.997799 0.0588233 0.105231 0.998784 -0.0282476 -0.0404069 22.1625
-0.0341196 0.0592411 -0.99766 -16.2066 0.0327616 0.997772 0.0581273 0.149885 0.998881 -0.0307017 -0.0359844 22.1407
-0.0279475 0.0563147 -0.998022 -17.0799 0.0305246 0.997994 0.0554583 0.198412 0.999143 -0.0289143 -0.0296104 22.1076
-0.0174316 0.0511348 -0.99854 -17.9447 0.0340353 0.998143 0.0505203 0.221572 0.999269 -0.033105 -0.0191396 22.1086
-0.012118 0.0406985 -0.999098 -18.8225 0.0302335 0.998729 0.0403168 0.244345 0.999469 -0.0297176 -0.013333 22.1058
-0.0107442 0.0320515 -0.999429 -19.702 0.022986 0.99923 0.031798 0.274113 0.999678 -0.0226312 -0.0114727 22.0804
-0.0101426 0.0298777 -0.999502 -20.621 0.0164181 0.999424 0.0297088 0.294761 0.999814 -0.0161086 -0.0106273 22.0412
-0.00881747 0.0347755 -0.999356 -21.5672 0.00685156 0.999374 0.0347156 0.316864 0.999938 -0.00654105 -0.00905022 22.0064
-0.0134055 0.0426351 -0.999001 -22.5377 0.002413 0.999089 0.0426065 0.353311 0.999907 -0.00183943 -0.0134962 21.9582
-0.0158113 0.0524571 -0.998498 -23.5334 4.56063e-05 0.998623 0.052463 0.37851 0.999875 0.000783967 -0.0157919 21.9565
-0.0160066 0.062019 -0.997947 -24.5604 -0.00108511 0.998073 0.0620443 0.429447 0.999871 0.002076 -0.0159085 21.9263
-0.0194297 0.0699495 -0.997361 -25.5569 0.00173482 0.99755 0.069929 0.474245 0.99981 -0.000371548 -0.0195034 21.9074
-0.0256931 0.0723143 -0.997051 -26.5993 0.00296085 0.997381 0.072262 0.519697 0.999666 -0.00109549 -0.0258399 21.8854
-0.0249595 0.0688422 -0.997315 -27.6087 0.00149183 0.997628 0.0688264 0.578564 0.999687 0.000230042 -0.025003 21.853
-0.0258184 0.064051 -0.997613 -28.6464 -0.00634794 0.997915 0.0642347 0.625467 0.999647 0.00799122 -0.025358 21.7823
-0.0312176 0.0586731 -0.997789 -29.6553 -0.00932958 0.998215 0.05899 0.661029 0.999469 0.0111505 -0.0306145 21.7186
-0.0371878 0.0542696 -0.997834 -30.6851 -0.00691777 0.998486 0.0545629 0.701624 0.999284 0.00893186 -0.0367561 21.6811
-0.0449115 0.0516321 -0.997656 -31.7432 -0.0106485 0.998582 0.0521594 0.742671 0.998934 0.012966 -0.044298 21.614
-0.0486194 0.0548 -0.997313 -32.7654 -0.00851469 0.998435 0.0552768 0.780881 0.998781 0.0111793 -0.0480767 21.562
-0.0578163 0.0590985 -0.996576 -33.8678 -0.010705 0.998152 0.059813 0.81915 0.99827 0.0141265 -0.0570768 21.4876
-0.0639054 0.0621823 -0.996017 -34.9291 -0.0122034 0.997934 0.0630849 0.866251 0.997881 0.0161862 -0.0630145 21.4146
-0.0656576 0.0644037 -0.995762 -35.9665 -0.0168242 0.997702 0.0656385 0.911646 0.9977 0.0210626 -0.0644231 21.3222
-0.0723138 0.0662623 -0.995178 -37.0658 -0.0196634 0.997502 0.0678458 0.959494 0.997188 0.0244747 -0.0708302 21.2339
-0.0758479 0.0671022 -0.994859 -38.1206 -0.0244445 0.997308 0.069131 1.01451 0.99682 0.0295623 -0.0740034 21.148
-0.0792794 0.0671996 -0.994585 -39.2259 -0.0250558 0.997276 0.0693786 1.06546 0.996538 0.0304204 -0.0773797 21.0562
-0.0856283 0.0666341 -0.994097 -40.2931 -0.0260921 0.997269 0.0690942 1.11559 0.995985 0.0318544 -0.0836558 20.9744
-0.0831085 0.0660436 -0.99435 -41.3441 -0.0279619 0.997254 0.0685736 1.16494 0.996148 0.033503 -0.0810336 20.8609
-0.0818951 0.0653711 -0.994495 -42.4567 -0.0287504 0.997276 0.0679215 1.21787 0.996226 0.0341545 -0.0797926 20.7559
-0.0792638 0.0632338 -0.994846 -43.5687 -0.0340906 0.99723 0.0661015 1.26784 0.996271 0.0391543 -0.0768886 20.6508
-0.0785756 0.0582229 -0.995206 -44.6131 -0.0398698 0.997311 0.0614939 1.31328 0.996111 0.0445106 -0.076043 20.5424
-0.078236 0.0575959 -0.99527 -45.7424 -0.0433864 0.997187 0.0611174 1.36655 0.99599 0.0479628 -0.075517 20.4571
-0.0765618 0.0611225 -0.99519 -46.8132 -0.0424076 0.997016 0.0644972 1.41386 0.996163 0.0471417 -0.0737413 20.3509
-0.0752573 0.0649813 -0.995045 -47.9739 -0.0405553 0.996849 0.0681665 1.46956 0.996339 0.0454844 -0.0723849 20.2588
-0.0709414 0.06518 -0.995349 -49.0457 -0.0404282 0.996855 0.0681601 1.51544 0.996661 0.0450756 -0.0680832 20.1732
-0.0700593 0.0643563 -0.995465 -50.1548 -0.040997 0.996888 0.0673336 1.56749 0.9967 0.0455285 -0.0672029 20.0912
-0.0661644 0.0647161 -0.995708 -51.295 -0.0437164 0.996748 0.0676886 1.62223 0.996851 0.0480073 -0.0631201 20.0093
-0.0653229 0.0649138 -0.995751 -52.3815 -0.0495863 0.996438 0.0682115 1.67663 0.996631 0.0538314 -0.0618713 19.9267
-0.0597186 0.0650111 -0.996096 -53.5225 -0.0517846 0.996332 0.0681311 1.72886 0.996871 0.0556511 -0.0561329 19.8466
-0.0545554 0.0640275 -0.996456 -54.6365 -0.0551329 0.996226 0.0670313 1.7829 0.996987 0.0585944 -0.0508195 19.7809
-0.0479994 0.0637844 -0.996809 -55.7697 -0.0536564 0.996353 0.066339 1.83309 0.997405 0.0566694 -0.0444019 19.6954
-0.0423403 0.0639533 -0.997054 -56.8848 -0.0516098 0.996477 0.0661079 1.88219 0.997769 0.0542568 -0.0388905 19.6388
-0.0360695 0.0646223 -0.997258 -58.0013 -0.0513665 0.996468 0.066429 1.93556 0.998028 0.0536216 -0.0326227 19.5971
-0.033409 0.0656999 -0.99728 -59.1686 -0.0496981 0.996493 0.067313 1.98362 0.998205 0.0518118 -0.0300267 19.5406
-0.0277054 0.0669992 -0.997368 -60.298 -0.0509725 0.996359 0.0683473 2.04396 0.998316 0.0527319 -0.0241894 19.5099
-0.0222186 0.0664933 -0.99754 -61.455 -0.0498173 0.996473 0.0675318 2.09508 0.998511 0.0511952 -0.0188278 19.4726
-0.0181189 0.0625585 -0.997877 -62.5865 -0.0507972 0.996694 0.0634067 2.1464 0.998545 0.0518382 -0.0148812 19.4496
-0.0132167 0.0574579 -0.99826 -63.7395 -0.0501567 0.997053 0.0580524 2.1881 0.998654 0.0508367 -0.0102959 19.4088
-0.0120343 0.0562864 -0.998342 -64.8835 -0.052058 0.997025 0.0568396 2.2346 0.998572 0.0526558 -0.00906838 19.4141
-0.00620183 0.0585841 -0.998263 -66.0493 -0.0492422 0.997054 0.058819 2.28345 0.998768 0.0495214 -0.00329875 19.3781
-0.00202915 0.058237 -0.998301 -67.2271 -0.0501282 0.997042 0.0582654 2.32265 0.998741 0.0501613 0.000896166 19.3846
-0.000275441 0.0588468 -0.998267 -68.4021 -0.0516387 0.996934 0.0587825 2.37432 0.998666 0.0515654 0.00276418 19.3689
0.000892674 0.0594458 -0.998231 -69.5619 -0.0529026 0.996837 0.0593155 2.41541 0.998599 0.052756 0.00403469 19.3526
-0.00251294 0.0591541 -0.998246 -70.7347 -0.0537947 0.996795 0.0592036 2.4581 0.998549 0.0538491 0.000677289 19.365
-0.00177541 0.0575308 -0.998342 -71.8883 -0.0542072 0.99687 0.0575424 2.50239 0.998528 0.0542195 0.00134873 19.3462
-0.00497972 0.0565582 -0.998387 -73.0317 -0.0522202 0.997022 0.0567413 2.5448 0.998623 0.0524185 -0.00201141 19.3347
-0.00678424 0.0558466 -0.998416 -74.2566 -0.0484389 0.997249 0.0561104 2.58786 0.998803 0.0487429 -0.00406043 19.3242
-0.00486391 0.056857 -0.998371 -75.4421 -0.0466186 0.997284 0.0570222 2.63015 0.998901 0.04682 -0.0022001 19.2978
-0.00450399 0.0591034 -0.998242 -76.6009 -0.0456639 0.997198 0.0592476 2.67051 0.998947 0.0458504 -0.00179248 19.2914
-0.00453337 0.0622484 -0.998051 -77.8566 -0.0478641 0.996903 0.0623942 2.72264 0.998844 0.0480537 -0.00153986 19.2794
-0.00317977 0.0627411 -0.998025 -79.0289 -0.0500046 0.996771 0.0628216 2.7677 0.998744 0.0501056 -3.2165e-05 19.2589
-0.00302612 0.0609477 -0.998136 -80.1995 -0.0514123 0.996811 0.0610226 2.81153 0.998673 0.0515011 0.000116985 19.2473
-0.00502944 0.0583341 -0.998285 -81.352 -0.0513515 0.996965 0.0585157 2.85612 0.998668 0.0515577 -0.00201863 19.2345
0.000184984 0.0580501 -0.998314 -82.5118 -0.0494499 0.997093 0.0579699 2.89569 0.998777 0.0493558 0.00305502 19.2089
-0.00231301 0.0593619 -0.998234 -83.7188 -0.0481603 0.997072 0.0594044 2.93662 0.998837 0.0482126 0.00055265 19.2065
-0.00167648 0.0619966 -0.998075 -84.8747 -0.0467837 0.996979 0.0620071 2.98208 0.998904 0.0467976 0.00122902 19.1773
-0.00125089 0.0645641 -0.997913 -86.0688 -0.0469405 0.99681 0.0645515 3.02946 0.998897 0.0469232 0.00178377 19.188
-0.000598355 0.0646382 -0.997909 -87.2002 -0.0477811 0.996767 0.064593 3.08029 0.998858 0.0477198 0.00249207 19.1686
-0.000293332 0.0623645 -0.998053 -88.3874 -0.0484617 0.99688 0.0623054 3.12277 0.998825 0.0483856 0.00272987 19.1605
-0.000528604 0.0607798 -0.998151 -89.5296 -0.0480666 0.996996 0.0607349 3.16556 0.998844 0.0480099 0.00239447 19.154
-0.00268449 0.0618596 -0.998081 -90.6978 -0.0456784 0.997036 0.0619177 3.20916 0.998953 0.045757 0.000149114 19.1445
0.00147221 0.0649581 -0.997887 -91.8595 -0.0431476 0.996963 0.0648343 3.2586 0.999068 0.0429609 0.00427053 19.138
0.00315166 0.0674771 -0.997716 -93.0096 -0.0417108 0.996861 0.0672875 3.30444 0.999125 0.0414035 0.00595629 19.1338
0.00553595 0.0694083 -0.997573 -94.1658 -0.0420967 0.99672 0.0691153 3.35653 0.999098 0.0416119 0.00843965 19.1276
0.00479278 0.0706299 -0.997491 -95.3093 -0.0439751 0.996552 0.0703521 3.41535 0.999021 0.0435276 0.00788221 19.1175
0.00474071 0.0691528 -0.997595 -96.4733 -0.046384 0.996548 0.0688597 3.46727 0.998912 0.0459459 0.00793192 19.1253
0.00467006 0.06596 -0.997811 -97.5905 -0.0495133 0.996614 0.0656491 3.51306 0.998763 0.0490984 0.00792015 19.0966
0.0038696 0.0638844 -0.99795 -98.7438 -0.0512042 0.996661 0.0636033 3.56222 0.998681 0.0508531 0.00712783 19.106
0.00612951 0.0624371 -0.99803 -99.8869 -0.0515961 0.996739 0.0620395 3.61033 0.998649 0.0511142 0.00933104 19.0842
0.00667209 0.0625164 -0.998022 -101.033 -0.0500008 0.996816 0.0621066 3.65558 0.998727 0.0494875 0.00977672 19.0876
0.00695103 0.0648022 -0.997874 -102.176 -0.049563 0.996694 0.0643803 3.7061 0.998747 0.0490101 0.0101398 19.0745
0.00433553 0.0669895 -0.997744 -103.29 -0.0477789 0.996628 0.066707 3.75 0.998849 0.0473819 0.00752159 19.0738
0.000882735 0.0659792 -0.997821 -104.494 -0.0525664 0.996445 0.0658417 3.80766 0.998617 0.0523937 0.00434788 19.0739
4.69939e-05 0.0665631 -0.997782 -105.652 -0.0559195 0.996221 0.0664563 3.86268 0.998435 0.0557924 0.00376899 19.0536
0.0011877 0.0661987 -0.997806 -106.834 -0.0585195 0.996101 0.0660159 3.92187 0.998286 0.0583126 0.00505698 19.0404
0.000257268 0.0629104 -0.998019 -108.029 -0.0593315 0.996262 0.0627843 3.97035 0.998238 0.0591978 0.00398887 19.0305
-0.00304344 0.0579865 -0.998313 -109.206 -0.0616263 0.996409 0.0580638 4.01865 0.998095 0.061699 0.000540986 19.0176
-0.00422289 0.0567331 -0.998381 -110.345 -0.0569355 0.996756 0.0568816 4.0684 0.998369 0.0570835 -0.000979064 19.0053
-0.0047232 0.0562652 -0.998405 -111.574 -0.0516772 0.997068 0.0564344 4.11288 0.998653 0.0518613 -0.00180172 18.9988
-0.00708434 0.057627 -0.998313 -112.765 -0.0516668 0.996984 0.0579169 4.15888 0.998639 0.0519899 -0.00408557 18.9814
-0.00808286 0.0617729 -0.998058 -113.992 -0.0495315 0.99684 0.0620987 4.21169 0.99874 0.0499372 -0.00499762 18.963
-0.0082307 0.0615688 -0.998069 -115.208 -0.0482673 0.996915 0.0618956 4.26166 0.998801 0.0486835 -0.00523355 18.9533
-0.00884616 0.0572751 -0.998319 -116.405 -0.0487858 0.997145 0.05764 4.30989 0.99877 0.0492137 -0.0060267 18.9268
-0.0105652 0.0534585 -0.998514 -117.637 -0.0493604 0.997325 0.0539171 4.36156 0.998725 0.0498567 -0.00789821 18.9069
-0.0112773 0.0520494 -0.998581 -118.864 -0.0490852 0.997412 0.0525428 4.40068 0.998731 0.0496081 -0.00869322 18.8817
-0.0131835 0.0532361 -0.998495 -120.13 -0.0499829 0.997298 0.0538323 4.44467 0.998663 0.0506173 -0.010487 18.8605
-0.0134625 0.057297 -0.998266 -121.373 -0.0546449 0.996823 0.0579511 4.49275 0.998415 0.0553304 -0.0102887 18.8251
-0.0114695 0.0609059 -0.998078 -122.619 -0.0605168 0.996271 0.0614911 4.54534 0.998101 0.0611057 -0.0077409 18.7846
-0.0121181 0.0605265 -0.998093 -123.898 -0.0666754 0.995896 0.0612028 4.59807 0.997701 0.0672899 -0.0080327 18.7545
-0.0124669 0.0583822 -0.998217 -125.154 -0.0709257 0.995728 0.0591225 4.64699 0.997404 0.0715363 -0.00827283 18.7164
-0.0110076 0.0569216 -0.998318 -126.386 -0.0731479 0.995658 0.0575764 4.69542 0.99726 0.0736586 -0.00679607 18.6834
-0.0121636 0.0565135 -0.998328 -127.652 -0.0728451 0.995699 0.0572522 4.74063 0.997269 0.0734197 -0.00799459 18.6526
-0.0105958 0.0558911 -0.998381 -128.895 -0.0707863 0.99589 0.0565029 4.77698 0.997435 0.0712704 -0.00659595 18.6209
-0.0143962 0.0563567 -0.998307 -130.164 -0.0710688 0.995828 0.0572416 4.82274 0.997368 0.0717726 -0.0103309 18.6187
-0.0149877 0.0604603 -0.998058 -131.44 -0.071383 0.995559 0.0613808 4.87186 0.997336 0.0721644 -0.0106053 18.5831
-0.0157833 0.0650546 -0.997757 -132.673 -0.0687049 0.995452 0.0659911 4.92434 0.997512 0.0695924 -0.0112419 18.5621
-0.0137651 0.0637152 -0.997873 -133.947 -0.0701504 0.995447 0.064528 4.97621 0.997442 0.0708894 -0.0092328 18.5378
-0.0141806 0.0623943 -0.997951 -135.179 -0.0707646 0.995486 0.0632457 5.02986 0.997392 0.0715164 -0.00970126 18.5117
-0.0117818 0.0618894 -0.998013 -136.411 -0.0686512 0.995678 0.062555 5.0802 0.997571 0.0692519 -0.00748213 18.4829
-0.0131349 0.0610113 -0.998051 -137.691 -0.0701436 0.995622 0.0617859 5.12945 0.99745 0.0708184 -0.00879779 18.4719
-0.0135403 0.0625314 -0.997951 -138.905 -0.0694837 0.995571 0.0633251 5.17426 0.997491 0.0701988 -0.00913544 18.4439
-0.01012 0.0664171 -0.997741 -140.17 -0.0695213 0.995331 0.0669618 5.22969 0.997529 0.0700419 -0.00545537 18.4133
-0.00741447 0.0675718 -0.997687 -141.405 -0.071574 0.995119 0.0679298 5.27951 0.997408 0.0719122 -0.0025419 18.4026
-0.00945289 0.065077 -0.997836 -142.623 -0.0742123 0.995082 0.0656005 5.33654 0.997198 0.0746717 -0.00457689 18.3771
-0.00748079 0.0620552 -0.998045 -143.883 -0.073286 0.995355 0.0624373 5.39071 0.997283 0.0736098 -0.00289826 18.3568
-0.00682928 0.0602971 -0.998157 -145.12 -0.0704436 0.995672 0.0606289 5.43745 0.997492 0.0707278 -0.00255218 18.3317
-0.00787077 0.0598214 -0.998178 -146.336 -0.0687498 0.995815 0.0602218 5.48068 0.997603 0.0690985 -0.00372512 18.3182
-0.00640822 0.0596904 -0.998196 -147.586 -0.0662727 0.995997 0.0599843 5.52947 0.997781 0.0665376 -0.00242672 18.3
-0.00735258 0.058918 -0.998236 -148.806 -0.0638108 0.996201 0.0592679 5.56836 0.997935 0.064134 -0.00356504 18.2858
-0.00667919 0.0588924 -0.998242 -150.055 -0.063007 0.996256 0.0591968 5.61869 0.997991 0.0632917 -0.00294354 18.273
-0.00664299 0.0607482 -0.998131 -151.284 -0.061197 0.996257 0.0610414 5.6634 0.998104 0.0614881 -0.00290052 18.2643
-0.0057639 0.0626633 -0.998018 -152.502 -0.0574695 0.996364 0.0628914 5.71183 0.998331 0.0577181 -0.00214172 18.2517
-0.00432752 0.0613803 -0.998105 -153.785 -0.0565425 0.996503 0.0615269 5.76012 0.998391 0.0567016 -0.000841788 18.2333
-0.00561556 0.0612346 -0.998108 -154.992 -0.0572471 0.996467 0.061456 5.81016 0.998344 0.0574839 -0.00209022 18.2319
-0.00524681 0.0655969 -0.997832 -156.201 -0.0585177 0.996116 0.0657918 5.85486 0.998273 0.058736 -0.00138785 18.2195
-0.00344399 0.0718036 -0.997413 -157.464 -0.0612448 0.995531 0.0718796 5.91681 0.998117 0.0613339 0.000969004 18.1947
-0.00346488 0.0724744 -0.997364 -158.671 -0.0662062 0.995165 0.0725446 5.97492 0.9978 0.0662831 0.00135013 18.1804
-0.00244763 0.0683678 -0.997657 -159.896 -0.0697945 0.995216 0.0683717 6.03591 0.997558 0.0697983 0.00233578 18.1662
-0.00151211 0.0634967 -0.997981 -161.114 -0.0736906 0.995262 0.0634353 6.08632 0.99728 0.0736377 0.00317417 18.1529
-9.81324e-05 0.0609509 -0.998141 -162.309 -0.0749936 0.99533 0.0607866 6.14057 0.997184 0.0748601 0.00447325 18.1441
-0.00139212 0.0581192 -0.998309 -163.547 -0.0695101 0.995889 0.0580753 6.18073 0.99758 0.0694733 0.00265347 18.1335
0.000651179 0.053681 -0.998558 -164.756 -0.0674318 0.996288 0.053515 6.22766 0.997724 0.0672997 0.00426857 18.1361
0.00107049 0.0506613 -0.998715 -165.932 -0.0608027 0.996871 0.0505026 6.25677 0.998149 0.0606706 0.00414749 18.1376
0.00239891 0.0530293 -0.99859 -167.165 -0.0587128 0.996878 0.0527973 6.29734 0.998272 0.0585034 0.00550492 18.125
0.00407596 0.0589092 -0.998255 -168.38 -0.0569738 0.996656 0.0585821 6.33816 0.998367 0.0566356 0.00741861 18.1213
0.0103075 0.0621346 -0.998015 -169.618 -0.0579811 0.996426 0.0614368 6.38371 0.998264 0.0572327 0.0138733 18.107
0.00972448 0.0598673 -0.998159 -170.831 -0.0617147 0.996339 0.0591569 6.42717 0.998047 0.0610258 0.0133836 18.1134
0.01147 0.0588976 -0.998198 -172.014 -0.0632763 0.996306 0.0580589 6.47647 0.99793 0.0624963 0.0151545 18.1173
0.0134591 0.0592003 -0.998155 -173.26 -0.0611462 0.996426 0.0582732 6.52179 0.998038 0.0602491 0.0170308 18.1204
0.0152577 0.057992 -0.9982 -174.457 -0.061703 0.996469 0.0569482 6.56036 0.997978 0.060723 0.0187821 18.1266
0.0190618 0.0567897 -0.998204 -175.63 -0.0627223 0.996487 0.0554943 6.59741 0.997849 0.0615518 0.0225568 18.1317
0.0188476 0.0583507 -0.998118 -176.802 -0.0635065 0.99635 0.0570481 6.63435 0.997804 0.0623118 0.0224844 18.1515
0.0200061 0.0596962 -0.998016 -177.904 -0.0636125 0.996269 0.0583166 6.66342 0.997774 0.0623196 0.0237288 18.1674
0.0188077 0.061033 -0.997959 -179.002 -0.0645399 0.996127 0.0597046 6.69389 0.997738 0.0632852 0.022674 18.1685
0.0204833 0.0621036 -0.99786 -180.065 -0.0651527 0.99603 0.0606523 6.72593 0.997665 0.0637709 0.0244482 18.1643
0.020705 0.0631473 -0.997789 -181.086 -0.0635498 0.996068 0.0617197 6.75384 0.997764 0.0621314 0.0246366 18.1764
0.0213938 0.0623813 -0.997823 -182.109 -0.0650651 0.996023 0.0608738 6.78638 0.997652 0.0636211 0.0253676 18.1905
0.0248126 0.0627048 -0.997724 -183.05 -0.0652879 0.996002 0.0609729 6.81338 0.997558 0.0636264 0.0288072 18.2006
0.0227961 0.0624672 -0.997787 -184.028 -0.0657969 0.995976 0.0608506 6.84492 0.997573 0.0642642 0.0268145 18.2126
0.0214819 0.0611292 -0.997899 -184.983 -0.06467 0.996124 0.0596283 6.8737 0.997675 0.0632531 0.0253519 18.2349
0.0210435 0.0581823 -0.998084 -185.896 -0.0622505 0.996445 0.0567742 6.89551 0.997839 0.0609365 0.0245905 18.2317
0.0163695 0.0548581 -0.99836 -186.844 -0.0622796 0.996611 0.0537409 6.92288 0.997924 0.0612977 0.0197305 18.2429
0.0140976 0.0518289 -0.998557 -187.748 -0.064813 0.996603 0.0508125 6.95036 0.997798 0.0640031 0.0174089 18.2446
0.0108856 0.0510856 -0.998635 -188.662 -0.066752 0.996504 0.0502489 6.97755 0.99771 0.0661139 0.0142576 18.2327
0.01061 0.0516857 -0.998607 -189.583 -0.0684084 0.996361 0.0508427 7.00592 0.997601 0.0677737 0.0141072 18.214
0.00676463 0.0529673 -0.998573 -190.484 -0.0672752 0.996358 0.0523941 7.0329 0.997712 0.0668248 0.0103034 18.2238
0.00329815 0.0543318 -0.998517 -191.412 -0.0646509 0.996446 0.0540055 7.05662 0.997903 0.064377 0.00679903 18.2183
0.00296776 0.054965 -0.998484 -192.324 -0.0633467 0.996493 0.0546671 7.08217 0.997987 0.0630885 0.0064392 18.228
0.00048059 0.0540575 -0.998538 -193.196 -0.0626622 0.996577 0.0539212 7.10506 0.998035 0.0625446 0.00386631 18.2249
0.00340826 0.0529021 -0.998594 -194.136 -0.0650921 0.996494 0.0525687 7.13484 0.997873 0.0648214 0.00683982 18.2203
0.00792066 0.0519576 -0.998618 -195.028 -0.0685302 0.99633 0.051295 7.16471 0.997618 0.0680292 0.0114523 18.2007
0.0153835 0.0505555 -0.998603 -195.942 -0.071022 0.996254 0.0493425 7.19063 0.997356 0.0701637 0.0189164 18.1971
0.0216967 0.0483324 -0.998596 -196.831 -0.0716888 0.996335 0.0466654 7.21357 0.997191 0.0705756 0.0250821 18.2127
0.0145105 0.0454321 -0.998862 -197.753 -0.0713475 0.996468 0.0442868 7.23888 0.997346 0.0706237 0.0177007 18.2254
0.00588672 0.0451186 -0.998964 -198.669 -0.0708591 0.996489 0.0445892 7.26325 0.997469 0.0705232 0.00906311 18.2268
0.00697892 0.0475338 -0.998845 -199.614 -0.0683427 0.996557 0.0469474 7.29018 0.997638 0.0679361 0.0102035 18.2286
0.012597 0.0488324 -0.998728 -200.553 -0.0665555 0.996633 0.0478905 7.31487 0.997703 0.0658675 0.0158047 18.2283
0.0120886 0.0453676 -0.998897 -201.496 -0.0617479 0.997098 0.0445386 7.33496 0.998019 0.0611414 0.0148548 18.2474
0.00618377 0.0420408 -0.999097 -202.424 -0.0616777 0.99723 0.0415805 7.35713 0.998077 0.0613649 0.00875961 18.2594
0.0082369 0.043078 -0.999038 -203.394 -0.0650145 0.996981 0.0424533 7.38647 0.99785 0.0646023 0.0110127 18.2629
-0.00017782 0.0454747 -0.998965 -204.37 -0.064642 0.996876 0.0453911 7.41611 0.997909 0.0645832 0.00276231 18.279
0.00250056 0.0460015 -0.998938 -205.313 -0.0629474 0.996968 0.0457531 7.43654 0.998014 0.0627662 0.00538865 18.2611
0.00408237 0.0469413 -0.998889 -206.3 -0.0625642 0.996953 0.0465946 7.46608 0.998033 0.0623045 0.00700677 18.2612
0.00528788 0.0512516 -0.998672 -207.275 -0.0620343 0.996779 0.0508259 7.5006 0.99806 0.0616831 0.0084502 18.2668
0.00752299 0.0556004 -0.998425 -208.294 -0.0595175 0.996708 0.0550563 7.53135 0.998199 0.0590096 0.0108074 18.2702
0.00858431 0.0566988 -0.998354 -209.285 -0.0595865 0.996646 0.0560894 7.56461 0.998186 0.059007 0.011934 18.2766
0.0110489 0.0574651 -0.998286 -210.27 -0.0618056 0.996478 0.0566769 7.60256 0.998027 0.0610734 0.0145617 18.2877
0.0128777 0.0587542 -0.998189 -211.295 -0.0638392 0.996284 0.0578185 7.64539 0.997877 0.0629791 0.0165807 18.2842
0.0174275 0.0592927 -0.998089 -212.321 -0.0647715 0.99621 0.0580502 7.68111 0.997748 0.0636361 0.021202 18.2938
0.0195795 0.0569374 -0.998186 -213.359 -0.0677954 0.996155 0.0554917 7.72281 0.997507 0.0665859 0.0233643 18.309
0.0221559 0.0540466 -0.998293 -214.396 -0.0694237 0.99621 0.0523931 7.76045 0.997341 0.0681444 0.0258241 18.3268
0.0237209 0.0530719 -0.998309 -215.403 -0.0681343 0.996354 0.051349 7.79148 0.997394 0.066801 0.0272504 18.3483
0.0258687 0.0554333 -0.998127 -216.471 -0.0679232 0.996251 0.0535688 7.83077 0.997355 0.0664102 0.0295369 18.3504
0.0270716 0.0582436 -0.997935 -217.512 -0.068611 0.996055 0.0562727 7.87114 0.997276 0.066946 0.030961 18.3844
0.0281249 0.0582709 -0.997905 -218.572 -0.0682898 0.996079 0.0562396 7.9073 0.997269 0.0665649 0.0319939 18.3891
0.0290564 0.0555391 -0.998034 -219.643 -0.0674126 0.996291 0.0534795 7.94662 0.997302 0.0657261 0.0326927 18.4239
0.030141 0.0530352 -0.998138 -220.708 -0.0657134 0.996536 0.0509658 7.98137 0.997383 0.0640549 0.0335217 18.433
0.0297511 0.0517004 -0.998219 -221.797 -0.0615689 0.99686 0.049795 8.01469 0.997659 0.0599778 0.0328409 18.47
0.0303301 0.0510916 -0.998233 -222.907 -0.0626817 0.996824 0.049115 8.05322 0.997573 0.0610813 0.0334363 18.4867
0.030288 0.0510723 -0.998236 -223.966 -0.0623087 0.996848 0.0491107 8.08042 0.997597 0.0607113 0.0333748 18.5146
0.0299963 0.0519892 -0.998197 -225.107 -0.0644719 0.996668 0.0499721 8.12147 0.997469 0.0628567 0.0332482 18.5374
0.030331 0.0541486 -0.998072 -226.216 -0.0638457 0.996597 0.0521284 8.15745 0.997499 0.0621415 0.033685 18.5487
0.029218 0.0559588 -0.998006 -227.351 -0.0652528 0.996409 0.053959 8.19721 0.997441 0.0635461 0.0327646 18.5747
0.0280194 0.0580154 -0.997922 -228.431 -0.0663412 0.996221 0.0560538 8.23643 0.997404 0.0646327 0.0317624 18.5968
0.0277346 0.0590354 -0.997871 -229.629 -0.0671684 0.996108 0.0570643 8.28207 0.997356 0.0654427 0.031592 18.6044
0.0264054 0.0577772 -0.99798 -230.723 -0.0700754 0.995979 0.0558072 8.32605 0.997192 0.0684602 0.030348 18.6321
0.0250574 0.053244 -0.998267 -231.882 -0.0685413 0.996322 0.0514198 8.36215 0.997334 0.0671341 0.0286147 18.6465
0.0235251 0.047982 -0.998571 -233.001 -0.0662683 0.996726 0.0463321 8.39885 0.997525 0.0650837 0.0266277 18.6689
0.0219105 0.0430539 -0.998832 -234.176 -0.0623713 0.997185 0.0416148 8.42794 0.997813 0.0613867 0.0245341 18.6809
0.0190653 0.0433958 -0.998876 -235.326 -0.056732 0.997495 0.042253 8.45548 0.998207 0.0558627 0.0214795 18.7059
0.017752 0.0466529 -0.998753 -236.548 -0.0504017 0.997683 0.045707 8.48588 0.998571 0.0495275 0.0200623 18.7224
0.0157295 0.0488761 -0.998681 -237.72 -0.0475408 0.997711 0.0480799 8.52255 0.998746 0.0467218 0.0180172 18.7363
0.0139817 0.0490089 -0.9987 -238.937 -0.0473296 0.997711 0.0482977 8.55381 0.998782 0.0465928 0.0162693 18.7258
0.0104787 0.0492371 -0.998732 -240.137 -0.0476122 0.997679 0.0486856 8.59405 0.998811 0.0470417 0.0127987 18.7359
0.00855568 0.0509818 -0.998663 -241.379 -0.0455296 0.997684 0.0505418 8.63038 0.998926 0.0450363 0.010857 18.7353
0.00679246 0.0507623 -0.998688 -242.592 -0.044256 0.997747 0.0504135 8.66774 0.998997 0.0438555 0.0090237 18.7289
0.00431977 0.0493593 -0.998772 -243.839 -0.0447088 0.997792 0.0491175 8.70491 0.998991 0.0444417 0.00651703 18.723
0.00174927 0.0492167 -0.998787 -245.057 -0.045735 0.997747 0.0490854 8.74153 0.998952 0.0455936 0.00399625 18.7203
-0.00104935 0.04972 -0.998763 -246.323 -0.0448311 0.997757 0.049717 8.7804 0.998994 0.0448278 0.001182 18.7065
-0.00358275 0.050456 -0.99872 -247.568 -0.0455094 0.997683 0.0505669 8.81812 0.998958 0.0456323 -0.00127823 18.6944
-0.00533124 0.0518386 -0.998641 -248.795 -0.0468062 0.997548 0.0520317 8.85736 0.99889 0.0470199 -0.0028918 18.6582
-0.00840544 0.0530339 -0.998557 -250.076 -0.0480875 0.997416 0.0533781 8.89938 0.998808 0.0484668 -0.00583345 18.642
-0.00997116 0.0542463 -0.998478 -251.322 -0.0507989 0.997211 0.0546848 8.93752 0.998659 0.0512669 -0.00718769 18.6113
-0.0106732 0.0545687 -0.998453 -252.562 -0.0526006 0.997097 0.0550568 8.98112 0.998559 0.0531069 -0.00777184 18.5822
-0.0109081 0.0552864 -0.998411 -253.839 -0.0532999 0.997019 0.0557916 9.02119 0.998519 0.0538238 -0.00792879 18.559
-0.0105673 0.0537559 -0.998498 -255.078 -0.0526886 0.997137 0.0542402 9.05922 0.998555 0.0531826 -0.00770469 18.5381
-0.0101156 0.0526935 -0.998559 -256.337 -0.050926 0.997288 0.0531423 9.09855 0.998651 0.0513902 -0.00740468 18.5073
-0.0101351 0.0526129 -0.998564 -257.589 -0.0489425 0.997392 0.0530479 9.13742 0.99875 0.0494098 -0.00753363 18.4876
-0.0103356 0.0533709 -0.998521 -258.826 -0.0473257 0.997429 0.0538024 9.17578 0.998826 0.0478118 -0.00778326 18.4411
-0.0101291 0.0530841 -0.998539 -260.081 -0.0473135 0.997446 0.0535059 9.21321 0.998829 0.0477863 -0.00759165 18.4248
-0.0104917 0.0536791 -0.998503 -261.314 -0.0462479 0.997463 0.0541092 9.24956 0.998875 0.0467463 -0.00798255 18.4014
-0.0103175 0.0547051 -0.998449 -262.572 -0.0444787 0.997489 0.0551121 9.28668 0.998957 0.0449783 -0.00785837 18.3821
-0.0104543 0.0569024 -0.998325 -263.816 -0.0408276 0.997523 0.0572842 9.3264 0.999112 0.0413581 -0.0081052 18.3603
-0.00967042 0.0602983 -0.998134 -265.046 -0.036936 0.997478 0.0606165 9.36847 0.999271 0.0374533 -0.00741885 18.3412
-0.0101142 0.0623661 -0.998002 -266.321 -0.0341834 0.997448 0.0626779 9.41529 0.999364 0.034749 -0.00795653 18.3245
-0.00948527 0.0617286 -0.998048 -267.573 -0.035116 0.997457 0.0620257 9.45991 0.999338 0.0356358 -0.00729349 18.301
-0.0104517 0.0603998 -0.99812 -268.815 -0.0383273 0.997416 0.0607586 9.5059 0.999211 0.0388903 -0.00810977 18.2871
-0.0119005 0.0628472 -0.997952 -270.059 -0.0431483 0.997061 0.0633057 9.55595 0.998998 0.0438133 -0.00915373 18.2582
-0.0105469 0.0684045 -0.997602 -271.292 -0.047575 0.996493 0.0688314 9.61644 0.998812 0.0481869 -0.00725557 18.2223
-0.0105018 0.0680464 -0.997627 -272.57 -0.0506407 0.996365 0.0684934 9.67268 0.998662 0.0512399 -0.00701774 18.1815
-0.011059 0.0619223 -0.99802 -273.786 -0.0520977 0.996689 0.0624171 9.72423 0.998581 0.0526848 -0.00779637 18.1614
-0.0109432 0.0563446 -0.998351 -274.983 -0.0511825 0.997071 0.0568334 9.7634 0.998629 0.0517201 -0.00802728 18.1534
-0.0118106 0.0550453 -0.998414 -276.205 -0.0458334 0.997404 0.0555318 9.80794 0.998879 0.0464166 -0.009257 18.1184
-0.0103847 0.0569614 -0.998322 -277.449 -0.040994 0.997513 0.0573416 9.84666 0.999106 0.0415207 -0.00802378 18.1073
-0.00868361 0.0586025 -0.998244 -278.655 -0.041159 0.997414 0.0589119 9.89084 0.999115 0.0415983 -0.00624914 18.0871
-0.00806765 0.0613409 -0.998084 -279.908 -0.0415915 0.997232 0.0616248 9.93445 0.999102 0.042009 -0.00549406 18.0682
-0.00683639 0.0624161 -0.998027 -281.115 -0.043233 0.997099 0.0626542 9.98608 0.999042 0.043576 -0.00411811 18.0546
-0.00694968 0.0640622 -0.997922 -282.358 -0.0431482 0.996997 0.0643034 10.0374 0.999045 0.0435054 -0.00416464 18.0376
-0.00547866 0.0630506 -0.997995 -283.6 -0.0427835 0.997082 0.0632277 10.0803 0.999069 0.0430441 -0.00276514 18.014
-0.00475356 0.0612695 -0.99811 -284.793 -0.0432577 0.997174 0.0614181 10.1307 0.999053 0.0434679 -0.00208975 18.0022
-0.00482916 0.0604556 -0.998159 -286.039 -0.0434721 0.997214 0.0606087 10.1758 0.999043 0.0436847 -0.00218758 17.9849
-0.00498509 0.0601427 -0.998177 -287.242 -0.0439403 0.997212 0.060304 10.222 0.999022 0.0441608 -0.00232851 17.9664
-0.00408412 0.0603524 -0.998169 -288.457 -0.0439233 0.997203 0.0604738 10.2636 0.999027 0.0440899 -0.00142182 17.9521
-0.00448566 0.0605417 -0.998156 -289.707 -0.0458681 0.997103 0.060684 10.3135 0.998937 0.0460557 -0.00169573 17.9404
-0.00365125 0.0608944 -0.998138 -290.913 -0.0444426 0.997148 0.0609966 10.3576 0.999005 0.0445825 -0.000934538 17.9264
-0.00436064 0.0589214 -0.998253 -292.193 -0.0442446 0.997274 0.0590569 10.404 0.999011 0.0444248 -0.00174179 17.913
-0.00367253 0.0562727 -0.998409 -293.383 -0.0450181 0.997394 0.0563811 10.447 0.998979 0.0451535 -0.00112967 17.8969
-0.00443388 0.0533762 -0.998565 -294.639 -0.0456897 0.997521 0.0535233 10.4884 0.998946 0.0458614 -0.00198414 17.8725
-0.00521504 0.0520607 -0.99863 -295.86 -0.0481573 0.997472 0.0522519 10.5248 0.998826 0.0483638 -0.00269476 17.8573
-0.00549725 0.0521366 -0.998625 -297.075 -0.0505924 0.997347 0.0523483 10.5632 0.998704 0.0508106 -0.00284494 17.8393
-0.00591265 0.0534242 -0.998554 -298.271 -0.0534581 0.997127 0.0536643 10.6009 0.998553 0.0536982 -0.0030397 17.828
-0.00670124 0.0544817 -0.998492 -299.531 -0.0566788 0.996889 0.0547746 10.6412 0.99837 0.0569604 -0.00359243 17.8106
-0.00619737 0.0544492 -0.998497 -300.741 -0.0581049 0.99681 0.0547178 10.6819 0.998291 0.0583567 -0.00301383 17.7817
-0.00695119 0.0528951 -0.998576 -301.992 -0.0573188 0.996937 0.0532073 10.7206 0.998332 0.057607 -0.00389801 17.7553
-0.00755114 0.0505084 -0.998695 -303.224 -0.0554929 0.997163 0.0508505 10.7578 0.998431 0.0558044 -0.00472686 17.7367
-0.00740921 0.0502455 -0.998709 -304.436 -0.0516124 0.997386 0.0505619 10.7908 0.99864 0.0519204 -0.00479655 17.7075
-0.0087479 0.0520183 -0.998608 -305.695 -0.0492462 0.997412 0.0523874 10.8299 0.998748 0.0496359 -0.00616356 17.709
-0.00919579 0.0534494 -0.998528 -306.929 -0.0468396 0.997451 0.0538231 10.865 0.99886 0.0472656 -0.00666881 17.6722
-0.00994991 0.0526057 -0.998566 -308.152 -0.0478553 0.997446 0.0530236 10.9031 0.998805 0.0483142 -0.00740703 17.6495
