1 -4.1311e-11 -1.95776e-11 0 -4.12612e-11 1 -1.70424e-11 0 -1.42043e-10 -1.70424e-11 1 -2.98023e-08
1 -0.000453114 0.000266897 0.00589967 0.000452518 0.999997 0.00222967 -0.0306774 -0.000267907 -0.00222955 0.999998 1.31017
0.999997 -0.0022906 0.000519365 -0.00819215 0.00228923 0.999994 0.00261382 -0.0565311 -0.000525349 -0.00261262 0.999996 2.62061
0.999994 -0.00352036 -0.000198831 -0.0206616 0.00352085 0.999991 0.00253524 -0.0861755 0.000189904 -0.00253593 0.999997 3.9379
0.999992 -0.00394555 0.000664515 -0.0272696 0.00394382 0.999989 0.00259084 -0.110732 -0.00067473 -0.00258819 0.999996 5.25393
0.999992 -0.00410005 -0.000465707 -0.0390537 0.0041015 0.999987 0.00316202 -0.131728 0.000452736 -0.00316391 0.999995 6.57413
0.999984 -0.00555233 0.000602082 -0.050964 0.00554916 0.999971 0.00514367 -0.157066 -0.000630625 -0.00514025 0.999987 7.90905
0.999983 -0.00582802 0.000908059 -0.0485375 0.00582286 0.999968 0.00557976 -0.178297 -0.000940548 -0.00557438 0.999984 9.23515
0.999989 -0.00460941 -5.36186e-05 -0.0621484 0.0046096 0.99998 0.00432121 -0.203012 3.36991e-05 -0.00432141 0.999991 10.5788
0.999999 -0.00133248 -0.00034469 -0.0745765 0.00133327 0.999996 0.00228735 -0.224904 0.000341641 -0.00228781 0.999997 11.9032
0.999998 0.00217808 0.000389871 -0.086231 -0.0021785 0.999997 0.00106261 -0.255496 -0.000387555 -0.00106345 0.999999 13.2225
0.999989 0.00461254 0.000178032 -0.127295 -0.00461275 0.999989 0.0012207 -0.279138 -0.0001724 -0.00122151 0.999999 14.5784
0.999986 0.00524759 0.000823842 -0.135407 -0.00524944 0.999984 0.00226955 -0.303671 -0.000811919 -0.00227385 0.999997 15.9153
0.999996 0.00282075 0.000696846 -0.130637 -0.00282412 0.999984 0.00487172 -0.328081 -0.000683094 -0.00487367 0.999988 17.2769
0.999998 -0.00151477 0.00104732 -0.120604 0.00150754 0.999975 0.0068637 -0.351467 -0.00105769 -0.00686211 0.999976 18.6237
0.999993 -0.00383952 0.000248545 -0.144749 0.00383812 0.999978 0.00540473 -0.374585 -0.000269292 -0.00540373 0.999985 19.994
0.999988 -0.00473501 0.00100727 -0.149178 0.00473189 0.999984 0.0030781 -0.393945 -0.00102183 -0.0030733 0.999995 21.3299
0.999997 -0.00208699 0.00100543 -0.160565 0.00208467 0.999995 0.00229977 -0.425823 -0.00101023 -0.00229767 0.999997 22.69
0.999998 0.00028115 0.0018273 -0.162951 -0.000287925 0.999993 0.00370826 -0.442772 -0.00182624 -0.00370878 0.999991 24.0786
0.999996 -0.000532428 0.00289826 -0.147212 0.000510063 0.99997 0.00771151 -0.461904 -0.00290228 -0.00771 0.999966 25.4547
0.999995 -0.0021562 0.00235717 -0.137126 0.00213469 0.999956 0.0090882 -0.477934 -0.00237666 -0.00908312 0.999956 26.8153
0.999979 -0.00578871 0.00296894 -0.162868 0.00576399 0.999949 0.00826969 -0.502355 -0.00301666 -0.00825241 0.999961 28.1859
0.999978 -0.00627211 0.0021373 -0.177336 0.00626045 0.999966 0.00541889 -0.516295 -0.00217122 -0.00540539 0.999983 29.5556
0.999976 -0.00582069 0.00376534 -0.177977 0.00580707 0.999977 0.00361775 -0.546816 -0.00378631 -0.0035958 0.999986 30.9578
0.999989 -0.00339353 0.00331787 -0.175203 0.00338555 0.999991 0.00241004 -0.565085 -0.00332602 -0.00239878 0.999992 32.3177
0.999992 -0.00124704 0.00394351 -0.173863 0.00124365 0.999999 0.000860205 -0.59689 -0.00394458 -0.000855293 0.999992 33.7098
0.999987 -5.82241e-05 0.00508965 -0.173677 5.37628e-05 1 0.00087662 -0.623355 -0.0050897 -0.000876335 0.999987 35.0658
0.99999 -0.00183153 0.00414043 -0.177388 0.00182005 0.999995 0.00277587 -0.648156 -0.00414549 -0.0027683 0.999988 36.4722
0.99999 -6.455e-05 0.0044628 -0.165225 4.56637e-05 0.999991 0.00423198 -0.67326 -0.00446304 -0.00423173 0.999981 37.8646
0.999987 0.00253453 0.00434947 -0.195896 -0.00255449 0.999986 0.00458861 -0.695581 -0.00433778 -0.00459966 0.99998 39.2281
0.999976 0.0050756 0.00467032 -0.182392 -0.00509611 0.999977 0.00438993 -0.720706 -0.00464793 -0.00441363 0.999979 40.6485
0.999963 0.00691356 0.00507437 -0.202265 -0.00693848 0.999964 0.00490865 -0.741236 -0.00504025 -0.00494368 0.999975 42.0539
0.999958 0.00833251 0.00383311 -0.188874 -0.00835196 0.999952 0.00508528 -0.766308 -0.00379056 -0.00511708 0.99998 43.4645
0.999967 0.00714905 0.00375565 -0.194719 -0.00716786 0.999962 0.00502005 -0.790901 -0.00371962 -0.0050468 0.99998 44.8836
0.999973 0.00657078 0.00315688 -0.205216 -0.00658523 0.999968 0.00458744 -0.814876 -0.00312663 -0.00460811 0.999985 46.2755
0.999978 0.00613642 0.00256463 -0.205619 -0.00614957 0.999968 0.0051506 -0.837954 -0.00253294 -0.00516626 0.999983 47.6944
0.999982 0.00589065 0.00113399 -0.200477 -0.00589734 0.999965 0.00598903 -0.860568 -0.00109867 -0.00599561 0.999982 49.1068
0.999977 0.00682853 0.000421318 -0.220161 -0.00683101 0.999957 0.00620069 -0.883387 -0.000378959 -0.00620343 0.999981 50.5208
0.999973 0.00737023 -0.00063816 -0.221402 -0.00736604 0.999953 0.0063423 -0.906384 0.000684874 -0.00633743 0.99998 51.9538
0.999972 0.00700956 -0.00256579 -0.215413 -0.0069897 0.999946 0.00766654 -0.924756 0.00261939 -0.00764839 0.999967 53.3832
0.999979 0.00584342 -0.002604 -0.241533 -0.00582084 0.999946 0.00859539 -0.945942 0.00265408 -0.00858005 0.99996 54.8233
0.999986 0.00388422 -0.00345186 -0.237969 -0.00385388 0.999954 0.00875242 -0.96587 0.0034857 -0.008739 0.999956 56.2302
0.999991 0.00209195 -0.0037239 -0.253009 -0.00206127 0.999964 0.00822253 -0.988824 0.00374097 -0.00821477 0.999959 57.6405
0.999994 0.000985874 -0.00342541 -0.26876 -0.000956041 0.999962 0.00869981 -1.0084 0.00343386 -0.00869648 0.999956 59.1019
0.999996 6.82866e-05 -0.00292461 -0.277598 -4.06951e-05 0.999956 0.00943323 -1.03056 0.00292513 -0.00943307 0.999951 60.5034
0.999995 -0.00203649 -0.00226231 -0.292041 0.00205948 0.999946 0.0102084 -1.04916 0.00224139 -0.010213 0.999945 61.9543
0.999992 -0.00381235 -0.00131494 -0.305303 0.00382534 0.999942 0.0100207 -1.06883 0.00127666 -0.0100257 0.999949 63.3827
0.999988 -0.00470045 -0.00136772 -0.30235 0.00471274 0.999947 0.00912315 -1.09131 0.00132477 -0.00912949 0.999957 64.8241
0.999989 -0.00469932 -0.000791191 -0.307682 0.00470632 0.999948 0.00910094 -1.11434 0.000748381 -0.00910456 0.999958 66.259
0.999996 -0.00264225 0.000131 -0.325608 0.00264095 0.999956 0.00902971 -1.13554 -0.000154853 -0.00902933 0.999959 67.6637
0.999999 -0.000133988 0.00123116 -0.332284 0.000121233 0.999946 0.0103553 -1.15525 -0.00123248 -0.0103551 0.999946 69.0524
0.999992 0.00377228 0.00117821 -0.339767 -0.00378564 0.999926 0.0115552 -1.17657 -0.00113453 -0.0115595 0.999933 70.5105
0.999972 0.00714626 0.00221065 -0.352912 -0.00717299 0.999898 0.0123286 -1.19341 -0.00212232 -0.0123441 0.999922 71.8986
0.999927 0.0117104 0.00297346 -0.366222 -0.0117451 0.99986 0.011953 -1.20925 -0.00283307 -0.011987 0.999924 73.2881
0.999882 0.0149397 0.00371118 -0.369359 -0.0149809 0.999824 0.0113204 -1.22817 -0.0035414 -0.0113746 0.999929 74.6787
0.999848 0.0167843 0.00475452 -0.382422 -0.0168377 0.999793 0.0114127 -1.24712 -0.00456198 -0.011491 0.999924 76.129
0.999853 0.0165011 0.00470758 -0.385161 -0.0165561 0.999792 0.0118998 -1.26239 -0.00451024 -0.011976 0.999918 77.5175
0.999874 0.0152143 0.00449501 -0.386022 -0.0152668 0.999813 0.0118983 -1.28202 -0.00431314 -0.0119654 0.999919 78.9087
0.999884 0.0145778 0.00452247 -0.384262 -0.0146268 0.999833 0.0109871 -1.30032 -0.00436155 -0.0110519 0.999929 80.2856
0.999901 0.0135336 0.0039292 -0.386396 -0.0135765 0.999846 0.0111115 -1.31747 -0.00377822 -0.0111638 0.999931 81.6938
0.999896 0.0138208 0.00411523 -0.39387 -0.0138668 0.999839 0.011377 -1.3367 -0.00395733 -0.0114328 0.999927 83.0618
0.9999 0.0136988 0.0033667 -0.394214 -0.0137359 0.999843 0.011245 -1.35498 -0.00321213 -0.0112901 0.999931 84.3817
0.999905 0.0135517 0.00264689 -0.399524 -0.0135811 0.999843 0.0114001 -1.37173 -0.00249198 -0.011435 0.999932 85.9014
0.999915 0.0129042 0.00169496 -0.405022 -0.0129242 0.99984 0.0123294 -1.39174 -0.00153559 -0.0123502 0.999923 87.3022
0.99994 0.0109326 0.000659709 -0.408046 -0.0109405 0.999849 0.013476 -1.40844 -0.000512281 -0.0134824 0.999909 88.6653
0.999959 0.00901929 -0.000311149 -0.419346 -0.00901392 0.999857 0.014294 -1.42454 0.000440027 -0.0142906 0.999898 90.0666
0.999975 0.00705657 -0.00105154 -0.42641 -0.00704105 0.999876 0.0140946 -1.44063 0.00115087 -0.0140869 0.9999 91.4816
0.999983 0.00561419 -0.00163626 -0.433874 -0.00559093 0.999888 0.0138897 -1.4554 0.00171406 -0.0138804 0.999902 92.8857
0.999988 0.00448903 -0.00180187 -0.442439 -0.00446424 0.999899 0.0135338 -1.47046 0.00186244 -0.0135256 0.999907 94.1953
0.999985 0.00534311 -0.00153939 -0.446015 -0.00532227 0.999898 0.0132382 -1.48763 0.00160997 -0.0132298 0.999911 95.6857
0.999988 0.00455762 -0.00196234 -0.456237 -0.00453238 0.999909 0.0126814 -1.50258 0.00201996 -0.0126723 0.999918 97.0914
0.999982 0.00572008 -0.00172253 -0.462857 -0.00569904 0.999912 0.0119806 -1.52024 0.00179091 -0.0119706 0.999927 98.3582
0.999974 0.0071111 -0.00128852 -0.474883 -0.00709485 0.9999 0.0122052 -1.53553 0.00137519 -0.0121957 0.999925 99.8058
0.999971 0.00751341 -0.000940084 -0.486446 -0.00749969 0.999876 0.0138294 -1.55358 0.00104387 -0.0138219 0.999904 101.332
0.999966 0.00813654 -0.00104864 -0.496891 -0.00811938 0.999848 0.0154416 -1.56926 0.00117412 -0.0154326 0.99988 102.967
0.999971 0.00760111 -0.000869564 -0.505919 -0.00758794 0.999869 0.0142641 -1.58496 0.000977874 -0.0142571 0.999898 104.288
0.999968 0.00801873 -0.000625446 -0.515727 -0.00801097 0.999901 0.0115637 -1.60065 0.00071811 -0.0115584 0.999933 105.631
0.999967 0.00804586 -0.000927585 -0.522288 -0.00803581 0.999914 0.0103659 -1.61869 0.00101091 -0.0103582 0.999946 107.047
0.999985 0.00543284 -0.000656176 -0.531484 -0.00542476 0.999916 0.0117488 -1.6358 0.000719951 -0.0117451 0.999931 108.287
0.999996 0.0027768 -0.00013093 -0.531575 -0.00277466 0.999896 0.0141828 -1.64681 0.000170299 -0.0141823 0.999899 109.606
0.999999 0.000910744 0.000692662 -0.544454 -0.000921048 0.999887 0.0150252 -1.66422 -0.0006789 -0.0150259 0.999887 110.957
0.999999 -0.000117169 0.00139382 -0.545525 9.81559e-05 0.999907 0.0136341 -1.67696 -0.00139529 -0.013634 0.999906 112.315
0.999995 0.00214429 0.00218624 -0.545392 -0.00216845 0.999936 0.011112 -1.6922 -0.00216227 -0.0111167 0.999936 113.628
0.999986 0.00415559 0.00314487 -0.54989 -0.00418434 0.999949 0.00919407 -1.70855 -0.0031065 -0.0092071 0.999953 115.106
0.999959 0.00788452 0.00440436 -0.555593 -0.007924 0.999928 0.00901936 -1.72461 -0.00433293 -0.00905389 0.99995 116.366
0.999941 0.00906021 0.00605803 -0.559549 -0.00912762 0.999896 0.0111938 -1.73988 -0.00595598 -0.0112485 0.999919 117.649
0.999937 0.00872515 0.00707202 -0.55817 -0.00882232 0.999866 0.0138265 -1.75366 -0.00695043 -0.013888 0.999879 118.994
0.999941 0.00787949 0.0075194 -0.556946 -0.00798701 0.999865 0.0143787 -1.76728 -0.00740509 -0.0144379 0.999868 120.313
0.999927 0.00838329 0.0087218 -0.550086 -0.00850398 0.999867 0.0138943 -1.77876 -0.00860416 -0.0139675 0.999865 121.713
0.999903 0.00957634 0.0100918 -0.549886 -0.00971246 0.999861 0.013527 -1.78921 -0.00996082 -0.0136237 0.999858 123.003
0.999868 0.0114309 0.0115617 -0.542533 -0.0115841 0.999845 0.0132737 -1.79864 -0.0114082 -0.0134059 0.999845 124.304
0.999843 0.0125634 0.0125219 -0.540386 -0.0127172 0.999844 0.0122781 -1.81428 -0.0123657 -0.0124354 0.999846 125.729
0.999816 0.0137461 0.0133833 -0.526496 -0.0139031 0.999835 0.0117073 -1.82508 -0.0132202 -0.0118912 0.999842 126.969
0.99982 0.0125997 0.0141971 -0.522817 -0.0127642 0.999852 0.0115581 -1.84055 -0.0140494 -0.0117372 0.999832 128.404
0.999805 0.0123845 0.0153977 -0.510813 -0.01258 0.999841 0.0126651 -1.85498 -0.0152384 -0.0128563 0.999801 129.745
0.999813 0.0106371 0.0161196 -0.499832 -0.0108619 0.999844 0.0139232 -1.86775 -0.015969 -0.0140957 0.999773 131.099
0.999814 0.00996157 0.0165093 -0.477246 -0.0101929 0.99985 0.0139873 -1.88027 -0.0163675 -0.014153 0.999766 132.385
0.999834 0.008029 0.0163358 -0.464703 -0.00826623 0.999861 0.0145069 -1.89118 -0.016217 -0.0146395 0.999761 133.74
0.999849 0.00569419 0.0164485 -0.447958 -0.00594553 0.999866 0.015272 -1.90139 -0.0163593 -0.0153675 0.999748 135.062
0.999867 0.0043261 0.0157121 -0.4294 -0.00456506 0.999874 0.015205 -1.91384 -0.0156443 -0.0152747 0.999761 136.405
0.99989 0.00342346 0.0144594 -0.419136 -0.00364083 0.99988 0.0150337 -1.92556 -0.0144062 -0.0150846 0.999783 137.793
0.99991 0.00162116 0.0133258 -0.39349 -0.00183638 0.999868 0.0161541 -1.93428 -0.0132979 -0.0161772 0.999781 139.11
0.999921 0.000127955 0.0125625 -0.38396 -0.000332495 0.999867 0.016281 -1.94574 -0.0125588 -0.0162839 0.999789 140.485
0.999937 -0.000943196 0.0111963 -0.369615 0.000757732 0.999863 0.0165576 -1.95395 -0.0112104 -0.0165481 0.9998 141.824
0.999947 -0.000835552 0.0102477 -0.359644 0.000672129 0.999873 0.0159403 -1.96491 -0.0102598 -0.0159326 0.999821 143.172
0.999958 -0.00155708 0.0090743 -0.351741 0.00141492 0.999877 0.015651 -1.97051 -0.00909754 -0.0156374 0.999836 144.543
0.999963 -0.00252993 0.00817945 -0.343201 0.0024201 0.999907 0.0134095 -1.98458 -0.00821261 -0.0133892 0.999877 145.917
0.999943 -0.00774507 0.00740422 -0.33108 0.00765166 0.999892 0.0125617 -2.00195 -0.00750071 -0.0125043 0.999894 147.273
0.999849 -0.0162519 0.00612354 -0.313156 0.0161552 0.999749 0.0155127 -2.00848 -0.00637411 -0.0154115 0.999861 148.645
0.999696 -0.0242098 0.0046769 -0.29704 0.0241269 0.999564 0.0170508 -2.01596 -0.00508766 -0.0169328 0.999844 149.959
0.999618 -0.0273778 0.00376101 -0.285633 0.0273215 0.999525 0.0142741 -2.0284 -0.00415002 -0.0141659 0.999891 151.361
0.999667 -0.0254381 0.00424099 -0.285294 0.0253932 0.999624 0.0103158 -2.04613 -0.00450181 -0.0102047 0.999938 152.669
0.999723 -0.0230127 0.00487777 -0.280525 0.0229707 0.9997 0.00848251 -2.05753 -0.00507151 -0.00836811 0.999952 154
0.999753 -0.0213932 0.0060359 -0.277823 0.0213406 0.999735 0.00864814 -2.0822 -0.00621931 -0.0085172 0.999944 155.381
0.999658 -0.0253404 0.00647569 -0.273113 0.0252632 0.999612 0.0117457 -2.09384 -0.00677082 -0.0115781 0.99991 156.735
0.999473 -0.0317524 0.00673296 -0.257854 0.0316474 0.999384 0.0151604 -2.11077 -0.0072102 -0.0149394 0.999862 158.034
0.999348 -0.0354862 0.00659318 -0.249207 0.0353745 0.99924 0.016356 -2.11631 -0.00716858 -0.0161121 0.999845 159.373
0.999292 -0.0370351 0.00669059 -0.240826 0.0369196 0.99918 0.0166309 -2.12736 -0.00730103 -0.0163721 0.999839 160.754
0.999356 -0.0351311 0.00735573 -0.228024 0.0350015 0.999242 0.0170584 -2.13497 -0.00794943 -0.0167899 0.999828 162.035
0.99945 -0.032001 0.0087549 -0.23011 0.0318527 0.999355 0.0165848 -2.14181 -0.00927998 -0.0162968 0.999824 163.43
0.999579 -0.0273239 0.00973109 -0.232966 0.0271837 0.999529 0.0142666 -2.15361 -0.0101163 -0.0139961 0.999851 164.771
0.999647 -0.0243704 0.0106161 -0.227721 0.0242253 0.999614 0.0135871 -2.16301 -0.0109432 -0.0133251 0.999851 166.15
0.999677 -0.0230265 0.0107301 -0.220995 0.0228624 0.999623 0.0151766 -2.17191 -0.0110755 -0.0149264 0.999827 167.487
0.999705 -0.0218498 0.0106041 -0.21265 0.0216898 0.999653 0.0149796 -2.18218 -0.0109277 -0.0147452 0.999832 168.837
0.999761 -0.0196076 0.00972131 -0.207822 0.0194837 0.99973 0.0126791 -2.19275 -0.00996729 -0.0124867 0.999872 170.291
0.999837 -0.0152345 0.00971923 -0.206869 0.0151393 0.999837 0.00980359 -2.20928 -0.009867 -0.00965485 0.999905 171.669
0.999914 -0.00933185 0.00925229 -0.209558 0.00925295 0.999921 0.0085348 -2.22661 -0.00933121 -0.00844845 0.999921 173.068
0.999939 -0.00527116 0.00967926 -0.209303 0.00517803 0.99994 0.00962171 -2.24059 -0.0097294 -0.00957101 0.999907 174.399
0.999944 -0.0028475 0.010159 -0.205247 0.00272647 0.999925 0.0119073 -2.25463 -0.0101922 -0.011879 0.999878 175.798
0.999944 -0.00221236 0.0103142 -0.19941 0.00206617 0.999898 0.0141629 -2.2685 -0.0103445 -0.0141408 0.999847 177.29
0.999946 -0.00406778 0.00957554 -0.196646 0.00391998 0.999874 0.0154032 -2.27547 -0.00963699 -0.0153648 0.999836 178.591
0.999941 -0.00758997 0.00778696 -0.179271 0.00746944 0.999854 0.0153925 -2.28369 -0.00790265 -0.0153334 0.999851 180.102
0.99995 -0.00763864 0.00638452 -0.188261 0.00756379 0.999903 0.0116657 -2.29618 -0.00647301 -0.0116168 0.999912 181.628
0.999979 -0.00451476 0.00462419 -0.183301 0.00448058 0.999963 0.00737745 -2.31773 -0.00465732 -0.00735657 0.999962 182.986
0.99999 -0.00079224 0.00436389 -0.196826 0.000764443 0.999979 0.00636804 -2.33003 -0.00436885 -0.00636464 0.99997 184.468
0.999985 0.00365484 0.0040282 -0.201279 -0.00368472 0.999966 0.00743507 -2.35297 -0.00400088 -0.0074498 0.999964 185.779
0.999978 0.00494439 0.00436651 -0.198442 -0.00499173 0.999928 0.010898 -2.36564 -0.00431231 -0.0109195 0.999931 187.266
0.999978 0.00491562 0.00449946 -0.207465 -0.00497483 0.9999 0.0132445 -2.38079 -0.00443391 -0.0132666 0.999902 188.743
0.999977 0.00464256 0.0049848 -0.207363 -0.00471304 0.999888 0.0142221 -2.39092 -0.00491822 -0.0142452 0.999886 190.119
0.999986 0.00311331 0.00426888 -0.205044 -0.00317806 0.999879 0.0152465 -2.39927 -0.0042209 -0.0152598 0.999875 191.492
0.99999 -0.000203735 0.00441238 -0.203584 0.000134013 0.999875 0.0157957 -2.40738 -0.00441505 -0.015795 0.999866 192.917
0.999986 -0.00229469 0.0048389 -0.201937 0.00221761 0.999872 0.0158743 -2.41869 -0.00487471 -0.0158633 0.999862 194.493
0.999971 -0.00575076 0.00495764 -0.195887 0.00566501 0.999837 0.0171408 -2.42429 -0.00505541 -0.0171122 0.999841 195.825
0.999932 -0.01026 0.00548891 -0.18719 0.0101558 0.999774 0.0186822 -2.42881 -0.00567935 -0.0186252 0.99981 197.315
0.999875 -0.0147621 0.0057365 -0.172668 0.0146505 0.999712 0.0190316 -2.4333 -0.00601579 -0.0189452 0.999802 198.684
0.999909 -0.0121268 0.00593046 -0.17527 0.0120387 0.99982 0.0146722 -2.44356 -0.00610732 -0.0145994 0.999875 200.214
0.999967 -0.00454239 0.00670916 -0.1802 0.00447804 0.999944 0.00957504 -2.45667 -0.00675227 -0.00954468 0.999932 201.562
0.999954 0.00601945 0.00750991 -0.187113 -0.00608767 0.99994 0.00909432 -2.47264 -0.00745471 -0.00913961 0.99993 203.063
0.999883 0.0123657 0.00905445 -0.204845 -0.0124826 0.999838 0.0129725 -2.48132 -0.00889257 -0.013084 0.999875 204.496
0.999851 0.0143413 0.00962243 -0.192342 -0.0144894 0.999775 0.0154999 -2.49352 -0.00939797 -0.0156371 0.999834 205.952
0.999872 0.0129904 0.00929012 -0.189158 -0.013136 0.999789 0.0157957 -2.50116 -0.00908297 -0.0159158 0.999832 207.394
0.99993 0.00894945 0.00775146 -0.176811 -0.0090734 0.999829 0.0161059 -2.50521 -0.007606 -0.0161751 0.99984 208.899
0.999951 0.0073053 0.00672511 -0.167709 -0.00740854 0.999853 0.0154554 -2.52174 -0.00661121 -0.0155045 0.999858 210.393
0.99995 0.00761702 0.0064145 -0.166513 -0.00771245 0.999858 0.014987 -2.52428 -0.00629943 -0.0150357 0.999867 211.817
0.999938 0.008997 0.00658569 -0.16086 -0.00909724 0.999841 0.0153528 -2.53811 -0.00644652 -0.0154118 0.999861 213.317
0.999931 0.00992801 0.00636106 -0.1643 -0.0100319 0.999813 0.0165207 -2.54377 -0.00619586 -0.0165834 0.999843 214.762
0.999935 0.00961394 0.00613321 -0.161263 -0.00971325 0.999819 0.0163733 -2.55538 -0.00597468 -0.0164318 0.999847 216.306
0.999943 0.00917923 0.00539878 -0.156528 -0.00925968 0.999844 0.0150711 -2.56251 -0.00525959 -0.0151203 0.999872 217.674
0.999946 0.00882753 0.00544051 -0.160935 -0.00890861 0.999847 0.0150651 -2.57015 -0.00530669 -0.0151128 0.999872 219.187
0.999948 0.00895494 0.00480304 -0.157434 -0.00902618 0.999846 0.0150226 -2.58019 -0.00466777 -0.0150652 0.999876 220.687
0.999947 0.00926903 0.00459 -0.159199 -0.00933565 0.999848 0.0147112 -2.59223 -0.00445295 -0.0147532 0.999881 222.187
0.999945 0.00945732 0.00447646 -0.157835 -0.00952194 0.999848 0.0146425 -2.60276 -0.0043373 -0.0146843 0.999883 223.673
0.999937 0.0105363 0.00386101 -0.157901 -0.010592 0.999836 0.0146837 -2.61051 -0.00370566 -0.0147237 0.999885 225.174
0.999943 0.0102408 0.00317174 -0.158856 -0.0102855 0.999843 0.0144222 -2.62287 -0.00302355 -0.014454 0.999891 226.747
0.999934 0.0111246 0.0028696 -0.164603 -0.011165 0.999833 0.0144726 -2.6333 -0.00270812 -0.0145037 0.999891 228.201
0.999945 0.0101206 0.00293832 -0.168114 -0.0101631 0.999838 0.0148428 -2.64323 -0.00278762 -0.0148718 0.999886 229.735
0.999948 0.00969796 0.0031911 -0.173552 -0.00974302 0.999849 0.0144219 -2.6555 -0.00305075 -0.0144522 0.999891 231.219
0.99996 0.00832979 0.00320194 -0.173188 -0.00837698 0.999852 0.0150173 -2.66442 -0.00307637 -0.0150435 0.999882 232.703
0.999974 0.00640468 0.00327315 -0.172008 -0.0064553 0.999856 0.0156975 -2.67376 -0.00317214 -0.0157182 0.999871 234.192
0.999975 0.00626911 0.00328654 -0.170317 -0.0063215 0.999849 0.0161834 -2.68364 -0.00318459 -0.0162037 0.999864 235.743
0.999976 0.00617452 0.00323718 -0.174856 -0.0062258 0.999851 0.0160776 -2.69188 -0.00313742 -0.0160974 0.999866 237.214
0.99996 0.00811229 0.00371901 -0.169959 -0.00816842 0.999849 0.0153324 -2.70354 -0.00359406 -0.0153622 0.999876 238.659
0.999949 0.00925861 0.00405652 -0.177388 -0.0093231 0.999826 0.0161781 -2.71271 -0.00390603 -0.0162151 0.999861 240.183
0.999951 0.00858192 0.00499288 -0.180383 -0.00867243 0.999793 0.0183982 -2.71594 -0.00483396 -0.0184406 0.999818 241.709
0.999952 0.00811332 0.00553536 -0.17849 -0.00821623 0.999789 0.0188298 -2.72391 -0.00538142 -0.0188744 0.999807 243.264
0.999937 0.00939656 0.0062253 -0.177379 -0.00950402 0.999802 0.0174639 -2.73146 -0.00605997 -0.017522 0.999828 244.674
0.999929 0.0098632 0.00667948 -0.176724 -0.00996991 0.99982 0.016136 -2.73976 -0.00651912 -0.0162014 0.999848 246.248
0.999924 0.010158 0.00702867 -0.173098 -0.0102732 0.99981 0.0165497 -2.74232 -0.00685922 -0.0166207 0.999838 247.745
0.999928 0.00964497 0.00708423 -0.168453 -0.00976881 0.999796 0.0176601 -2.7505 -0.00691245 -0.0177281 0.999819 249.255
0.999929 0.00984562 0.00675045 -0.166294 -0.00996954 0.999778 0.0185769 -2.75855 -0.00656605 -0.0186429 0.999805 250.784
0.999923 0.0104555 0.00672028 -0.162369 -0.0105786 0.999772 0.0185491 -2.76401 -0.00652481 -0.0186188 0.999805 252.31
0.99991 0.0116623 0.00660277 -0.160343 -0.0117847 0.999754 0.0188142 -2.76792 -0.00638173 -0.0188903 0.999801 253.818
0.999893 0.0127979 0.00702757 -0.15559 -0.0129286 0.999738 0.0188901 -2.77389 -0.00678397 -0.0189789 0.999797 255.349
0.99988 0.0138024 0.00700215 -0.153132 -0.0139346 0.999719 0.0191992 -2.77593 -0.00673518 -0.0192944 0.999791 256.913
0.999908 0.0117284 0.00675817 -0.153075 -0.0118598 0.999735 0.0197535 -2.78127 -0.0065247 -0.0198319 0.999782 258.409
0.999925 0.0102325 0.00664508 -0.146625 -0.0103664 0.999738 0.0204286 -2.78307 -0.0064343 -0.020496 0.999769 259.959
0.999952 0.00697717 0.0069453 -0.130992 -0.00712601 0.99974 0.0216422 -2.7885 -0.00679249 -0.0216906 0.999742 261.538
0.999962 0.00546289 0.00678042 -0.132831 -0.00560328 0.999767 0.0208611 -2.78709 -0.00666488 -0.0208983 0.999759 263.042
0.999959 0.00561573 0.0071627 -0.113701 -0.00575706 0.999786 0.0198652 -2.79432 -0.00704961 -0.0199056 0.999777 264.58
0.999967 0.00297625 0.00759906 -0.104466 -0.00314238 0.999754 0.0219441 -2.79633 -0.00753188 -0.0219673 0.99973 266.163
0.999972 -0.000743467 0.00749876 -0.10274 0.000562785 0.99971 0.0240682 -2.78722 -0.00751448 -0.0240633 0.999682 267.717
0.999967 -0.00146645 0.00805334 -0.0880972 0.00128051 0.999734 0.0230454 -2.79438 -0.00808499 -0.0230343 0.999702 269.252
0.999962 -0.00172077 0.00855416 -0.0806491 0.00153236 0.999757 0.0219835 -2.79416 -0.00858991 -0.0219696 0.999722 270.841
0.999956 -0.000814901 0.00930684 -0.0716869 0.000609265 0.999756 0.0220765 -2.79324 -0.00932256 -0.0220699 0.999713 272.349
0.999943 0.000422967 0.0107009 -0.0627841 -0.000661297 0.999752 0.0222784 -2.79263 -0.0106888 -0.0222842 0.999695 273.92
0.999929 0.0023976 0.0117058 -0.0388918 -0.00265333 0.999757 0.0218795 -2.79671 -0.0116505 -0.021909 0.999692 275.481
0.999909 0.00327714 0.013094 -0.0189352 -0.00356347 0.999754 0.0219041 -2.79536 -0.0130189 -0.0219488 0.999674 277.052
0.999899 0.00317691 0.0138438 0.00587046 -0.00347982 0.999754 0.0219123 -2.79711 -0.0137708 -0.0219582 0.999664 278.585
0.999876 0.00384095 0.0152588 0.0108778 -0.00416458 0.999766 0.0212347 -2.79898 -0.0151736 -0.0212956 0.999658 280.205
0.999865 0.00333481 0.0160796 0.0299314 -0.00366929 0.999777 0.0208167 -2.80321 -0.0160066 -0.0208728 0.999654 281.722
0.999839 0.0034174 0.0176115 0.0548243 -0.00378434 0.999776 0.020844 -2.80723 -0.0175363 -0.0209073 0.999628 283.282
0.999841 0.00144164 0.0177933 0.0818344 -0.00184082 0.999747 0.0224383 -2.80477 -0.0177564 -0.0224675 0.99959 284.824
0.999826 0.000174004 0.0186328 0.114853 -0.000596586 0.999743 0.0226764 -2.80789 -0.018624 -0.0226836 0.999569 286.441
0.99983 -0.000811871 0.0184471 0.143116 0.000434933 0.999791 0.0204284 -2.81235 -0.0184598 -0.0204169 0.999621 288.025
0.999818 -0.000220617 0.0190513 0.177216 -0.000122347 0.999838 0.0179991 -2.81699 -0.0190522 -0.0179981 0.999657 289.577
0.999831 -0.00104868 0.0183532 0.200577 0.000712018 0.999832 0.0183402 -2.817 -0.0183694 -0.018324 0.999663 291.172
0.999844 -0.00237416 0.0174875 0.242777 0.00204998 0.999826 0.0185324 -2.82461 -0.0175285 -0.0184936 0.999675 292.745
0.999854 -0.00233255 0.0169559 0.249368 0.00202876 0.999838 0.0179115 -2.82875 -0.0169949 -0.0178745 0.999696 294.248
0.999871 -0.00183092 0.0159545 0.287251 0.00155039 0.999844 0.0175777 -2.8353 -0.0159842 -0.0175507 0.999718 295.927
0.99988 -0.00225337 0.015304 0.301772 0.00197186 0.999829 0.0183844 -2.83558 -0.0153428 -0.0183521 0.999714 297.412
0.999883 -0.0022623 0.0151629 0.323021 0.00197967 0.999825 0.0186286 -2.84302 -0.0152024 -0.0185964 0.999712 299.039
0.9999 -0.0019493 0.0140038 0.359418 0.00167376 0.999805 0.0196607 -2.84862 -0.0140394 -0.0196353 0.999709 300.64
0.999911 -0.0021629 0.0131456 0.365289 0.00187781 0.999764 0.0216608 -2.8438 -0.0131893 -0.0216342 0.999679 302.204
0.999893 -0.00065586 0.014578 0.383975 0.000343548 0.999771 0.0214157 -2.84928 -0.0145887 -0.0214084 0.999664 303.843
0.999873 -0.000311332 0.015958 0.410936 -3.10072e-05 0.99977 0.0214479 -2.84435 -0.015961 -0.0214457 0.999643 305.387
0.999863 -0.00143579 0.0164758 0.437188 0.00108496 0.999773 0.0212831 -2.84283 -0.0165026 -0.0212623 0.999638 307.047
0.999854 -0.00378462 0.0166863 0.473586 0.0034451 0.999787 0.0203292 -2.84501 -0.0167597 -0.0202687 0.999654 308.618
0.999841 -0.00521456 0.0170282 0.477295 0.00489826 0.999816 0.018564 -2.8458 -0.0171219 -0.0184777 0.999683 310.204
0.99983 -0.0057257 0.0175447 0.516535 0.0054208 0.999834 0.0173773 -2.85213 -0.0176413 -0.0172792 0.999695 311.906
0.999879 -0.00478206 0.0147793 0.537753 0.00453445 0.99985 0.016742 -2.85895 -0.0148572 -0.016673 0.999751 313.432
0.999897 -0.0032624 0.0139471 0.577644 0.00302358 0.999849 0.01711 -2.86738 -0.0140008 -0.0170661 0.999756 314.991
0.999912 -0.0021498 0.0131248 0.58261 0.00188112 0.999789 0.020449 -2.86789 -0.013166 -0.0204225 0.999705 316.674
0.999903 -0.00376048 0.0133912 0.619971 0.00343842 0.999706 0.0239925 -2.8677 -0.0134775 -0.0239442 0.999622 318.3
0.999902 -0.00530183 0.0129468 0.627359 0.00497958 0.99968 0.0247966 -2.86374 -0.0130742 -0.0247297 0.999609 319.964
0.999902 -0.00577314 0.0127758 0.634919 0.00546945 0.999705 0.0236791 -2.86074 -0.0129088 -0.0236069 0.999638 321.605
0.999885 -0.00652472 0.0136967 0.657926 0.00620595 0.999712 0.0231889 -2.85728 -0.013844 -0.0231012 0.999637 323.279
0.999882 -0.00692552 0.0137463 0.67454 0.00659393 0.99969 0.0240226 -2.85277 -0.0139084 -0.0239291 0.999617 324.926
0.999875 -0.00706364 0.0141536 0.658332 0.0067216 0.999688 0.0240699 -2.85531 -0.0143192 -0.0239717 0.99961 326.563
0.999859 -0.00567749 0.0157935 0.679644 0.00530665 0.999712 0.0234243 -2.85194 -0.0159219 -0.0233372 0.999601 328.152
0.999888 -0.0047471 0.0141929 0.714422 0.00442599 0.999735 0.0225713 -2.8545 -0.0142963 -0.0225059 0.999644 329.86
0.999851 -0.00564927 0.0162993 0.718048 0.00525233 0.999691 0.0242946 -2.85561 -0.0164315 -0.0242054 0.999572 331.45
0.999841 -0.00763224 0.0161427 0.736752 0.00721224 0.999638 0.0259176 -2.84875 -0.0163347 -0.0257971 0.999534 333.087
0.999855 -0.00692999 0.0155373 0.766061 0.00655016 0.999682 0.0243654 -2.85349 -0.0157012 -0.0242601 0.999582 334.773
0.999846 -0.00694643 0.0160899 0.782203 0.00654507 0.999669 0.0248647 -2.85344 -0.0162573 -0.0247556 0.999561 336.355
0.999847 -0.00620365 0.016331 0.796383 0.00583002 0.999722 0.0228277 -2.84057 -0.0164681 -0.022729 0.999606 337.995
0.999875 -0.00173997 0.0157059 0.798319 0.00143105 0.999806 0.0196588 -2.8552 -0.015737 -0.0196338 0.999683 339.593
0.999902 -0.00173626 0.0139229 0.826109 0.00144294 0.999777 0.0210496 -2.85247 -0.0139563 -0.0210274 0.999682 341.208
0.999908 -0.00113321 0.0135086 0.843939 0.000811638 0.999717 0.0237864 -2.85863 -0.0135317 -0.0237733 0.999626 342.814
0.999924 -0.00055393 0.0122859 0.872657 0.000226099 0.999644 0.0266688 -2.85155 -0.0122963 -0.026664 0.999569 344.444
0.999927 0.000368159 0.0120717 0.868324 -0.000681089 0.999664 0.0259287 -2.84855 -0.0120581 -0.025935 0.999591 346.029
0.999941 0.00100398 0.0108154 0.84855 -0.00126665 0.999704 0.0243077 -2.84644 -0.0107878 -0.0243199 0.999646 347.663
0.999969 -0.00124664 0.00774591 0.888784 0.00104743 0.99967 0.0256685 -2.84232 -0.00777536 -0.0256596 0.999641 349.248
0.999973 -0.0028448 0.00676811 0.852499 0.00266233 0.999637 0.0268181 -2.84166 -0.00684194 -0.0267993 0.999617 350.827
0.999957 -0.00313825 0.00878038 0.87098 0.00291211 0.999667 0.0256499 -2.83818 -0.00885795 -0.0256232 0.999633 352.452
0.999969 -0.00345479 0.00705956 0.865356 0.00327751 0.999683 0.0249705 -2.83662 -0.00714359 -0.0249466 0.999663 354.067
0.999964 -0.00363033 0.00765243 0.889721 0.00343761 0.99968 0.0250491 -2.8305 -0.00774092 -0.0250218 0.999657 355.673
0.99996 -0.00458081 0.00765062 0.893405 0.00438721 0.999674 0.0251328 -2.83057 -0.00776326 -0.0250982 0.999655 357.244
0.999952 -0.00530849 0.00820975 0.888503 0.00510537 0.999685 0.0245671 -2.8305 -0.00833757 -0.024524 0.999665 358.843
0.999954 -0.00545692 0.00782803 0.898768 0.00526846 0.999701 0.0238983 -2.83162 -0.00795609 -0.023856 0.999684 360.476
0.999943 -0.00595921 0.00881513 0.887667 0.00574381 0.999689 0.0242622 -2.82831 -0.00895698 -0.0242102 0.999667 362.074
0.999953 -0.00594565 0.00764954 0.915594 0.00576458 0.999708 0.0234799 -2.82548 -0.00778691 -0.0234347 0.999695 363.636
0.999936 -0.00686976 0.00901298 0.918314 0.00666618 0.999726 0.0224269 -2.82693 -0.00916458 -0.0223654 0.999708 365.21
0.999923 -0.00892345 0.00864358 0.919851 0.00871686 0.999682 0.0236506 -2.82206 -0.00885188 -0.0235734 0.999683 366.814
0.9999 -0.0111642 0.00866753 0.941089 0.0109405 0.999617 0.0254328 -2.82298 -0.00894814 -0.0253354 0.999639 368.45
0.999898 -0.011124 0.00894132 0.936517 0.0109038 0.999645 0.0243065 -2.81788 -0.00920853 -0.0242065 0.999665 369.992
0.999905 -0.00974866 0.00977293 0.940887 0.00951339 0.999671 0.0238381 -2.81307 -0.0100021 -0.0237428 0.999668 371.633
0.999915 -0.00821593 0.0101027 0.947808 0.00796305 0.99966 0.0248207 -2.80886 -0.0103032 -0.0247382 0.999641 373.22
0.99992 -0.00735623 0.0102381 0.956855 0.00709218 0.999647 0.0255922 -2.80453 -0.0104228 -0.0255176 0.99962 374.832
0.99993 -0.0068546 0.0095951 0.964676 0.00660792 0.999653 0.0255085 -2.80039 -0.00976662 -0.0254433 0.999629 376.439
0.999917 -0.00711178 0.0107837 0.957132 0.00684276 0.999669 0.0247823 -2.79653 -0.0109564 -0.0247064 0.999635 378.1
0.999908 -0.00652979 0.0119181 0.954038 0.00623346 0.999675 0.024734 -2.78928 -0.0120758 -0.0246574 0.999623 379.69
0.999899 -0.00639165 0.0126597 0.972889 0.00607777 0.999677 0.0246793 -2.7859 -0.0128133 -0.0245999 0.999615 381.273
0.999887 -0.00489153 0.0141992 0.979326 0.00453669 0.999679 0.0249158 -2.78087 -0.0143165 -0.0248485 0.999589 382.899
0.999874 -0.00470885 0.0151353 1.0203 0.00432007 0.999663 0.0256174 -2.77555 -0.0152508 -0.0255488 0.999557 384.444
0.999894 -0.00307095 0.0142376 1.04447 0.00270956 0.999675 0.0253328 -2.77335 -0.0143108 -0.0252916 0.999578 386.098
0.99988 -0.00191056 0.0153472 1.04829 0.00153554 0.999701 0.0244105 -2.77161 -0.0153893 -0.024384 0.999584 387.754
0.999887 -0.00117824 0.0150187 1.05403 0.000804804 0.999691 0.0248467 -2.76604 -0.0150434 -0.0248318 0.999578 389.369
0.999881 -0.000124059 0.0154127 1.08112 -0.000276053 0.999663 0.025955 -2.75804 -0.0154108 -0.0259562 0.999544 390.945
0.999875 0.000646918 0.0158169 1.0843 -0.00106726 0.999646 0.0265818 -2.74975 -0.0157941 -0.0265954 0.999522 392.661
0.999861 0.00174781 0.0165752 1.11923 -0.00217675 0.999662 0.0258953 -2.74506 -0.0165244 -0.0259278 0.999527 394.145
0.999858 0.0018724 0.0167471 1.12682 -0.00231573 0.999646 0.0264916 -2.73842 -0.0166916 -0.0265266 0.999509 395.82
