1 -4.1311e-11 -4.85239e-10 -4.65661e-10 -4.12612e-11 1 -1.70424e-11 0 3.23618e-10 -1.70424e-11 1 -2.98023e-08
0.999999 0.000159426 0.00149664 -0.00215615 -0.000160399 1 0.00064978 -0.0379451 -0.00149653 -0.000650019 0.999999 1.1939
0.999997 0.000356587 0.00230758 0.00371575 -0.000357791 1 0.000521634 -0.0681081 -0.00230739 -0.000522458 0.999997 2.40034
0.999997 -0.000124633 0.00239221 -0.0126099 0.000122529 1 0.000879904 -0.0951171 -0.00239232 -0.000879608 0.999997 3.62587
0.999995 -0.000426968 0.00327995 -0.00182736 0.000423715 0.999999 0.000992021 -0.124603 -0.00328037 -0.000990625 0.999994 4.82864
0.999994 -0.000664548 0.00335327 -0.0121954 0.000661048 0.999999 0.0010451 -0.147824 -0.00335396 -0.00104288 0.999994 6.02124
0.999992 -0.000566271 0.00403814 -0.0156859 0.000564533 1 0.000431645 -0.177963 -0.00403838 -0.00042936 0.999992 7.23493
0.999991 -0.000793183 0.00420304 -0.0216688 0.000791336 1 0.000441311 -0.202319 -0.00420339 -0.000437981 0.999991 8.43022
0.999991 -0.00104411 0.00413379 -0.00934564 0.00103715 0.999998 0.00168454 -0.230248 -0.00413554 -0.00168024 0.99999 9.61684
0.999996 -0.00183378 0.00229592 -0.0247136 0.00182838 0.999996 0.00235188 -0.256616 -0.00230023 -0.00234767 0.999995 10.8536
0.999996 -0.00287461 -0.000340939 -0.0480006 0.00287528 0.999994 0.00199724 -0.285096 0.000335196 -0.00199821 0.999998 12.0535
0.999994 -0.00272012 -0.0022296 -0.0255373 0.00272397 0.999995 0.00172724 -0.309494 0.00222489 -0.0017333 0.999996 13.2257
0.999988 -0.0020545 -0.00436274 -0.0552161 0.00206164 0.999997 0.00163265 -0.337333 0.00435937 -0.00164163 0.999989 14.4359
0.999979 -0.000820738 -0.00634514 -0.0771921 0.000829311 0.999999 0.00134837 -0.362391 0.00634403 -0.0013536 0.999979 15.6174
0.99998 -0.000909712 -0.00619554 -0.0927423 0.000918322 0.999999 0.0013871 -0.388663 0.00619427 -0.00139276 0.99998 16.8064
0.999975 -0.00153349 -0.00695079 -0.117824 0.00154746 0.999997 0.00200482 -0.415674 0.00694769 -0.00201553 0.999974 18.0225
0.99996 -0.00202395 -0.00870378 -0.138179 0.00204219 0.999996 0.00208694 -0.437497 0.00869952 -0.00210463 0.99996 19.181
0.999957 -0.00211557 -0.00903041 -0.16227 0.00212631 0.999997 0.00117982 -0.466209 0.00902788 -0.00119897 0.999959 20.3667
0.999951 -0.00198327 -0.00965296 -0.154087 0.00198781 0.999998 0.000461592 -0.495815 0.00965202 -0.000480758 0.999953 21.5895
0.999939 -0.00194611 -0.010833 -0.206153 0.00195796 0.999997 0.00108395 -0.520088 0.0108309 -0.00110509 0.999941 22.7924
0.999928 -0.00159252 -0.0118625 -0.228691 0.0016018 0.999998 0.000772886 -0.547284 0.0118612 -0.000791832 0.999929 24.0348
0.999896 -0.00131239 -0.0143493 -0.259399 0.00130966 0.999999 -0.00019958 -0.572308 0.0143496 0.000180767 0.999897 25.1988
0.999855 -0.00109116 -0.0170109 -0.258882 0.00111555 0.999998 0.00142432 -0.601971 0.0170093 -0.00144309 0.999854 26.4829
0.999884 -0.00275876 -0.0149625 -0.300668 0.00279372 0.999993 0.00231559 -0.625074 0.014956 -0.00235712 0.999885 27.5695
0.999872 -0.00350698 -0.0156358 -0.327712 0.00355074 0.99999 0.00277212 -0.650201 0.0156259 -0.00282728 0.999874 28.7118
0.99985 -0.00371831 -0.0169281 -0.336029 0.00375293 0.999991 0.00201399 -0.674594 0.0169204 -0.00207722 0.999855 29.9536
0.999818 -0.00439733 -0.0185686 -0.371862 0.00440762 0.99999 0.000513342 -0.703714 0.0185661 -0.000595091 0.999827 31.1187
0.999797 -0.00323966 -0.0198808 -0.374955 0.00326011 0.999994 0.000996234 -0.728549 0.0198774 -0.00106084 0.999802 32.4117
0.999773 -0.00450008 -0.0208345 -0.439643 0.00452994 0.999989 0.0013865 -0.755048 0.020828 -0.00148056 0.999782 33.5409
0.999734 -0.00501227 -0.0225318 -0.447506 0.00505489 0.999986 0.00183482 -0.781541 0.0225223 -0.00194822 0.999744 34.7918
0.999727 -0.00554223 -0.0227012 -0.489828 0.00557966 0.999983 0.00158559 -0.811592 0.0226921 -0.00171182 0.999741 35.9714
0.999727 -0.00546212 -0.0227226 -0.494595 0.00550358 0.999983 0.00176261 -0.831781 0.0227126 -0.00188718 0.99974 37.1282
0.999706 -0.00614175 -0.0234405 -0.558313 0.00618927 0.999979 0.00195525 -0.866 0.023428 -0.00209976 0.999723 38.3882
0.999696 -0.00553361 -0.0240363 -0.577685 0.00560972 0.999979 0.00310043 -0.886003 0.0240186 -0.00323433 0.999706 39.5889
0.999668 -0.00542007 -0.0251834 -0.642377 0.00552357 0.999977 0.0040423 -0.910786 0.0251609 -0.00418006 0.999675 40.8047
0.999711 -0.00465687 -0.0235794 -0.664817 0.00474274 0.999982 0.00358735 -0.938331 0.0235623 -0.00369814 0.999716 41.9611
0.999693 -0.00295556 -0.0245894 -0.689043 0.00304923 0.999988 0.00377274 -0.964052 0.0245779 -0.00384656 0.999691 43.1738
0.999702 -0.000340862 -0.0243952 -0.702679 0.000474487 0.999985 0.00547193 -0.982402 0.0243929 -0.00548187 0.999687 44.4022
0.99973 -0.000252149 -0.0232258 -0.795089 0.000440184 0.999967 0.00809126 -1.00378 0.023223 -0.0080993 0.999698 45.5922
0.999801 0.000197011 -0.0199235 -0.770135 2.39886e-05 0.999938 0.0110916 -1.02021 0.0199245 -0.0110899 0.99974 46.7679
0.999828 0.000502956 -0.0185671 -0.845782 -0.000235502 0.999896 0.0144041 -1.03106 0.0185724 -0.0143972 0.999724 48.0141
0.999847 -0.000585933 -0.0174664 -0.864724 0.000855978 0.99988 0.0154574 -1.04433 0.0174553 -0.01547 0.999728 49.1991
0.99987 -0.00133695 -0.0160438 -0.884024 0.00156635 0.999897 0.0142941 -1.05244 0.0160231 -0.0143174 0.999769 50.409
0.999898 -0.000642108 -0.01427 -0.871065 0.000825781 0.999917 0.0128692 -1.06585 0.0142605 -0.0128797 0.999815 51.5943
0.999917 -9.81098e-05 -0.0128578 -0.863982 0.000254531 0.999926 0.0121644 -1.06967 0.0128557 -0.0121667 0.999843 52.7553
0.99987 -0.00110469 -0.016105 -0.949515 0.00129733 0.999928 0.0119559 -1.08842 0.0160906 -0.0119752 0.999799 54.051
0.999858 -0.00141295 -0.0168109 -0.993177 0.00159901 0.999938 0.0110593 -1.10096 0.0167943 -0.0110846 0.999798 55.29
0.999813 -0.000693977 -0.0193253 -1.01813 0.000912491 0.999936 0.0113006 -1.11371 0.0193163 -0.0113162 0.999749 56.4347
0.999804 -0.00131035 -0.0197403 -1.00658 0.0015516 0.999924 0.0122108 -1.13247 0.0197228 -0.012239 0.999731 57.682
0.999754 -0.00129571 -0.0221283 -1.04999 0.00157581 0.999919 0.0126454 -1.14584 0.0221101 -0.0126772 0.999675 58.9085
0.999736 -4.85299e-05 -0.0229748 -1.08541 0.000332905 0.999923 0.0123741 -1.15789 0.0229724 -0.0123784 0.99966 60.1406
0.999702 3.12528e-05 -0.0244015 -1.14441 0.000278703 0.999919 0.0126987 -1.17294 0.0243999 -0.0127018 0.999622 61.3193
0.999723 -0.000420374 -0.0235362 -1.12041 0.000694104 0.999932 0.0116232 -1.18631 0.0235297 -0.0116363 0.999655 62.4819
0.999705 -0.00147647 -0.0242315 -1.16124 0.00174893 0.999936 0.0112266 -1.20536 0.0242133 -0.0112657 0.999643 63.7313
0.99969 -0.00110274 -0.0248665 -1.24555 0.00140364 0.999926 0.0120861 -1.21869 0.0248514 -0.0121173 0.999618 64.9278
0.999666 -0.00257351 -0.025726 -1.24319 0.0029132 0.999909 0.0131751 -1.2311 0.0256898 -0.0132456 0.999582 66.1451
0.99967 -0.0020951 -0.0256096 -1.28496 0.00241634 0.999919 0.0125191 -1.24588 0.0255813 -0.0125768 0.999594 67.3424
0.99966 0.00103593 -0.0260625 -1.33411 -0.000746781 0.999938 0.0111018 -1.25961 0.0260723 -0.0110785 0.999599 68.426
0.999624 0.0024027 -0.0273012 -1.34214 -0.00209942 0.999936 0.0111321 -1.27642 0.0273262 -0.0110706 0.999565 69.6766
0.999643 0.00267879 -0.0265906 -1.41494 -0.00235207 0.999922 0.0123108 -1.29171 0.0266215 -0.0122438 0.999571 70.8233
0.999618 0.00531559 -0.0271385 -1.40081 -0.00498696 0.999914 0.0121626 -1.30446 0.0272008 -0.0120226 0.999558 72.0791
0.999675 0.00605918 -0.024767 -1.44844 -0.00574421 0.999902 0.0127689 -1.32308 0.024842 -0.0126225 0.999612 73.244
0.999689 0.00748465 -0.0237891 -1.49934 -0.00717027 0.999886 0.0132733 -1.33106 0.0238857 -0.0130986 0.999629 74.4247
0.999787 0.00474124 -0.0200709 -1.52132 -0.00451512 0.999926 0.0112963 -1.34255 0.0201229 -0.0112033 0.999735 75.5732
0.999801 0.00473641 -0.0193984 -1.52967 -0.00459168 0.999961 0.00749857 -1.37507 0.0194331 -0.00740801 0.999784 76.7653
0.999852 0.00479686 -0.0165491 -1.50151 -0.00468983 0.999968 0.00650045 -1.38568 0.0165798 -0.00642187 0.999842 77.9129
0.999889 0.00293129 -0.0146032 -1.57868 -0.00279804 0.999954 0.00913713 -1.40293 0.0146293 -0.00909525 0.999852 79.1203
0.999947 0.000374184 -0.0102518 -1.59782 -0.000245069 0.999921 0.0125929 -1.41446 0.0102557 -0.0125897 0.999868 80.4065
0.999959 0.00394488 -0.00820132 -1.62202 -0.00387166 0.999953 0.00892497 -1.43705 0.00823614 -0.00889285 0.999927 81.477
0.999988 0.00252816 -0.00415455 -1.65693 -0.00250321 0.999979 0.00599876 -1.45799 0.00416962 -0.00598829 0.999973 82.714
0.999997 0.00235338 7.71749e-05 -1.63664 -0.00235363 0.999991 0.00338325 -1.47866 -6.92125e-05 -0.00338342 0.999994 83.7583
0.999989 0.00111891 0.00457547 -1.61256 -0.00112916 0.999997 0.00223731 -1.50454 -0.00457295 -0.00224245 0.999987 84.8728
0.999982 8.6501e-05 0.00595144 -1.62731 -0.000109263 0.999993 0.00382458 -1.52549 -0.00595106 -0.00382516 0.999975 86.081
0.99994 0.000295296 0.0109661 -1.60286 -0.000339414 0.999992 0.00402127 -1.54858 -0.0109648 -0.00402475 0.999932 87.3182
0.999906 0.00109687 0.0136402 -1.55372 -0.00112869 0.999997 0.0023251 -1.57838 -0.0136376 -0.00234027 0.999904 88.4153
0.999845 0.00108088 0.017587 -1.55522 -0.00109706 0.999999 0.000910431 -1.60556 -0.017586 -0.000929582 0.999845 89.5344
0.999796 0.00140242 0.0201329 -1.54281 -0.00140134 0.999999 -6.773e-05 -1.62991 -0.0201329 3.9503e-05 0.999797 90.6585
0.999739 -0.000752484 0.0228458 -1.54921 0.00073522 0.999999 0.000764119 -1.65873 -0.0228464 -0.000747123 0.999739 91.841
0.999648 -0.00173043 0.0264794 -1.51426 0.00166422 0.999995 0.00252234 -1.67776 -0.0264837 -0.00247738 0.999646 92.956
0.99974 -0.00231101 0.0226856 -1.50429 0.00222096 0.99999 0.00399403 -1.7054 -0.0226946 -0.00394261 0.999735 94.121
0.999782 -0.00395859 0.0204961 -1.45606 0.0038808 0.999985 0.00383379 -1.72631 -0.020511 -0.00375341 0.999783 95.2391
0.999771 -0.0048155 0.0208706 -1.45648 0.00476274 0.999985 0.00257728 -1.74953 -0.0208827 -0.00247728 0.999779 96.4008
0.999696 -0.00588067 0.0239585 -1.44814 0.005927 0.999981 -0.00186349 -1.77526 -0.0239471 0.00200492 0.999711 97.574
0.999581 -0.0049857 0.0285126 -1.40607 0.00511917 0.999976 -0.00461006 -1.80226 -0.0284889 0.00475409 0.999583 98.6966
0.9995 -0.00538556 0.0311496 -1.37905 0.00554173 0.999973 -0.0049292 -1.83343 -0.0311222 0.00509936 0.999503 99.8796
0.999433 -0.00565753 0.0331807 -1.32835 0.0058093 0.999973 -0.00447925 -1.86247 -0.0331545 0.00466947 0.999439 101.095
0.999456 -0.00574455 0.0324887 -1.31976 0.00583751 0.999979 -0.00276716 -1.89064 -0.0324722 0.0029553 0.999468 102.292
0.999236 -0.00698688 0.0384613 -1.30175 0.00703935 0.999974 -0.00122899 -1.91797 -0.0384518 0.00149879 0.999259 103.438
0.999247 -0.00628637 0.0382756 -1.25992 0.00630896 0.99998 -0.000469254 -1.94488 -0.0382718 0.00071038 0.999267 104.702
0.999206 -0.00603884 0.0393751 -1.18675 0.00603972 0.999982 9.66039e-05 -1.97116 -0.039375 0.000141288 0.999224 105.866
0.999253 -0.00541786 0.0382517 -1.18435 0.00540536 0.999985 0.000430304 -1.99471 -0.0382534 -0.000223218 0.999268 107.064
0.999079 -0.00496383 0.0426188 -1.10434 0.00496213 0.999988 0.000145643 -2.02169 -0.042619 6.59709e-05 0.999091 108.309
0.998985 -0.00453 0.0448243 -1.05003 0.00453059 0.99999 8.83916e-05 -2.04873 -0.0448242 0.000114778 0.998995 109.557
0.998901 -0.00374662 0.0467146 -1.01549 0.00368923 0.999992 0.00131458 -2.07159 -0.0467192 -0.00114079 0.998907 110.75
0.998943 -0.00403733 0.0457848 -0.992096 0.00391214 0.999988 0.0028234 -2.09556 -0.0457957 -0.0026413 0.998947 112.002
0.99868 -0.00415722 0.0511948 -0.952813 0.00400055 0.999987 0.00316248 -2.12038 -0.0512072 -0.0029535 0.998684 113.222
0.998598 -0.00402826 0.0527837 -0.865723 0.00387267 0.999988 0.00304962 -2.14383 -0.0527954 -0.00284093 0.998601 114.463
0.998382 -0.00305402 0.0567896 -0.794159 0.00289065 0.999991 0.0029587 -2.16824 -0.0567982 -0.00278975 0.998382 115.687
0.998476 -0.00291991 0.0551192 -0.741891 0.00276334 0.999992 0.0029165 -2.19217 -0.0551272 -0.00275974 0.998476 116.912
0.998848 -0.00199795 0.0479507 -0.71864 0.00189077 0.999996 0.00228053 -2.21591 -0.0479551 -0.00218724 0.998847 118.169
0.998834 0.000271235 0.0482708 -0.671356 -0.000380589 0.999997 0.00225626 -2.23943 -0.0482701 -0.002272 0.998832 119.349
0.998913 0.00237585 0.0465652 -0.607186 -0.00247392 0.999995 0.00204854 -2.26283 -0.0465601 -0.00216151 0.998913 120.612
0.998944 0.00376541 0.0457953 -0.573113 -0.00385724 0.999991 0.00191712 -2.29131 -0.0457876 -0.00209174 0.998949 121.853
0.998906 0.0056609 0.0464128 -0.514853 -0.00575542 0.999982 0.00190305 -2.31565 -0.0464012 -0.0021681 0.998921 123.074
0.998992 0.00714882 0.0443186 -0.470856 -0.00728331 0.999969 0.00287381 -2.33553 -0.0442967 -0.0031937 0.999013 124.341
0.998977 0.00759105 0.0445841 -0.43078 -0.00776003 0.999963 0.00361841 -2.36454 -0.044555 -0.00396068 0.998999 125.619
0.998959 0.0109914 0.0442691 -0.423167 -0.0112286 0.999924 0.00511263 -2.38547 -0.0442095 -0.00560439 0.999007 126.843
0.998982 0.0119282 0.0435098 -0.375478 -0.0122901 0.999892 0.00806043 -2.39589 -0.0434089 -0.00858697 0.99902 128.084
0.998996 0.00968274 0.0437507 -0.317106 -0.0100526 0.999916 0.00824264 -2.41702 -0.0436672 -0.00867417 0.999009 129.336
0.99899 0.0110972 0.0435421 -0.250624 -0.0114022 0.999912 0.00676247 -2.43843 -0.0434632 -0.00725212 0.999029 130.58
0.999006 0.00840433 0.0437866 -0.178536 -0.00873621 0.999935 0.00739355 -2.45238 -0.0437216 -0.00776873 0.999014 131.812
0.99911 0.00502516 0.04189 -0.161618 -0.00543193 0.999939 0.00960239 -2.47013 -0.0418392 -0.00982138 0.999076 133.1
0.99917 0.00252827 0.0406483 -0.0964155 -0.00297712 0.999935 0.0109856 -2.4894 -0.0406179 -0.0110975 0.999113 134.403
0.99913 -0.00081565 0.0416941 -0.0550859 0.000310359 0.999926 0.012124 -2.49813 -0.0417009 -0.0121005 0.999057 135.654
0.99919 -0.00352959 0.0400919 0.000235504 0.00310207 0.999938 0.0107207 -2.51974 -0.0401272 -0.0105876 0.999138 136.956
0.999092 -0.00545195 0.0422647 0.0512687 0.00503621 0.999938 0.00993659 -2.52846 -0.0423163 -0.00971471 0.999057 138.195
0.999114 -0.00817917 0.0412737 0.0934947 0.00779253 0.999924 0.00951986 -2.5493 -0.0413484 -0.0091898 0.999103 139.509
0.999075 -0.00772624 0.0422932 0.173275 0.00730755 0.999923 0.0100453 -2.56213 -0.0423675 -0.00972692 0.999055 140.755
0.999037 -0.00734531 0.0432623 0.225235 0.00683739 0.999906 0.0118767 -2.58101 -0.0433455 -0.0115695 0.998993 142.024
0.999073 -0.00550011 0.0427058 0.283874 0.00493593 0.999899 0.0133051 -2.59092 -0.0427747 -0.0130819 0.998999 143.334
0.999039 -0.00570793 0.0434561 0.302897 0.00519413 0.999915 0.0119271 -2.61133 -0.0435205 -0.0116899 0.998984 144.614
0.998976 -0.00379481 0.0450914 0.390156 0.00331256 0.999937 0.0107648 -2.62156 -0.0451294 -0.0106044 0.998925 145.866
0.999015 -0.00478842 0.0441205 0.41268 0.004454 0.999961 0.00767504 -2.64072 -0.0441555 -0.00747097 0.998997 147.129
0.998988 -0.00556909 0.0446327 0.474591 0.00537318 0.999975 0.00450801 -2.66402 -0.0446567 -0.00426362 0.998993 148.379
0.998952 -0.00452207 0.045546 0.564134 0.00447736 0.999989 0.00108367 -2.69046 -0.0455504 -0.000878606 0.998962 149.665
0.998973 -0.00509693 0.0450252 0.567669 0.00509381 0.999987 0.000184168 -2.71799 -0.0450256 4.53713e-05 0.998986 150.92
0.99896 -0.00542962 0.0452803 0.665282 0.00542872 0.999985 0.000142737 -2.74943 -0.0452804 0.000103225 0.998974 152.199
0.998958 -0.00417003 0.0454417 0.70978 0.00411802 0.999991 0.0012382 -2.77763 -0.0454464 -0.00104978 0.998966 153.437
0.998974 -0.00385231 0.0451234 0.781412 0.00377696 0.999991 0.00175506 -2.80669 -0.0451297 -0.00158283 0.99898 154.718
0.998996 -0.00369276 0.0446379 0.803804 0.00358786 0.999991 0.00242998 -2.83402 -0.0446465 -0.00226739 0.999 155.995
0.999041 -0.00286579 0.043696 0.883862 0.00276331 0.999993 0.00240552 -2.8633 -0.0437026 -0.00228247 0.999042 157.239
0.999085 -0.00257158 0.0426915 0.932374 0.00243469 0.999992 0.00325825 -2.89002 -0.0426995 -0.00315133 0.999083 158.553
0.999052 -0.00311283 0.0434182 0.985518 0.00296107 0.999989 0.00355918 -2.91579 -0.0434288 -0.00342724 0.999051 159.798
0.999133 -0.00265748 0.0415372 1.02929 0.00248938 0.999989 0.00409818 -2.94367 -0.0415476 -0.00399122 0.999129 161.145
0.999193 -0.00178158 0.0401148 1.07263 0.00164492 0.999993 0.00343968 -2.96431 -0.0401207 -0.00337092 0.999189 162.369
0.999201 -0.00072256 0.0399582 1.1369 0.00062117 0.999997 0.00254978 -2.98948 -0.0399599 -0.00252292 0.999198 163.564
0.999151 -0.000785407 0.0411773 1.17328 0.000702716 0.999998 0.00202263 -3.01764 -0.0411788 -0.00199198 0.99915 164.799
0.999322 -0.00135013 0.0367841 1.1994 0.00129739 0.999998 0.00145784 -3.0427 -0.036786 -0.00140913 0.999322 166.09
0.999353 -0.000378178 0.0359541 1.23351 0.000355593 1 0.000634563 -3.07449 -0.0359544 -0.000621367 0.999353 167.486
0.999405 0.000574299 0.0344834 1.28652 -0.000598009 1 0.000677286 -3.09994 -0.034483 -0.000697505 0.999405 168.723
0.999429 -0.000353011 0.0337899 1.30966 0.000291306 0.999998 0.00183108 -3.13084 -0.0337905 -0.00182019 0.999427 169.986
0.999387 0.000525109 0.0349943 1.40029 -0.000614139 0.999997 0.00253347 -3.15759 -0.0349929 -0.00255341 0.999384 171.264
0.999504 0.000287143 0.0314807 1.40194 -0.000373858 0.999996 0.00274874 -3.18617 -0.0314798 -0.00275914 0.999501 172.482
0.999507 0.00070786 0.0313928 1.43694 -0.0008107 0.999994 0.00326335 -3.20739 -0.0313903 -0.00328719 0.999502 173.746
0.999536 0.00138438 0.0304384 1.46575 -0.00145226 0.999997 0.00220807 -3.23722 -0.0304352 -0.00225124 0.999534 175.138
0.999625 0.00266357 0.0272644 1.46254 -0.0027259 0.999994 0.00224929 -3.26113 -0.0272582 -0.00232277 0.999626 176.297
0.999624 0.00302949 0.0272443 1.54549 -0.00307935 0.999994 0.00178825 -3.28706 -0.0272387 -0.00187147 0.999627 177.638
0.999678 0.00201165 0.0253112 1.54277 -0.00204093 0.999997 0.00113088 -3.31243 -0.0253088 -0.00118217 0.999679 178.812
0.999678 0.00170008 0.0253121 1.58505 -0.00170095 0.999999 1.26262e-05 -3.34507 -0.025312 -5.56764e-05 0.99968 180.069
0.99966 -0.00151336 0.0260202 1.63353 0.00151347 0.999999 1.55948e-05 -3.38031 -0.0260202 2.37913e-05 0.999662 181.368
0.999732 -0.00160342 0.0231122 1.63658 0.00151704 0.999992 0.00375457 -3.4019 -0.023118 -0.0037185 0.999726 182.645
0.999724 -0.00342774 0.0232493 1.6721 0.00326583 0.99997 0.00699834 -3.42763 -0.0232726 -0.00692048 0.999705 183.972
0.999749 -0.00231623 0.0222682 1.7157 0.00215593 0.999972 0.0072202 -3.45372 -0.0222843 -0.00717038 0.999726 185.261
0.999772 0.00025803 0.0213535 1.71364 -0.00034325 0.999992 0.00398741 -3.47124 -0.0213523 -0.00399383 0.999764 186.453
0.999795 0.000808045 0.0202083 1.76725 -0.000876332 0.999994 0.00337051 -3.49611 -0.0202055 -0.00338753 0.99979 187.699
0.999826 0.000334091 0.0186586 1.75734 -0.000375589 0.999997 0.00222067 -3.5254 -0.0186578 -0.00222729 0.999824 189.012
0.999828 0.00030708 0.0185511 1.77493 -0.00036614 0.999995 0.00318038 -3.55436 -0.0185501 -0.00318663 0.999823 190.268
0.999873 0.000538735 0.0159161 1.82882 -0.000622253 0.999986 0.00524294 -3.57727 -0.0159131 -0.00525218 0.99986 191.464
0.999869 -0.000468044 0.0162111 1.82695 0.000368596 0.999981 0.00613705 -3.60628 -0.0162136 -0.00613027 0.99985 192.832
0.999931 0.000300707 0.0117431 1.81891 -0.000370839 0.999982 0.00597059 -3.62567 -0.0117411 -0.00597453 0.999913 193.962
0.999869 -0.00197278 0.0160838 1.81423 0.00188861 0.999985 0.00524735 -3.65301 -0.0160939 -0.00521629 0.999857 195.21
0.999829 -0.000215802 0.0184796 1.79869 0.000166214 0.999996 0.00268489 -3.67562 -0.0184801 -0.00268136 0.999826 196.414
0.999811 -0.00142565 0.019404 1.79727 0.00137345 0.999995 0.00270346 -3.70091 -0.0194077 -0.00267629 0.999808 197.606
0.999801 -0.00188253 0.0198898 1.8362 0.0018121 0.999992 0.00355861 -3.72909 -0.0198963 -0.00352186 0.999796 198.839
0.999831 -0.00201477 0.0182588 1.86382 0.00192237 0.999985 0.00507689 -3.75332 -0.0182688 -0.00504093 0.99982 200.023
0.999738 -0.00122995 0.0228605 1.88128 0.00111283 0.999986 0.00513525 -3.78018 -0.0228665 -0.00510846 0.999726 201.214
0.999709 -0.0015107 0.0240695 1.91482 0.00137546 0.999983 0.00563453 -3.80745 -0.0240776 -0.00559979 0.999694 202.437
0.999656 -3.99576e-06 0.0262084 1.9681 -0.000133007 0.999986 0.00522572 -3.83091 -0.026208 -0.00522741 0.999643 203.632
0.999558 -0.00212264 0.0296533 1.9609 0.00195174 0.999981 0.00579115 -3.85615 -0.029665 -0.00573072 0.999543 204.882
0.999447 -0.000617883 0.0332515 1.96381 0.000446783 0.999987 0.00515283 -3.8769 -0.0332543 -0.00513512 0.999434 205.951
0.999386 -0.00067629 0.035016 2.00057 0.000495683 0.999987 0.00516628 -3.90088 -0.035019 -0.00514575 0.999373 207.188
0.99939 -0.00222679 0.0348485 2.02327 0.00203912 0.999983 0.00541988 -3.92795 -0.03486 -0.00534552 0.999378 208.309
0.999474 -0.00193257 0.0323709 2.04979 0.00172733 0.999978 0.00636703 -3.94878 -0.0323825 -0.00630776 0.999456 209.422
0.999671 -0.00267551 0.0255149 2.08228 0.00251934 0.999978 0.00615101 -3.97666 -0.0255308 -0.0060847 0.999656 210.587
0.999648 -0.00226975 0.0264426 2.10295 0.00207201 0.99997 0.00750341 -3.99753 -0.0264589 -0.00744598 0.999622 211.704
0.999633 -0.00207453 0.0269961 2.13623 0.00189191 0.999975 0.0067886 -4.0234 -0.0270095 -0.00673503 0.999613 212.768
0.999676 -0.00236864 0.0253489 2.16625 0.00220274 0.999976 0.00657079 -4.04987 -0.0253639 -0.00651283 0.999657 213.886
0.999762 -0.00228386 0.0216905 2.1712 0.00214776 0.999978 0.006296 -4.07066 -0.0217044 -0.00624792 0.999745 214.95
0.999872 -0.00257871 0.0157877 2.18409 0.00248283 0.999978 0.00608949 -4.09389 -0.0158031 -0.00604951 0.999857 216.008
0.999895 -0.00387118 0.0139448 2.18854 0.00377786 0.99997 0.00671228 -4.1145 -0.0139703 -0.0066589 0.99988 217.044
0.999878 -0.00453049 0.014943 2.19478 0.00440897 0.999957 0.00815505 -4.13526 -0.0149793 -0.00808818 0.999855 218.143
0.999868 -0.00528006 0.0153613 2.20026 0.00513183 0.99994 0.009673 -4.15587 -0.0154114 -0.00959289 0.999835 219.14
0.999862 -0.00444375 0.0159894 2.22351 0.00428679 0.999942 0.00983731 -4.17808 -0.0160322 -0.00976741 0.999824 220.116
0.999879 -0.0046221 0.014876 2.19896 0.00448327 0.999946 0.0093521 -4.19365 -0.0149184 -0.00928427 0.999846 221.113
0.999988 -0.00318725 0.00382036 2.22497 0.00315017 0.999948 0.00967183 -4.21229 -0.00385099 -0.00965967 0.999946 222.127
0.999992 -0.00399743 0.000510628 2.20104 0.00399192 0.999938 0.010366 -4.23126 -0.000552035 -0.0103639 0.999946 223.041
0.99999 -0.00416533 -0.00183408 2.19578 0.00418379 0.99994 0.0101799 -4.25257 0.00179156 -0.0101875 0.999947 223.965
0.999989 -0.00429523 -0.00204014 2.18801 0.00431465 0.999945 0.00961254 -4.27162 0.00199874 -0.00962123 0.999952 224.845
0.999985 -0.00394864 -0.00379249 2.21 0.0039832 0.99995 0.0091497 -4.28988 0.00375617 -0.00916467 0.999951 225.761
0.999932 -0.0028187 -0.0113386 2.18837 0.00291593 0.999959 0.00856799 -4.30653 0.011314 -0.00860047 0.999899 226.614
0.999895 -0.00318214 -0.0141694 2.15112 0.00329307 0.999964 0.00781239 -4.32728 0.0141441 -0.00785823 0.999869 227.467
0.999911 -0.00119888 -0.0132871 2.14758 0.00130688 0.999966 0.00812221 -4.34234 0.0132769 -0.00813885 0.999879 228.264
0.999888 -8.24227e-05 -0.0149596 2.11559 0.000210415 0.999963 0.0085544 -4.36184 0.0149584 -0.00855659 0.999852 229.078
0.99991 -0.000394713 -0.0134024 2.09936 0.00052161 0.999955 0.00946613 -4.37728 0.013398 -0.00947227 0.999865 229.848
0.99994 -0.000510929 -0.0109123 2.07868 0.000621144 0.999949 0.0100991 -4.39018 0.0109066 -0.0101052 0.999889 230.602
0.999919 -0.000277774 -0.0126912 2.11388 0.00040345 0.999951 0.00990111 -4.40831 0.0126878 -0.00990543 0.99987 231.395
0.999867 -0.000148013 -0.0163125 2.06915 0.000283823 0.999965 0.0083235 -4.42247 0.0163107 -0.00832702 0.999832 232.107
0.999855 0.000304616 -0.0170488 2.06182 -0.000204583 0.999983 0.00586893 -4.43878 0.0170503 -0.00586459 0.999838 232.875
0.999838 -9.76464e-06 -0.0179972 2.02629 9.81586e-05 0.999988 0.00491071 -4.45348 0.0179969 -0.00491168 0.999826 233.614
0.999846 0.000680969 -0.0175127 2.02867 -0.000600533 0.999989 0.00459786 -4.46817 0.0175157 -0.00458664 0.999836 234.3
0.99991 0.000439869 -0.0134426 1.99232 -0.000383148 0.999991 0.00422182 -4.48181 0.0134444 -0.00421628 0.999901 235.076
0.999932 -0.000184393 -0.0116867 1.99651 0.000240714 0.999988 0.00481813 -4.49862 0.0116856 -0.00482061 0.99992 235.832
0.999967 8.92783e-05 -0.00809881 1.99134 -5.2107e-05 0.999989 0.00458975 -4.51234 0.00809914 -0.00458918 0.999957 236.592
0.999995 -0.00069804 -0.00302767 1.98843 0.000710183 0.999992 0.0040109 -4.52962 0.00302485 -0.00401303 0.999987 237.266
0.999998 -0.000784242 -0.00199018 1.95018 0.000793426 0.999989 0.00461717 -4.54199 0.00198654 -0.00461874 0.999987 238.002
0.999999 -0.00119498 0.000925835 1.97944 0.00119041 0.999987 0.00492651 -4.55604 -0.000931711 -0.0049254 0.999987 238.641
0.999986 -0.00249698 0.00471894 2.00409 0.00247264 0.999984 0.00515789 -4.57381 -0.00473174 -0.00514615 0.999976 239.319
0.999945 -0.00347081 0.00989179 1.98427 0.00341849 0.99998 0.00530105 -4.58692 -0.00990999 -0.00526694 0.999937 240.04
0.999856 -0.00368054 0.0165858 2.0041 0.00360279 0.999982 0.00471514 -4.60246 -0.0166029 -0.00465471 0.999851 240.721
0.999865 -0.00346362 0.0160611 2.06541 0.00339001 0.999984 0.00460846 -4.61493 -0.0160768 -0.00455339 0.99986 241.415
0.999818 -0.00324038 0.018807 2.04823 0.00315874 0.999985 0.00436858 -4.62751 -0.0188209 -0.00430838 0.999814 242.104
0.999656 -0.00272008 0.0260787 2.13013 0.0026173 0.999989 0.0039743 -4.64333 -0.0260892 -0.00390467 0.999652 242.766
0.999556 -0.00338806 0.0295942 2.09595 0.00325821 0.999985 0.00443461 -4.65382 -0.0296087 -0.00433622 0.999552 243.479
0.999564 -0.00242065 0.0294091 2.14041 0.00227872 0.999986 0.00485839 -4.6695 -0.0294204 -0.00478925 0.999556 244.175
0.999502 -0.00299148 0.0314071 2.15641 0.00283444 0.999983 0.00504376 -4.68045 -0.0314217 -0.00495223 0.999494 244.885
0.999441 -0.00306842 0.0332941 2.18518 0.00295837 0.99999 0.00335401 -4.69677 -0.0333041 -0.00325363 0.99944 245.603
0.999419 -0.00278944 0.0339722 2.19956 0.00274486 0.999995 0.00135895 -4.70713 -0.0339759 -0.00126491 0.999422 246.343
0.999423 -0.00321046 0.0338053 2.22295 0.00322097 0.999995 -0.000256258 -4.72254 -0.0338043 0.000364996 0.999429 247.064
0.999422 -0.00352923 0.0337959 2.22854 0.0035657 0.999993 -0.00101895 -4.73563 -0.0337921 0.00113887 0.999428 247.778
0.999434 -0.00401447 0.033393 2.27038 0.00406324 0.999991 -0.0013927 -4.75262 -0.0333871 0.0015276 0.999441 248.505
0.999399 -0.00326985 0.0345016 2.29109 0.00333102 0.999993 -0.00171556 -4.77004 -0.0344958 0.00182945 0.999403 249.246
0.999412 -0.00266192 0.034195 2.3007 0.00274446 0.999993 -0.00236722 -4.78325 -0.0341885 0.00245967 0.999412 249.987
0.99939 -0.00293157 0.0347994 2.33112 0.00308864 0.999985 -0.00446083 -4.80246 -0.0347858 0.0045656 0.999384 250.788
0.999336 -0.00667239 0.0358226 2.37067 0.00691447 0.999954 -0.00663789 -4.82556 -0.0357766 0.00688118 0.999336 251.512
0.999224 -0.00895747 0.0383614 2.39211 0.00922285 0.999935 -0.0067466 -4.83769 -0.0382984 0.00709516 0.999241 252.166
0.999231 -0.00872413 0.0382273 2.40236 0.00888875 0.999952 -0.00413853 -4.85681 -0.0381894 0.00447514 0.999261 252.987
0.999255 -0.00485257 0.0382777 2.4533 0.00478723 0.999987 0.00179855 -4.86677 -0.038286 -0.00161396 0.999266 253.847
0.999261 -0.00539512 0.0380679 2.49862 0.00519446 0.999972 0.00536805 -4.89146 -0.0380958 -0.00516634 0.999261 254.782
0.999182 -0.00800465 0.0396327 2.54295 0.00787439 0.999963 0.00344169 -4.90258 -0.0396587 -0.00312679 0.999208 255.509
0.998897 -0.0045689 0.0467293 2.53741 0.00467055 0.999987 -0.00206632 -4.91908 -0.0467193 0.00228229 0.998905 256.281
0.99891 -0.002361 0.0466283 2.59696 0.00262729 0.999981 -0.00565059 -4.93654 -0.0466141 0.00576693 0.998896 257.093
0.99889 -0.00140957 0.0470744 2.63646 0.00166274 0.999984 -0.00533944 -4.94969 -0.0470661 0.00541179 0.998877 257.904
0.998854 -0.00361812 0.0477183 2.65467 0.00382244 0.999984 -0.00419132 -4.96952 -0.0477024 0.00436891 0.998852 258.729
0.998796 -0.00719344 0.0485202 2.73791 0.00723881 0.999974 -0.000759324 -4.98605 -0.0485134 0.00110964 0.998822 259.681
0.998617 -0.00895751 0.0518017 2.76274 0.00891071 0.99996 0.00113429 -5.0119 -0.0518097 -0.000671134 0.998657 260.478
0.998295 -0.0101479 0.057473 2.79642 0.0100501 0.999948 0.00199016 -5.02621 -0.0574902 -0.00140915 0.998345 261.252
0.998102 -0.00746909 0.06113 2.82895 0.0074978 0.999972 -0.000240405 -5.03996 -0.0611265 0.00069829 0.99813 262.06
0.997749 -0.00768425 0.0666152 2.86479 0.00786184 0.999966 -0.0024042 -5.05958 -0.0665945 0.00292251 0.997776 262.888
0.997869 -0.00661773 0.0649173 2.93035 0.00680095 0.999974 -0.00260177 -5.0811 -0.0648984 0.00303773 0.997887 263.689
0.997995 -0.00649219 0.0629615 2.98725 0.00653623 0.999979 -0.000493557 -5.10569 -0.062957 0.000904099 0.998016 264.653
0.997888 -0.00483866 0.0647731 3.0336 0.00477215 0.999988 0.00118147 -5.12696 -0.0647781 -0.000869865 0.997899 265.588
0.997357 -0.0039355 0.0725464 3.0752 0.00380062 0.999991 0.00199724 -5.1395 -0.0725536 -0.00171624 0.997363 266.251
0.996899 -0.00494649 0.0785313 3.13075 0.00483592 0.999987 0.00159811 -5.15168 -0.0785382 -0.00121339 0.99691 266.956
0.9968 -0.00574377 0.0797284 3.19671 0.00570669 0.999983 0.000692967 -5.17339 -0.0797311 -0.000235764 0.996816 267.913
0.99686 -0.00940863 0.0786187 3.25881 0.00936618 0.999956 0.000908626 -5.18885 -0.0786238 -0.000169416 0.996904 268.714
0.996907 -0.0112473 0.0777806 3.32324 0.0112145 0.999937 0.000857587 -5.21358 -0.0777853 1.73393e-05 0.99697 269.648
0.996661 -0.0115484 0.0808337 3.38586 0.0114856 0.999933 0.00124256 -5.23229 -0.0808426 -0.000309992 0.996727 270.593
0.996653 -0.0122688 0.0808223 3.46062 0.0121522 0.999924 0.00193518 -5.24996 -0.0808399 -0.00094654 0.996727 271.392
0.996652 -0.0124716 0.0807994 3.51781 0.0123813 0.999922 0.00161863 -5.26354 -0.0808133 -0.000612811 0.996729 272.134
0.996671 -0.0121114 0.0806251 3.57197 0.0119849 0.999926 0.00205282 -5.28284 -0.080644 -0.0010797 0.996742 272.982
0.996857 -0.0118246 0.0783399 3.63544 0.0117414 0.99993 0.00152236 -5.30625 -0.0783524 -0.000597756 0.996926 273.97
0.997006 -0.0120171 0.0763879 3.69512 0.0119659 0.999928 0.00112747 -5.32222 -0.0763959 -0.000210038 0.997078 274.729
0.997407 -0.0108094 0.071146 3.74266 0.0108706 0.999941 -0.000472284 -5.34485 -0.0711367 0.00124446 0.997466 275.647
0.997397 -0.0108889 0.0712781 3.80802 0.0109308 0.99994 -0.000198197 -5.35838 -0.0712717 0.000976809 0.997456 276.413
0.997378 -0.00896175 0.0718055 3.84347 0.00909277 0.999958 -0.00149807 -5.38656 -0.071789 0.00214705 0.997418 277.286
0.997135 -0.00883659 0.075123 3.90045 0.00890091 0.99996 -0.000521375 -5.40626 -0.0751154 0.00118855 0.997174 278.241
0.997121 -0.0085666 0.0753433 3.94665 0.00848806 0.999963 0.00136265 -5.42723 -0.0753521 -0.000719214 0.997157 279.03
0.997547 -0.010454 0.0692194 4.01275 0.0102274 0.999941 0.00362737 -5.44821 -0.0692532 -0.00291053 0.997595 279.961
0.997881 -0.0126255 0.0638247 4.05001 0.0123135 0.99991 0.00528034 -5.47025 -0.0638856 -0.00448325 0.997947 280.795
0.998118 -0.0127503 0.0599892 4.09363 0.0123783 0.999902 0.00656906 -5.48559 -0.0600671 -0.00581414 0.998177 281.585
0.99837 -0.0129217 0.0555873 4.12491 0.0125076 0.999891 0.00779037 -5.50166 -0.0556819 -0.00708241 0.998423 282.404
0.998639 -0.0130057 0.0505133 4.16911 0.0126261 0.99989 0.00782733 -5.51969 -0.0506096 -0.00717889 0.998693 283.284
0.998847 -0.0145162 0.0457629 4.18691 0.0141446 0.999864 0.00843361 -5.53347 -0.0458791 -0.00777659 0.998917 284.003
0.999127 -0.0150191 0.03898 4.2189 0.0147531 0.999866 0.00710297 -5.54731 -0.0390815 -0.0065217 0.999215 284.747
0.999379 -0.012687 0.0328872 4.24888 0.0124894 0.999903 0.00620389 -5.56474 -0.0329627 -0.00578929 0.99944 285.45
0.999622 -0.0141246 0.0236088 4.25145 0.0139765 0.999882 0.00642706 -5.58074 -0.0236968 -0.00609465 0.999701 286.307
0.999612 -0.0141897 0.0239827 4.27163 0.0140211 0.999876 0.00718228 -5.59887 -0.0240816 -0.00684323 0.999687 287.047
0.999666 -0.0154197 0.0207314 4.26736 0.0152969 0.999865 0.00607078 -5.61946 -0.0208222 -0.00575162 0.999767 287.807
0.999694 -0.0150484 0.0196551 4.24921 0.0149509 0.999875 0.00509608 -5.63351 -0.0197293 -0.00480065 0.999794 288.478
0.999843 -0.0130632 0.01196 4.28212 0.0130312 0.999911 0.00274248 -5.64839 -0.0119948 -0.0025862 0.999925 289.092
0.999927 -0.0120549 0.00015779 4.29247 0.0120548 0.999927 0.000710706 -5.66339 -0.000166347 -0.000708752 1 289.678
0.999866 -0.0120663 -0.0110378 4.26716 0.0120625 0.999927 -0.000408844 -5.68338 0.0110419 0.000275646 0.999939 290.343
0.999655 -0.0124801 -0.0230963 4.24964 0.0124525 0.999922 -0.00133513 -5.69843 0.0231112 0.00104707 0.999732 290.954
0.999093 -0.0114658 -0.0410184 4.22225 0.0114516 0.999934 -0.000580311 -5.71935 0.0410224 0.000110056 0.999158 291.577
0.998076 -0.00842536 -0.0614177 4.16841 0.00841963 0.999965 -0.000352115 -5.73818 0.0614185 -0.000165676 0.998112 292.196
0.996563 -0.00692905 -0.0825505 4.10637 0.00688986 0.999976 -0.000759508 -5.75343 0.0825538 0.000188136 0.996587 292.744
0.994246 -0.0052653 -0.106993 4.04268 0.00517535 0.999986 -0.00111838 -5.77121 0.106998 0.000558213 0.994259 293.315
0.990779 -0.00439406 -0.13542 3.96495 0.00424801 0.99999 -0.00136744 -5.78542 0.135425 0.000779563 0.990787 293.868
0.986199 -0.00270277 -0.165542 3.82525 0.00269471 0.999996 -0.000273258 -5.7992 0.165542 -0.000176602 0.986203 294.379
0.97998 -0.00240195 -0.19908 3.69798 0.00279395 0.999995 0.00168816 -5.81473 0.199075 -0.00221058 0.979982 294.932
0.972303 -0.00244533 -0.233713 3.54954 0.00319071 0.999991 0.00281129 -5.82813 0.233704 -0.00347914 0.972302 295.415
0.960709 -0.000755918 -0.277556 3.37266 0.00232656 0.999983 0.00532952 -5.84175 0.277547 -0.00576587 0.960695 295.943
0.947572 0.00115616 -0.319541 3.18149 0.00126049 0.999972 0.00735596 -5.85127 0.319541 -0.00737308 0.947544 296.427
0.930917 0.00221428 -0.365224 2.99618 0.00106659 0.999961 0.00878119 -5.86118 0.365229 -0.0085641 0.930878 296.897
0.913674 0.00243165 -0.406441 2.7423 0.00197733 0.999944 0.0104274 -5.87043 0.406444 -0.0103309 0.913617 297.334
0.896542 0.00252042 -0.442952 2.48586 0.0027242 0.999934 0.0112035 -5.87534 0.442951 -0.0112511 0.896476 297.74
0.87403 0.00181104 -0.485868 2.22563 0.00426236 0.999926 0.0113947 -5.88457 0.485853 -0.0120303 0.873958 298.14
0.849644 0.00140348 -0.527356 1.9499 0.00594755 0.999907 0.0122434 -5.89029 0.527324 -0.013539 0.849557 298.528
0.821278 0.00216332 -0.570524 1.64967 0.00672938 0.999887 0.0134784 -5.89745 0.570488 -0.0149088 0.821171 298.896
0.790304 0.00361408 -0.612705 1.34488 0.00620411 0.999884 0.0139003 -5.9007 0.612684 -0.0147868 0.79019 299.233
0.756063 0.00292085 -0.654492 0.979662 0.00783585 0.999878 0.0135141 -5.90633 0.654452 -0.015346 0.755948 299.588
0.718437 0.00211663 -0.695589 0.659752 0.0112747 0.999829 0.0146875 -5.90945 0.695501 -0.0183946 0.71829 299.85
0.675759 0.00141835 -0.737121 0.301585 0.0168829 0.999706 0.017401 -5.9154 0.736929 -0.0242036 0.675537 300.177
0.629136 0.00248939 -0.777291 -0.0811608 0.0201394 0.999607 0.0195021 -5.91962 0.777034 -0.0279236 0.628838 300.393
0.577859 0.00669204 -0.816109 -0.439147 0.018858 0.99959 0.0215493 -5.9234 0.815918 -0.0278426 0.577496 300.585
0.526911 0.0129978 -0.849821 -0.859348 0.0139486 0.999616 0.0239374 -5.92459 0.849806 -0.0244667 0.526528 300.774
0.472771 0.0171762 -0.881018 -1.25997 0.0103931 0.999632 0.0250658 -5.92394 0.881124 -0.0210069 0.472419 300.921
0.416174 0.0199593 -0.909066 -1.63525 0.00893117 0.999621 0.0260363 -5.92646 0.909241 -0.0189546 0.415838 301.089
0.359712 0.0221594 -0.9328 -2.0423 0.00954584 0.999578 0.0274269 -5.922 0.933015 -0.0187702 0.359349 301.147
0.301046 0.0254557 -0.95327 -2.43515 0.0112233 0.99948 0.030234 -5.92228 0.953544 -0.0198006 0.300603 301.238
0.242461 0.029053 -0.969726 -2.87745 0.0123638 0.999378 0.0330327 -5.91646 0.970082 -0.0199986 0.241951 301.298
0.180902 0.0327203 -0.982957 -3.27475 0.0142391 0.999255 0.0358834 -5.91981 0.983398 -0.0204878 0.180302 301.317
0.117256 0.0367458 -0.992422 -3.68532 0.0136957 0.99916 0.0386135 -5.90885 0.993007 -0.0181196 0.116654 301.34
0.0535236 0.0424218 -0.997665 -4.14466 0.0152343 0.998946 0.0432935 -5.90032 0.99845 -0.0175159 0.0528209 301.303
-0.0126511 0.0490171 -0.998718 -4.58601 0.0163486 0.998674 0.0488079 -5.88716 0.999786 -0.0157101 -0.0134357 301.23
-0.0801244 0.0556649 -0.995229 -5.0109 0.0181226 0.998356 0.0543807 -5.87493 0.99662 -0.0136789 -0.0810015 301.185
-0.146298 0.0620001 -0.987296 -5.48382 0.0196226 0.99802 0.0597658 -5.85567 0.989046 -0.0106297 -0.147224 301.011
-0.21319 0.0675953 -0.97467 -5.91391 0.0232707 0.997672 0.0641006 -5.84172 0.976734 -0.00901566 -0.214267 300.887
-0.275454 0.072447 -0.958581 -6.42452 0.0269232 0.997347 0.0676403 -5.82084 0.960937 -0.00717633 -0.276673 300.686
-0.336889 0.0745765 -0.938586 -6.8577 0.0306331 0.997199 0.0682384 -5.80176 0.941046 -0.00576304 -0.33823 300.485
-0.397014 0.0759582 -0.914664 -7.30724 0.0335999 0.997104 0.0682202 -5.77685 0.917197 -0.00364818 -0.398417 300.252
-0.452486 0.0759618 -0.88853 -7.75945 0.0358772 0.99711 0.0669739 -5.75006 0.891049 -0.00157322 -0.453904 299.941
-0.50471 0.0759937 -0.859938 -8.19619 0.0377804 0.997108 0.0659417 -5.72282 0.862462 0.000792632 -0.506121 299.659
-0.5512 0.0761893 -0.830888 -8.64771 0.0392474 0.997088 0.065393 -5.69264 0.83345 0.00343442 -0.552585 299.278
-0.592026 0.0768147 -0.80225 -9.10575 0.0404077 0.997025 0.065645 -5.66233 0.804905 0.00644645 -0.593368 298.906
-0.629335 0.0806448 -0.772938 -9.57658 0.0452691 0.996716 0.0671341 -5.63058 0.775814 0.00725966 -0.63092 298.539
-0.666681 0.087357 -0.740206 -10.0377 0.0531272 0.996151 0.0697129 -5.60066 0.743447 0.00715116 -0.668756 298.038
-0.702683 0.0930049 -0.705398 -10.4806 0.059673 0.99563 0.0718278 -5.56725 0.708996 0.00837894 -0.705162 297.556
-0.734368 0.0952291 -0.672038 -10.9625 0.0632314 0.995402 0.0719544 -5.52931 0.6758 0.0103471 -0.737013 297.024
-0.76608 0.0914785 -0.636202 -11.3786 0.062721 0.995736 0.06765 -5.49002 0.639678 0.011922 -0.76855 296.47
-0.793375 0.0882804 -0.602298 -11.8108 0.0634552 0.996032 0.0624049 -5.46009 0.605417 0.0112916 -0.795829 295.831
-0.819646 0.083327 -0.566778 -12.2253 0.0624622 0.996466 0.0561695 -5.41546 0.569455 0.010637 -0.821954 295.191
-0.843527 0.0801649 -0.531071 -12.6168 0.0620986 0.996724 0.0518206 -5.38878 0.533485 0.0107333 -0.845742 294.541
-0.86449 0.0786566 -0.496457 -12.9949 0.0618606 0.996821 0.0502132 -5.35214 0.498829 0.0126977 -0.866608 293.802
-0.883529 0.0762121 -0.462134 -13.3503 0.0604505 0.996976 0.0488427 -5.324 0.464459 0.0152177 -0.885464 293.058
-0.902569 0.0747257 -0.42401 -13.6933 0.0605569 0.997066 0.0468141 -5.29543 0.426264 0.0165762 -0.904447 292.279
-0.91918 0.0767421 -0.386288 -14.0318 0.0639444 0.996898 0.0458922 -5.26225 0.388611 0.0174823 -0.921236 291.435
-0.933661 0.0807369 -0.34894 -14.3144 0.0688772 0.996551 0.0462844 -5.24131 0.351473 0.0191799 -0.936001 290.595
-0.947331 0.0813908 -0.309743 -14.5925 0.070205 0.99642 0.0471104 -5.19835 0.312468 0.0228836 -0.949653 289.712
-0.957822 0.0851661 -0.274451 -14.8526 0.07489 0.996049 0.0477256 -5.1767 0.277431 0.0251591 -0.960416 288.775
-0.967707 0.0843876 -0.237534 -15.0782 0.0753786 0.996057 0.0467739 -5.14255 0.240545 0.0273584 -0.970252 287.828
-0.975488 0.0818891 -0.204247 -15.2495 0.0747449 0.996298 0.0424641 -5.10884 0.206968 0.0261568 -0.977998 286.873
-0.98199 0.0801909 -0.17107 -15.4418 0.0746339 0.99646 0.0386822 -5.08294 0.173566 0.0252179 -0.984499 285.864
-0.987065 0.0789823 -0.139514 -15.5832 0.074362 0.996506 0.0380334 -5.05103 0.142031 0.0271669 -0.989489 284.811
-0.990749 0.0772951 -0.111545 -15.6774 0.0735559 0.996595 0.0372622 -5.02351 0.114046 0.0287127 -0.993061 283.734
-0.993694 0.0771378 -0.0813779 -15.7511 0.0744586 0.996593 0.0354637 -4.9974 0.0838363 0.0291808 -0.996052 282.662
-0.995702 0.0753274 -0.053889 -15.819 0.0735155 0.996685 0.0348519 -4.9738 0.0563357 0.0307404 -0.997939 281.461
-0.996946 0.0731112 -0.0274344 -15.8354 0.0721273 0.996771 0.0352862 -4.9419 0.0299256 0.0331997 -0.999001 280.289
