1 -4.1311e-11 -1.95776e-11 0 -4.12612e-11 1 -1.70424e-11 0 -1.42043e-10 -1.70424e-11 1 -2.98023e-08
1 -0.000501144 -0.000287413 -0.00692455 0.000501656 0.999998 0.0017875 -0.0370156 0.000286516 -0.00178765 0.999998 1.30292
0.999997 -0.00232659 -1.80459e-05 -0.0210915 0.00232663 0.999995 0.00227578 -0.0638569 1.27507e-05 -0.00227582 0.999997 2.60906
0.999994 -0.00327528 -0.000918719 -0.0343408 0.00327712 0.999993 0.00201321 -0.0959362 0.000912118 -0.0020162 0.999998 3.9441
0.999993 -0.00381433 0.000210891 -0.0377046 0.00381389 0.999991 0.0020708 -0.121303 -0.000218789 -0.00206998 0.999998 5.23687
0.999991 -0.00410944 -0.000866716 -0.047828 0.00411184 0.999988 0.00278964 -0.143151 0.000855241 -0.00279318 0.999996 6.57198
0.999987 -0.00518522 -0.000294687 -0.0546141 0.00518641 0.999978 0.00416579 -0.171591 0.00027308 -0.00416726 0.999991 7.89369
0.999985 -0.00550825 0.000272646 -0.0605025 0.00550693 0.999974 0.00464621 -0.193988 -0.000298232 -0.00464464 0.999989 9.21655
0.99999 -0.00446329 -0.000662017 -0.0779902 0.0044654 0.999985 0.00322816 -0.220504 0.000647599 -0.00323109 0.999995 10.5594
0.999999 -0.00151184 -0.000702813 -0.0865458 0.00151267 0.999998 0.00117344 -0.242249 0.000701038 -0.00117451 0.999999 11.874
0.999998 0.00175923 -0.000788105 -0.110586 -0.00175894 0.999998 0.00037279 -0.273747 0.000788759 -0.000371402 1 13.2233
0.999991 0.00411066 -0.00105947 -0.129523 -0.00411021 0.999991 0.000424141 -0.299525 0.0010612 -0.000419783 0.999999 14.5542
0.999988 0.00481683 -5.28806e-05 -0.148717 -0.00481677 0.999988 0.00105022 -0.327202 5.79385e-05 -0.00104995 1 15.9079
0.999997 0.00241511 -0.000798121 -0.146431 -0.00241203 0.99999 0.00383129 -0.352184 0.000807365 -0.00382935 0.999992 17.2559
0.999998 -0.00184012 -0.00013934 -0.15106 0.00184089 0.999982 0.00578361 -0.377879 0.000128694 -0.00578386 0.999983 18.5985
0.999992 -0.00389511 -0.000361191 -0.154632 0.00389655 0.999984 0.00410447 -0.405875 0.000345198 -0.00410584 0.999992 19.9797
0.999987 -0.00503639 -0.000397978 -0.162774 0.00503707 0.999986 0.00172459 -0.426298 0.000389286 -0.00172657 0.999999 21.3049
0.999997 -0.00255234 -0.000139243 -0.159958 0.00255247 0.999996 0.000950178 -0.463664 0.000136818 -0.000950529 1 22.6772
1 -0.000224961 0.000771531 -0.156272 0.000223445 0.999998 0.0019639 -0.479523 -0.000771971 -0.00196372 0.999998 24.0557
0.999998 -0.000243624 0.00180909 -0.164464 0.000232662 0.999982 0.00605749 -0.499031 -0.00181053 -0.00605706 0.99998 25.4221
0.999996 -0.00228548 0.00173414 -0.155422 0.00227309 0.999972 0.00710773 -0.520595 -0.00175033 -0.00710376 0.999973 26.8008
0.999981 -0.00585867 0.00197106 -0.177836 0.00584516 0.99996 0.00679327 -0.546702 -0.00201078 -0.00678161 0.999975 28.16
0.999978 -0.00644555 0.00132179 -0.174301 0.00644073 0.999973 0.00362457 -0.564277 -0.00134511 -0.00361598 0.999993 29.5434
0.999975 -0.00634623 0.00302179 -0.184762 0.00633966 0.999978 0.00217638 -0.595505 -0.00303553 -0.00215717 0.999993 30.9186
0.99999 -0.00336276 0.00306291 -0.191774 0.00336129 0.999994 0.000485874 -0.617655 -0.00306452 -0.000475574 0.999995 32.2914
0.999993 -0.00163919 0.00344996 -0.183635 0.00164184 0.999998 -0.000765755 -0.651198 -0.0034487 0.000771413 0.999994 33.669
0.999991 -0.00076685 0.0041415 -0.198161 0.000770061 0.999999 -0.000773813 -0.678503 -0.0041409 0.000776996 0.999991 35.0675
0.999992 -0.00194274 0.0033826 -0.202234 0.00193945 0.999998 0.000976289 -0.708627 -0.00338449 -0.000969721 0.999994 36.4461
0.999994 -5.65565e-05 0.00358244 -0.198108 4.80294e-05 0.999997 0.00238018 -0.736995 -0.00358257 -0.00238 0.999991 37.8401
0.99999 0.00243144 0.00382388 -0.214391 -0.00244149 0.999994 0.00262393 -0.763247 -0.00381747 -0.00263323 0.999989 39.222
0.999981 0.00500365 0.00352599 -0.206189 -0.00501244 0.999984 0.00248975 -0.790484 -0.00351348 -0.00250737 0.999991 40.6368
0.999968 0.00691221 0.00391271 -0.216133 -0.00692312 0.999972 0.00278294 -0.815197 -0.00389337 -0.00280994 0.999988 42.0524
0.999959 0.00834473 0.00352856 -0.227133 -0.00835504 0.999961 0.00291873 -0.844114 -0.00350407 -0.00294809 0.99999 43.4439
0.999967 0.00726627 0.00350175 -0.230912 -0.00727654 0.999969 0.00292855 -0.871131 -0.00348037 -0.00295394 0.99999 44.8656
0.999973 0.00658398 0.00315234 -0.243233 -0.00659197 0.999975 0.00253 -0.898225 -0.00313561 -0.00255071 0.999992 46.2434
0.999977 0.00637533 0.00234591 -0.238293 -0.00638205 0.999976 0.00286793 -0.92632 -0.00232757 -0.00288284 0.999993 47.6649
0.999982 0.0059258 0.000572844 -0.232338 -0.00592789 0.999976 0.00372849 -0.950759 -0.000550735 -0.00373182 0.999993 49.086
0.999976 0.00699061 -7.09009e-05 -0.252077 -0.00699028 0.999968 0.00389565 -0.97711 9.81314e-05 -0.00389506 0.999993 50.4942
0.999972 0.00741868 -0.00141587 -0.254321 -0.00741272 0.999964 0.00416802 -1.00354 0.00144674 -0.0041574 0.99999 51.9439
0.999969 0.00749884 -0.00246381 -0.260205 -0.00748615 0.999959 0.00512186 -1.02923 0.00250212 -0.00510325 0.999984 53.3489
0.999978 0.00574979 -0.00337906 -0.274609 -0.00572866 0.999964 0.00622942 -1.05108 0.00341476 -0.00620992 0.999975 54.8014
0.999984 0.00429742 -0.0036679 -0.281711 -0.00427436 0.999971 0.00627126 -1.07732 0.00369474 -0.00625548 0.999974 56.2034
0.999989 0.00227419 -0.00402005 -0.302355 -0.00225081 0.999981 0.00581148 -1.10255 0.00403319 -0.00580237 0.999975 57.6291
0.999992 0.00102786 -0.00387675 -0.307889 -0.00100382 0.99998 0.00619919 -1.12681 0.00388305 -0.00619524 0.999973 59.0726
0.999994 0.000301081 -0.00357713 -0.317034 -0.000276385 0.999976 0.00690268 -1.15178 0.00357912 -0.00690165 0.99997 60.4797
0.999994 -0.00188936 -0.00285048 -0.332217 0.0019108 0.99997 0.0075358 -1.17391 0.00283615 -0.0075412 0.999968 61.9161
0.999991 -0.00363344 -0.00234413 -0.337286 0.00365069 0.999966 0.00739447 -1.19876 0.00231718 -0.00740295 0.99997 63.3516
0.999988 -0.00446041 -0.00181801 -0.345658 0.00447216 0.999969 0.00651301 -1.22342 0.00178891 -0.00652106 0.999977 64.7324
0.999989 -0.00454671 -0.00148748 -0.352341 0.00455577 0.999971 0.00614242 -1.25451 0.00145951 -0.00614913 0.99998 66.2327
0.999997 -0.00223963 -0.000985958 -0.356438 0.00224586 0.999977 0.0063555 -1.27988 0.000971702 -0.0063577 0.999979 67.6209
1 -3.49527e-05 0.000311443 -0.381125 3.2648e-05 0.999973 0.00740221 -1.30274 -0.000311693 -0.0074022 0.999973 69.0449
0.999991 0.00415671 0.000489318 -0.384214 -0.00416089 0.999952 0.00888487 -1.3272 -0.000452363 -0.00888683 0.99996 70.4245
0.999968 0.00787764 0.00136737 -0.396204 -0.00789014 0.999925 0.00938984 -1.3519 -0.0012933 -0.00940033 0.999955 71.8933
0.999923 0.0121844 0.00227088 -0.414152 -0.0122044 0.999885 0.00900171 -1.37106 -0.00216094 -0.00902874 0.999957 73.2567
0.999879 0.0152791 0.00281659 -0.419344 -0.0153025 0.999847 0.00848384 -1.39217 -0.00268654 -0.00852592 0.99996 74.6344
0.999849 0.0169376 0.00375337 -0.432113 -0.0169683 0.999822 0.00830397 -1.41619 -0.00361206 -0.00836641 0.999959 76.0833
0.99985 0.0169121 0.003766 -0.435472 -0.0169447 0.999818 0.00879657 -1.43807 -0.00361655 -0.00885907 0.999954 77.4763
0.999864 0.0160268 0.00385864 -0.436169 -0.0160608 0.999831 0.0089509 -1.46099 -0.00371453 -0.00901166 0.999953 78.8475
0.999883 0.0149171 0.0034264 -0.435408 -0.0149436 0.999857 0.00786052 -1.48501 -0.00330865 -0.00791081 0.999963 80.2352
0.999897 0.0139326 0.00339551 -0.441057 -0.0139594 0.99987 0.00801673 -1.50614 -0.00328337 -0.0080633 0.999962 81.6134
0.999899 0.0138765 0.00308055 -0.443214 -0.0139014 0.99987 0.00822037 -1.52806 -0.00296608 -0.00826236 0.999961 82.9927
0.999897 0.0141042 0.00249096 -0.447323 -0.0141228 0.999871 0.00761437 -1.55556 -0.00238325 -0.00764877 0.999968 84.3557
0.999897 0.0142307 0.00186249 -0.455029 -0.0142455 0.999865 0.00818774 -1.57545 -0.00174572 -0.00821343 0.999965 85.7776
0.999912 0.0132566 0.00100592 -0.466701 -0.0132651 0.999872 0.00896423 -1.59815 -0.000886958 -0.00897678 0.999959 87.1408
0.999934 0.0115146 -3.1022e-05 -0.470245 -0.0115137 0.999883 0.0101005 -1.62157 0.000147322 -0.0100995 0.999949 88.543
0.999958 0.0091237 -0.00128352 -0.475996 -0.00910949 0.999902 0.0106716 -1.6399 0.00138076 -0.0106595 0.999942 89.9077
0.999972 0.00720614 -0.00181578 -0.484582 -0.00718604 0.999915 0.010844 -1.65973 0.00189377 -0.0108307 0.99994 91.315
0.999977 0.00628348 -0.00252876 -0.492103 -0.00625676 0.999926 0.0104422 -1.6812 0.00259419 -0.0104261 0.999942 92.6486
0.999984 0.00495584 -0.00273444 -0.499277 -0.0049284 0.999938 0.00995349 -1.70274 0.0027836 -0.00993986 0.999947 94.032
0.999981 0.00547211 -0.00288745 -0.513811 -0.00544483 0.999941 0.00937182 -1.72402 0.00293857 -0.00935591 0.999952 95.458
0.999983 0.00512671 -0.00282677 -0.521726 -0.00510097 0.999946 0.00903702 -1.74366 0.00287295 -0.00902245 0.999955 96.7825
0.999978 0.006086 -0.00246007 -0.532522 -0.00606522 0.999947 0.00836877 -1.76838 0.00251087 -0.00835367 0.999962 98.1525
0.999968 0.00775351 -0.00213606 -0.54414 -0.00773494 0.999933 0.00856698 -1.78846 0.00220234 -0.00855018 0.999961 99.5519
0.999966 0.00805104 -0.00191016 -0.556036 -0.0080314 0.999917 0.010076 -1.81293 0.00199113 -0.0100603 0.999947 100.954
0.999959 0.00891074 -0.00185336 -0.567771 -0.00888861 0.999893 0.0116262 -1.82783 0.00195676 -0.0116092 0.999931 102.245
0.99996 0.00870363 -0.00184563 -0.57924 -0.00868442 0.999911 0.0101721 -1.85401 0.001934 -0.0101556 0.999947 103.623
0.99996 0.00880912 -0.00151061 -0.589261 -0.00879711 0.999931 0.00777935 -1.87144 0.00157903 -0.00776576 0.999969 104.95
0.999959 0.00887299 -0.00193987 -0.595153 -0.00885982 0.999938 0.0066973 -1.89309 0.00199917 -0.00667984 0.999976 106.306
0.999979 0.00629604 -0.00168536 -0.606654 -0.00628253 0.999949 0.00790196 -1.91942 0.00173502 -0.0078912 0.999967 107.697
0.999992 0.00388846 -0.00117748 -0.613948 -0.00387651 0.999943 0.00998764 -1.93614 0.00121625 -0.00998299 0.999949 108.944
0.999999 0.00166922 -0.000232737 -0.62121 -0.00166662 0.999941 0.0107472 -1.95558 0.000250663 -0.0107468 0.999942 110.221
0.999999 0.00113337 0.000663588 -0.624232 -0.00113968 0.999954 0.00957688 -1.97715 -0.000652703 -0.00957763 0.999954 111.581
0.999995 0.00285355 0.0011266 -0.624829 -0.0028615 0.999971 0.00712255 -1.99601 -0.00110624 -0.00712574 0.999974 112.961
0.999982 0.00558119 0.00243371 -0.628304 -0.00559346 0.999972 0.0050603 -2.02029 -0.0024054 -0.00507382 0.999984 114.253
0.999955 0.00877968 0.00368142 -0.638877 -0.0087975 0.99995 0.00485465 -2.04188 -0.00363861 -0.00488681 0.999982 115.607
0.999936 0.0100149 0.00531365 -0.646742 -0.0100518 0.999925 0.00696002 -2.06284 -0.00524355 -0.00701298 0.999962 116.914
0.999934 0.00955648 0.00637492 -0.64462 -0.00961671 0.999909 0.00948629 -2.08059 -0.00628368 -0.00954697 0.999935 118.199
0.999936 0.00886143 0.00702019 -0.638674 -0.00893214 0.999909 0.0101056 -2.10281 -0.00693 -0.0101677 0.999924 119.61
0.999924 0.00921138 0.00813446 -0.631733 -0.00928845 0.999912 0.00948803 -2.11868 -0.00804635 -0.00956286 0.999922 120.918
0.999901 0.0104507 0.00945474 -0.638025 -0.0105365 0.999903 0.00906859 -2.13765 -0.00935906 -0.00916731 0.999914 122.341
0.999865 0.01261 0.0105237 -0.624721 -0.0127017 0.999882 0.00869335 -2.1545 -0.0104128 -0.00882584 0.999907 123.587
0.999837 0.0134958 0.0119641 -0.628172 -0.0135896 0.999877 0.007792 -2.17299 -0.0118575 -0.00795332 0.999898 124.943
0.999806 0.0148403 0.0129705 -0.617225 -0.0149329 0.999864 0.00706754 -2.19421 -0.0128638 -0.00725985 0.999891 126.318
0.999808 0.0138589 0.0138336 -0.607224 -0.0139582 0.999877 0.00710435 -2.21425 -0.0137334 -0.00729608 0.999879 127.599
0.999805 0.0129195 0.0149103 -0.600172 -0.0130368 0.999885 0.00779215 -2.23443 -0.0148079 -0.00798502 0.999858 129.001
0.999814 0.0114307 0.0155415 -0.581617 -0.0115738 0.999891 0.00914861 -2.25078 -0.0154352 -0.00932679 0.999837 130.302
0.999813 0.0106852 0.0160966 -0.566245 -0.0108351 0.999899 0.0092525 -2.27241 -0.0159961 -0.00942518 0.999828 131.676
0.999831 0.00896202 0.0160483 -0.552079 -0.00911765 0.999912 0.00965069 -2.29121 -0.0159604 -0.00979539 0.999825 132.985
0.999855 0.0064509 0.015765 -0.531814 -0.00661457 0.999925 0.0103525 -2.30687 -0.015697 -0.0104552 0.999822 134.329
0.999869 0.00496947 0.0154111 -0.515601 -0.00512712 0.999935 0.0102074 -2.32548 -0.0153594 -0.0102851 0.999829 135.624
0.999891 0.00411722 0.0141697 -0.500743 -0.00426424 0.999937 0.0103606 -2.34309 -0.0141261 -0.0104199 0.999846 137.015
0.999912 0.00232061 0.0131003 -0.484541 -0.00246702 0.999935 0.0111712 -2.36053 -0.0130735 -0.0112026 0.999852 138.355
0.999927 0.000957402 0.0120655 -0.474129 -0.0010974 0.999932 0.0116018 -2.3759 -0.0120536 -0.0116142 0.99986 139.689
0.999941 -0.000124027 0.01089 -0.456265 -2.29811e-06 0.999933 0.0115993 -2.39201 -0.0108907 -0.0115986 0.999873 141.033
0.999952 0.000316849 0.00975833 -0.452795 -0.000424899 0.999939 0.0110725 -2.41078 -0.00975423 -0.0110761 0.999891 142.413
0.999961 -0.000296666 0.00884909 -0.443135 0.000203366 0.999944 0.0105426 -2.42274 -0.00885173 -0.0105404 0.999905 143.72
0.999968 -0.00175538 0.0078061 -0.435486 0.00169036 0.999964 0.00832744 -2.4446 -0.00782043 -0.00831398 0.999935 145.163
0.999953 -0.0067538 0.00690597 -0.425154 0.00670024 0.999948 0.00774934 -2.46711 -0.00695795 -0.00770271 0.999946 146.433
0.999874 -0.0147683 0.00587493 -0.413131 0.0147062 0.999837 0.0104797 -2.4802 -0.00602874 -0.010392 0.999928 147.792
0.999732 -0.0227907 0.00401011 -0.388419 0.0227412 0.99967 0.0119892 -2.49747 -0.00428203 -0.0118948 0.99992 149.112
0.999667 -0.0256577 0.0028075 -0.378107 0.0256314 0.999631 0.00904925 -2.51526 -0.00303864 -0.00897427 0.999955 150.442
0.999691 -0.0245762 0.00368155 -0.37715 0.0245555 0.999683 0.00556457 -2.54078 -0.00381714 -0.00547245 0.999978 151.821
0.999762 -0.0213739 0.00437949 -0.381709 0.0213594 0.999766 0.0033421 -2.55991 -0.0044499 -0.00324776 0.999985 153.15
0.999772 -0.0206938 0.00525585 -0.3712 0.0206752 0.99978 0.00357949 -2.58841 -0.00532877 -0.00347001 0.99998 154.468
0.999697 -0.0238677 0.00594537 -0.372546 0.0238292 0.999695 0.00646773 -2.6109 -0.00609793 -0.0063241 0.999961 155.858
0.999531 -0.0299571 0.0063161 -0.360406 0.0298948 0.999506 0.00973418 -2.63553 -0.00660459 -0.0095408 0.999933 157.205
0.999424 -0.0333516 0.00627552 -0.344947 0.0332812 0.999386 0.0109986 -2.6518 -0.00663849 -0.0107834 0.99992 158.489
0.999364 -0.0351095 0.00620499 -0.330291 0.035038 0.999322 0.0112845 -2.66959 -0.00659697 -0.0110599 0.999917 159.869
0.999415 -0.0334808 0.00697601 -0.321783 0.0333979 0.999374 0.0116876 -2.68397 -0.00736295 -0.0114478 0.999907 161.221
0.999509 -0.0302655 0.00813252 -0.323913 0.0301734 0.999482 0.0112165 -2.69816 -0.00846777 -0.0109656 0.999904 162.565
0.999636 -0.0252588 0.00942346 -0.327464 0.0251761 0.999644 0.00879515 -2.72029 -0.00964227 -0.00855471 0.999917 163.938
0.999697 -0.0224324 0.010134 -0.32391 0.0223493 0.999716 0.00824752 -2.73727 -0.0103161 -0.00801853 0.999915 165.309
0.999718 -0.0214096 0.0102406 -0.316 0.0213134 0.999729 0.00940972 -2.75005 -0.0104393 -0.00918881 0.999903 166.619
0.999747 -0.0200775 0.0101597 -0.311604 0.0199826 0.999757 0.0093538 -2.77062 -0.0103451 -0.00914841 0.999905 167.991
0.999799 -0.0175566 0.00971653 -0.310857 0.0174882 0.999822 0.00707726 -2.79065 -0.00983905 -0.00690591 0.999928 169.403
0.999864 -0.0134429 0.00952746 -0.307293 0.0134038 0.999902 0.00415848 -2.81571 -0.00958243 -0.00403021 0.999946 170.757
0.999929 -0.0078521 0.00894843 -0.308665 0.00782722 0.999965 0.002812 -2.8388 -0.0089702 -0.00274176 0.999956 172.154
0.999949 -0.00360535 0.00939406 -0.310408 0.00356793 0.999986 0.00399709 -2.86217 -0.00940833 -0.00396337 0.999948 173.494
0.999951 -0.000533169 0.00991397 -0.308595 0.000473882 0.999982 0.00598137 -2.8846 -0.00991698 -0.00597638 0.999933 174.947
0.999947 -0.000282896 0.0103285 -0.302662 0.00019907 0.999967 0.00811612 -2.90668 -0.0103304 -0.00811363 0.999914 176.284
0.999954 -0.00239312 0.00929313 -0.292419 0.00230581 0.999953 0.00939412 -2.92387 -0.00931517 -0.00937226 0.999913 177.696
0.999953 -0.00541652 0.00803626 -0.287764 0.00533967 0.99994 0.00955329 -2.93817 -0.00808752 -0.00950993 0.999922 179.074
0.999968 -0.00538413 0.00592567 -0.286308 0.00535056 0.99997 0.00566554 -2.96221 -0.00595599 -0.00563365 0.999967 180.459
0.999985 -0.00299856 0.00453132 -0.282474 0.00299113 0.999994 0.00164495 -2.98768 -0.00453623 -0.00163137 0.999988 181.848
0.999991 0.00104246 0.00408057 -0.296107 -0.00104401 0.999999 0.000377689 -3.01149 -0.00408017 -0.000381946 0.999992 183.304
0.999979 0.00527229 0.00379214 -0.300275 -0.005278 0.999985 0.00149658 -3.04046 -0.0037842 -0.00151656 0.999992 184.658
0.999966 0.00731847 0.00393211 -0.305479 -0.00733682 0.999962 0.0046714 -3.06482 -0.00389778 -0.00470009 0.999981 186.075
0.999963 0.0074958 0.00423305 -0.305926 -0.00752612 0.999946 0.00719054 -3.08783 -0.00417893 -0.00722213 0.999965 187.483
0.99997 0.00645482 0.00437882 -0.308753 -0.00649088 0.999945 0.00827338 -3.10456 -0.00432517 -0.00830155 0.999956 188.875
0.999976 0.00538946 0.00428589 -0.305787 -0.00542701 0.999947 0.00879627 -3.12585 -0.00423825 -0.00881933 0.999952 190.346
0.999987 0.00207928 0.00459585 -0.304507 -0.00212256 0.999953 0.00943278 -3.14276 -0.00457602 -0.00944242 0.999945 191.71
0.999988 0.000178934 0.00480357 -0.304094 -0.000225477 0.999953 0.00969035 -3.1633 -0.00480161 -0.00969132 0.999942 193.193
0.999981 -0.00335445 0.00511293 -0.2966 0.00329962 0.999937 0.0106956 -3.17587 -0.00514849 -0.0106785 0.99993 194.526
0.999956 -0.00769068 0.00535172 -0.285243 0.00762542 0.999898 0.0121089 -3.1929 -0.0054443 -0.0120675 0.999912 195.994
0.999915 -0.0117521 0.00568341 -0.274511 0.0116813 0.999856 0.0123313 -3.20768 -0.0058275 -0.0122639 0.999908 197.412
0.999933 -0.0098463 0.00604842 -0.271884 0.00979646 0.999918 0.00821449 -3.22398 -0.00612881 -0.00815469 0.999948 198.807
0.999977 -0.00169889 0.00663594 -0.280649 0.00167855 0.999994 0.00306931 -3.25316 -0.00664111 -0.0030581 0.999973 200.328
0.999933 0.00843815 0.00787796 -0.28909 -0.00845812 0.999961 0.00250502 -3.27577 -0.00785652 -0.00257149 0.999966 201.723
0.999846 0.0151732 0.00882536 -0.294255 -0.015229 0.999864 0.00628272 -3.29408 -0.00872883 -0.00641615 0.999941 203.125
0.9998 0.0173094 0.0100345 -0.292726 -0.0173963 0.999811 0.00864136 -3.31696 -0.00988298 -0.00881419 0.999912 204.579
0.999836 0.0153393 0.0096015 -0.286135 -0.0154282 0.999838 0.00925117 -3.33176 -0.00945804 -0.00939779 0.999911 206.043
0.999889 0.012359 0.00833907 -0.273485 -0.0124366 0.999879 0.00931932 -3.35275 -0.00822289 -0.00942199 0.999922 207.462
0.999927 0.00982226 0.0070958 -0.264722 -0.00988489 0.999912 0.00884608 -3.37241 -0.00700829 -0.00891557 0.999936 208.886
0.999922 0.0104531 0.00683997 -0.259296 -0.0105088 0.999912 0.00815521 -3.3893 -0.00675411 -0.00822645 0.999943 210.377
0.99991 0.0117486 0.00649471 -0.250848 -0.011804 0.999894 0.00856931 -3.40939 -0.00639335 -0.0086452 0.999942 211.776
0.999895 0.0129701 0.00650348 -0.25463 -0.0130316 0.99987 0.00950372 -3.42752 -0.00637936 -0.00958747 0.999934 213.286
0.999907 0.0121494 0.00614471 -0.254449 -0.0122062 0.999882 0.00929045 -3.44809 -0.00603111 -0.00936459 0.999938 214.744
0.999904 0.0124822 0.00595802 -0.25216 -0.0125301 0.999889 0.0080738 -3.46967 -0.00585658 -0.00814768 0.99995 216.259
0.999917 0.0117128 0.00543636 -0.250014 -0.0117553 0.9999 0.00786189 -3.48719 -0.00534373 -0.00792514 0.999954 217.712
0.999913 0.0120027 0.00538898 -0.245039 -0.0120457 0.999895 0.00801511 -3.50569 -0.00529221 -0.00807933 0.999953 219.15
0.999912 0.0123571 0.00486268 -0.248947 -0.0123943 0.999894 0.00770236 -3.53023 -0.00476698 -0.00776195 0.999959 220.705
0.999912 0.0123942 0.00464121 -0.24141 -0.0124289 0.999894 0.00754213 -3.55147 -0.00454724 -0.00759916 0.999961 222.164
0.9999 0.0134951 0.00415759 -0.242286 -0.0135256 0.999881 0.00740498 -3.57032 -0.00405716 -0.00746048 0.999964 223.665
0.999906 0.0132341 0.00371649 -0.248359 -0.013261 0.999885 0.0073229 -3.59224 -0.00361915 -0.00737149 0.999966 225.172
0.999897 0.0139559 0.00334379 -0.250235 -0.0139796 0.999876 0.00718193 -3.61415 -0.00324315 -0.00722794 0.999969 226.702
0.999908 0.0130902 0.00365236 -0.258401 -0.0131171 0.999886 0.0074538 -3.63651 -0.00355437 -0.00750102 0.999966 228.189
0.999923 0.011873 0.00354511 -0.257786 -0.0118977 0.999905 0.00701899 -3.65738 -0.00346144 -0.00706063 0.999969 229.574
0.999926 0.0115675 0.00368606 -0.254937 -0.0115955 0.999903 0.00766506 -3.68 -0.00359704 -0.00770723 0.999964 231.126
0.999947 0.00956969 0.00375744 -0.255307 -0.0096009 0.999919 0.00837731 -3.70228 -0.00367697 -0.00841294 0.999958 232.671
0.99995 0.00925795 0.00378683 -0.253138 -0.00929083 0.999918 0.00875761 -3.72375 -0.00370545 -0.00879235 0.999955 234.187
0.999951 0.00924149 0.00364864 -0.256747 -0.00927212 0.999921 0.00846977 -3.74182 -0.00357008 -0.00850319 0.999958 235.634
0.999929 0.0111323 0.00436431 -0.254031 -0.0111659 0.999908 0.00775797 -3.76756 -0.00427754 -0.00780615 0.99996 237.197
0.999915 0.0121178 0.00480844 -0.258095 -0.0121586 0.99989 0.00853896 -3.78834 -0.00470444 -0.0085967 0.999952 238.66
0.999918 0.0117361 0.00507165 -0.256878 -0.0117896 0.999874 0.0106555 -3.80258 -0.00494596 -0.0107144 0.99993 240.125
0.999914 0.0116065 0.00612955 -0.25883 -0.0116734 0.999871 0.0109967 -3.82338 -0.00600113 -0.0110673 0.999921 241.651
0.999901 0.0125236 0.00646468 -0.256651 -0.0125851 0.999875 0.00956341 -3.84307 -0.00634411 -0.00964382 0.999933 243.203
0.999892 0.0127647 0.00724938 -0.252146 -0.0128257 0.999882 0.00843195 -3.86485 -0.0071409 -0.00852402 0.999938 244.743
0.999876 0.0139513 0.00734654 -0.251332 -0.0140147 0.999864 0.00866025 -3.88175 -0.00722472 -0.00876214 0.999936 246.213
0.999889 0.0130837 0.00717234 -0.251108 -0.0131534 0.999866 0.00974921 -3.90155 -0.00704382 -0.00984246 0.999927 247.698
0.999881 0.0135455 0.00735812 -0.238813 -0.0136236 0.99985 0.0106685 -3.92063 -0.00721251 -0.0107675 0.999916 249.264
0.999885 0.0136366 0.00669164 -0.242341 -0.0137078 0.999849 0.0107234 -3.93816 -0.0065444 -0.0108139 0.99992 250.757
0.999861 0.0150574 0.00712917 -0.228608 -0.0151339 0.999827 0.0108007 -3.95386 -0.00696531 -0.0109071 0.999916 252.265
0.999844 0.0160542 0.00730639 -0.231942 -0.0161343 0.999809 0.0110258 -3.97207 -0.00712798 -0.011142 0.999913 253.821
0.999833 0.0167179 0.00738048 -0.231095 -0.0167997 0.999797 0.0111564 -3.98785 -0.00719246 -0.0112786 0.999911 255.355
0.999863 0.0150538 0.0069205 -0.238229 -0.0151357 0.999814 0.0119399 -4.00302 -0.00673947 -0.012043 0.999905 256.878
0.999885 0.013613 0.00661977 -0.227723 -0.0136947 0.999829 0.0124476 -4.01717 -0.00644919 -0.0125368 0.999901 258.422
0.999924 0.00995034 0.00724185 -0.216387 -0.0100473 0.999859 0.0134781 -4.03528 -0.00710672 -0.0135498 0.999883 260
0.999935 0.00894714 0.00704708 -0.216651 -0.00903573 0.999879 0.0126419 -4.04782 -0.00693312 -0.0127047 0.999895 261.496
0.999939 0.0085844 0.00698923 -0.202044 -0.00866597 0.999894 0.0117244 -4.06752 -0.00688784 -0.0117842 0.999907 263.028
0.999958 0.00589757 0.00707288 -0.198985 -0.00599316 0.99989 0.0135709 -4.08397 -0.00699207 -0.0136127 0.999883 264.597
0.999966 0.00262962 0.00786265 -0.188566 -0.00275206 0.999875 0.0156017 -4.08764 -0.00782064 -0.0156228 0.999847 266.129
0.999967 0.00169531 0.00789381 -0.178287 -0.001813 0.999887 0.0149261 -4.10499 -0.00786762 -0.0149399 0.999857 267.696
0.999963 0.00152223 0.00850483 -0.166568 -0.00163928 0.999904 0.0137735 -4.11886 -0.00848304 -0.0137869 0.999869 269.204
0.999955 0.00218629 0.0092148 -0.154192 -0.002312 0.999904 0.0136538 -4.13182 -0.00918407 -0.0136744 0.999864 270.772
0.99994 0.003743 0.0103196 -0.15789 -0.00388702 0.999895 0.0139712 -4.1445 -0.0102662 -0.0140104 0.999849 272.312
0.999923 0.00554063 0.0110878 -0.134863 -0.00568774 0.999896 0.0132804 -4.16182 -0.0110131 -0.0133424 0.99985 273.838
0.999903 0.00683523 0.0121384 -0.126229 -0.00699603 0.999888 0.0132538 -4.175 -0.0120465 -0.0133375 0.999838 275.426
0.999893 0.00659883 0.0130613 -0.115359 -0.00677089 0.99989 0.0131734 -4.18831 -0.012973 -0.0132604 0.999828 276.952
0.999869 0.00750232 0.0143225 -0.0988662 -0.00767928 0.999894 0.0123405 -4.20837 -0.0142284 -0.0124489 0.999821 278.506
0.999865 0.00683408 0.0149425 -0.0934645 -0.00701641 0.999901 0.0121842 -4.22245 -0.0148578 -0.0122874 0.999814 280.026
0.99985 0.00702166 0.0158224 -0.0665665 -0.00721632 0.999899 0.0122796 -4.24127 -0.0157346 -0.0123919 0.999799 281.588
0.999852 0.00487261 0.0165135 -0.0482468 -0.00509939 0.999893 0.0137185 -4.2528 -0.0164449 -0.0138007 0.99977 283.122
0.999842 0.0040796 0.0173005 -0.0288968 -0.00431795 0.999896 0.0137623 -4.27127 -0.0172426 -0.0138348 0.999756 284.682
0.999848 0.00301158 0.0171928 -0.00436802 -0.00321248 0.999927 0.0116691 -4.28898 -0.0171564 -0.0117226 0.999784 286.267
0.999858 0.00311681 0.0165558 0.0203148 -0.00327493 0.999949 0.00953218 -4.30496 -0.0165252 -0.00958504 0.999818 287.779
0.999867 0.0026408 0.0161248 0.0363771 -0.00279229 0.999952 0.00937979 -4.32134 -0.0160993 -0.00942356 0.999826 289.302
0.999874 0.00111531 0.0158073 0.0588989 -0.0012685 0.999952 0.00968458 -4.33899 -0.0157957 -0.00970342 0.999828 290.917
0.999895 0.00153826 0.0143865 0.0796786 -0.00167373 0.999954 0.00940949 -4.35762 -0.0143713 -0.00943258 0.999852 292.46
0.999899 0.00195737 0.0140516 0.104701 -0.00208194 0.999959 0.00885601 -4.38081 -0.0140337 -0.00888437 0.999862 294.068
0.999909 0.00174596 0.0133942 0.1048 -0.00186986 0.999956 0.0092439 -4.39464 -0.0133774 -0.0092681 0.999868 295.586
0.999914 0.00176967 0.0130211 0.128837 -0.00189437 0.999952 0.00957062 -4.41852 -0.0130035 -0.00959446 0.999869 297.139
0.99993 0.00202584 0.0116198 0.137177 -0.00215103 0.99994 0.010771 -4.43608 -0.0115973 -0.0107953 0.999874 298.779
0.999936 0.00266563 0.0109587 0.160503 -0.00279931 0.999922 0.0122016 -4.45046 -0.0109253 -0.0122315 0.999866 300.311
0.99993 0.0026396 0.0115597 0.162539 -0.00278318 0.999919 0.0124227 -4.46651 -0.011526 -0.012454 0.999856 301.914
0.999909 0.0040292 0.012899 0.191503 -0.00418513 0.999918 0.0120846 -4.47965 -0.0128492 -0.0121375 0.999844 303.508
0.999903 0.00285214 0.013648 0.203902 -0.00301514 0.999924 0.0119375 -4.49226 -0.0136129 -0.0119775 0.999836 305.074
0.999907 0.000342508 0.0136197 0.213898 -0.000492394 0.999939 0.0110032 -4.50738 -0.0136151 -0.0110089 0.999847 306.732
0.999904 -0.000840131 0.0138009 0.236417 0.000714983 0.999959 0.00907063 -4.5277 -0.013808 -0.0090599 0.999864 308.306
0.999903 -0.001753 0.0138473 0.248355 0.00164244 0.999967 0.00799159 -4.54655 -0.0138609 -0.00796807 0.999872 309.946
0.999928 -0.000693577 0.0119415 0.277664 0.000607266 0.999974 0.00723004 -4.56822 -0.0119462 -0.00722227 0.999903 311.477
0.999953 0.00067297 0.00969794 0.269386 -0.000748652 0.999969 0.00780234 -4.59086 -0.00969239 -0.00780923 0.999923 313.092
0.999962 0.00154333 0.00857285 0.281803 -0.00163707 0.999939 0.0109379 -4.60619 -0.00855544 -0.0109515 0.999904 314.757
0.999958 -1.47173e-05 0.00913871 0.299966 -0.000117186 0.999896 0.014433 -4.62152 -0.00913797 -0.0144335 0.999854 316.362
0.999956 -0.00122404 0.00931796 0.292747 0.00108234 0.999884 0.0151974 -4.6331 -0.00933548 -0.0151866 0.999841 318.005
0.999941 -0.00244255 0.010557 0.28397 0.0022941 0.999899 0.014051 -4.64687 -0.0105903 -0.0140259 0.999846 319.673
0.999951 -0.00282778 0.00952513 0.302724 0.00269562 0.9999 0.0138599 -4.65638 -0.00956337 -0.0138335 0.999859 321.286
0.999946 -0.00350102 0.00979593 0.323489 0.00335953 0.99989 0.0144232 -4.67015 -0.00984535 -0.0143895 0.999848 322.931
0.999943 -0.0033692 0.0101549 0.315645 0.00322312 0.999892 0.0143675 -4.68821 -0.0102022 -0.014334 0.999845 324.538
0.999931 -0.00208128 0.0115595 0.335306 0.00192333 0.999905 0.0136578 -4.69999 -0.0115868 -0.0136346 0.99984 326.2
0.999939 -0.00139763 0.0109903 0.327721 0.00125589 0.999916 0.0128932 -4.71783 -0.0110074 -0.0128786 0.999857 327.816
0.999918 -0.00229429 0.0126271 0.333651 0.00210877 0.99989 0.0146856 -4.73225 -0.0126594 -0.0146577 0.999812 329.457
0.999918 -0.00381606 0.0122387 0.353367 0.003621 0.999867 0.0159206 -4.74598 -0.0122979 -0.015875 0.999798 331.057
0.999929 -0.00363002 0.0113475 0.366838 0.00346341 0.999886 0.0146679 -4.76362 -0.0113994 -0.0146276 0.999828 332.723
0.999926 -0.00350214 0.0116215 0.39026 0.00332616 0.99988 0.0151282 -4.78073 -0.0116731 -0.0150884 0.999818 334.328
0.999932 -0.00254193 0.0113736 0.387842 0.00239555 0.999914 0.0128654 -4.7832 -0.0114053 -0.0128373 0.999853 335.937
0.999934 0.00118073 0.0114266 0.368347 -0.00130097 0.999944 0.0105206 -4.8116 -0.0114135 -0.0105348 0.999879 337.561
0.999944 0.00156262 0.0104907 0.39451 -0.00167791 0.999938 0.0109902 -4.82726 -0.0104729 -0.0110072 0.999885 339.151
0.999953 0.00217027 0.00949947 0.405561 -0.00230281 0.9999 0.0139637 -4.84783 -0.00946821 -0.013985 0.999857 340.785
0.999956 0.00291119 0.00896836 0.417619 -0.00306079 0.999856 0.0167121 -4.85709 -0.00891841 -0.0167388 0.99982 342.396
0.999972 0.00380063 0.00649408 0.43113 -0.00390426 0.999864 0.0160191 -4.8695 -0.00643232 -0.016044 0.999851 343.99
0.999978 0.00397033 0.00531502 0.400442 -0.00404767 0.999885 0.0146207 -4.88374 -0.00525636 -0.0146419 0.999879 345.616
0.999992 0.00191751 0.00347236 0.403855 -0.00197178 0.999875 0.0156952 -4.89438 -0.00344183 -0.0157019 0.999871 347.19
0.999997 0.000330344 0.00252615 0.394942 -0.000372226 0.999862 0.0165967 -4.91133 -0.00252032 -0.0165976 0.999859 348.769
0.999995 0.00013869 0.00301103 0.391457 -0.000186313 0.999875 0.0158216 -4.92449 -0.00300846 -0.0158221 0.99987 350.408
0.999996 -0.000357745 0.00272471 0.381156 0.000316743 0.999887 0.0150343 -4.93906 -0.00272978 -0.0150334 0.999883 352.019
0.999997 -0.000736533 0.00252645 0.38277 0.000698627 0.999888 0.0149717 -4.94976 -0.0025372 -0.0149699 0.999885 353.636
0.999997 -0.00142885 0.00213874 0.37501 0.00139693 0.999889 0.0148534 -4.96471 -0.00215972 -0.0148503 0.999887 355.193
0.999994 -0.00218439 0.00257659 0.363368 0.00214707 0.999894 0.0143964 -4.9806 -0.00260777 -0.0143908 0.999893 356.776
0.999993 -0.00234601 0.00297901 0.369149 0.0023046 0.999902 0.013828 -4.99702 -0.00301115 -0.013821 0.9999 358.421
0.999992 -0.00288984 0.00292029 0.364163 0.00284858 0.999898 0.0140354 -5.011 -0.00296055 -0.0140269 0.999897 359.973
0.99999 -0.00283954 0.00332857 0.353132 0.00279594 0.999911 0.0130291 -5.02242 -0.00336527 -0.0130197 0.99991 361.579
0.999988 -0.00388013 0.00313811 0.360475 0.00384142 0.999918 0.0122506 -5.04309 -0.00318538 -0.0122384 0.99992 363.124
0.999978 -0.00592894 0.0028258 0.360873 0.00589039 0.999892 0.0134611 -5.05267 -0.00290531 -0.0134442 0.999905 364.753
0.999952 -0.00812742 0.00546729 0.337719 0.00804519 0.999857 0.0148972 -5.0709 -0.00558759 -0.0148525 0.999874 366.294
0.999964 -0.00784003 0.00338239 0.356476 0.00779265 0.999874 0.0137991 -5.08501 -0.00349015 -0.0137723 0.999899 367.923
0.999966 -0.00658994 0.005028 0.344789 0.00652182 0.999888 0.013446 -5.09599 -0.00511605 -0.0134127 0.999897 369.513
0.999976 -0.00523259 0.0044413 0.339862 0.00516878 0.999885 0.0142609 -5.10673 -0.00451541 -0.0142376 0.999888 371.143
0.999977 -0.00415213 0.00528695 0.344151 0.00407209 0.999878 0.015062 -5.11927 -0.00534884 -0.0150402 0.999873 372.704
0.999975 -0.00378918 0.00595314 0.331769 0.00369965 0.999881 0.0149788 -5.13091 -0.00600919 -0.0149565 0.99987 374.306
0.999975 -0.0038229 0.00591786 0.336398 0.00373741 0.999889 0.0143906 -5.145 -0.00597222 -0.0143681 0.999879 375.905
0.999964 -0.00371782 0.00764214 0.326828 0.00360997 0.999894 0.014078 -5.15514 -0.00769368 -0.0140499 0.999872 377.538
0.999968 -0.00322961 0.00727012 0.323842 0.00312673 0.999896 0.0141179 -5.16803 -0.00731495 -0.0140948 0.999874 379.109
0.999964 -0.00198249 0.00823958 0.322261 0.00186425 0.999896 0.0143334 -5.1811 -0.00826713 -0.0143175 0.999863 380.776
0.999962 -0.00129945 0.008608 0.349282 0.00117012 0.999887 0.0150125 -5.19322 -0.00862653 -0.0150018 0.99985 382.319
0.999961 -0.000338265 0.00885669 0.347565 0.000208687 0.999893 0.0146274 -5.20518 -0.00886068 -0.0146249 0.999854 383.893
0.999946 0.00119185 0.0102986 0.368542 -0.00133269 0.999906 0.0136797 -5.22317 -0.0102813 -0.0136927 0.999853 385.516
0.999949 0.00199164 0.0098748 0.356149 -0.00213013 0.999899 0.014034 -5.2348 -0.00984586 -0.0140543 0.999853 387.183
0.999943 0.00291838 0.0102265 0.355484 -0.00307219 0.999882 0.0150576 -5.24356 -0.0101814 -0.0150881 0.999834 388.76
0.999936 0.00425914 0.0105162 0.382584 -0.00442267 0.999869 0.0155765 -5.25763 -0.0104484 -0.015622 0.999823 390.405
0.999919 0.0053188 0.0116037 0.367385 -0.00549401 0.999871 0.0151207 -5.2697 -0.0115218 -0.0151832 0.999818 392.002
0.999917 0.00513144 0.0118143 0.383874 -0.0053128 0.999868 0.0153712 -5.28146 -0.0117338 -0.0154327 0.999812 393.697
