1 -4.1311e-11 -1.95776e-11 0 -4.12612e-11 1 -1.70424e-11 0 -1.42043e-10 -1.70424e-11 1 -2.98023e-08
0.999864 0.000597529 0.0164981 0.00686344 -0.00058542 1 -0.000738694 -0.0148963 -0.0164986 0.000728935 0.999864 0.131094
0.99929 0.00402647 0.0374725 0.0214974 -0.00400969 0.999992 -0.000522779 -0.0190242 -0.0374743 0.000372155 0.999298 0.27751
0.997865 0.00614133 0.0650145 0.033496 -0.00620412 0.99998 0.000763966 -0.0223238 -0.0650086 -0.00116569 0.997884 0.448014
0.995149 0.0049935 0.0982502 0.0913259 -0.00533562 0.999981 0.00321966 -0.0253044 -0.0982323 -0.00372826 0.995157 0.630099
0.990654 0.00187851 0.136383 0.173943 -0.00263896 0.999982 0.0053952 -0.0268504 -0.136371 -0.00570469 0.990641 0.83874
0.984157 -0.0014471 0.177292 0.229032 0.000361511 0.999981 0.00615533 -0.0310978 -0.177298 -0.00599372 0.984139 1.04242
0.975272 -0.00194808 0.220999 0.31595 0.000343635 0.999973 0.00729819 -0.0311785 -0.221008 -0.00704178 0.975247 1.27662
0.963542 -0.00184326 0.267551 0.414457 -0.000855754 0.99995 0.00997088 -0.0263215 -0.267556 -0.00983631 0.963492 1.4677
0.94914 -0.00566225 0.314804 0.544428 0.000415312 0.99986 0.0167319 -0.0236344 -0.314854 -0.0157502 0.949009 1.70227
0.9321 -0.0154055 0.361872 0.660251 0.00670417 0.999658 0.0252886 -0.0335199 -0.362138 -0.0211455 0.931885 1.92531
0.910307 -0.0209966 0.413402 0.822319 0.00927824 0.999497 0.0303337 -0.0345403 -0.413831 -0.0237773 0.910043 2.17333
0.884829 -0.0228632 0.465355 1.00483 0.00789329 0.999388 0.0340923 -0.0309911 -0.465849 -0.0264927 0.884468 2.42009
0.857127 -0.0249991 0.514497 1.20469 0.00600738 0.999239 0.0385444 -0.0204345 -0.515069 -0.0299467 0.856625 2.61016
0.824501 -0.0301986 0.565055 1.44193 0.00711111 0.999049 0.0430167 -0.0151369 -0.565817 -0.0314491 0.823931 2.86693
0.788553 -0.0357053 0.61393 1.66383 0.0092884 0.998891 0.0461637 -0.0105124 -0.614897 -0.0307001 0.78801 3.09744
0.749865 -0.0403043 0.660362 1.9397 0.010537 0.998744 0.0489919 -0.00194688 -0.661506 -0.0297791 0.749348 3.32121
0.709433 -0.0437596 0.703413 2.21366 0.0115108 0.998657 0.0505175 0.00840636 -0.704679 -0.027742 0.708984 3.5335
0.668446 -0.0454277 0.742373 2.54667 0.0107559 0.998619 0.0514232 0.0229262 -0.743683 -0.0263887 0.668011 3.75128
0.625196 -0.0460245 0.77911 2.86456 0.00638476 0.998528 0.0538628 0.0423194 -0.780442 -0.0287004 0.624569 3.94628
0.582402 -0.0468264 0.811551 3.22125 0.00350454 0.998475 0.0550968 0.0564266 -0.812894 -0.0292444 0.581677 4.20051
0.542883 -0.0478739 0.838443 3.60989 0.00147899 0.998427 0.0560512 0.0748635 -0.839807 -0.0291892 0.5421 4.38751
0.502554 -0.0506736 0.86306 4.01528 0.00106546 0.998316 0.0579947 0.0909297 -0.864545 -0.0282259 0.501762 4.60368
0.466334 -0.0503984 0.883172 4.45177 -0.00215151 0.998308 0.0581047 0.11134 -0.884606 -0.0289963 0.465436 4.79717
0.428821 -0.0496452 0.902024 4.90216 -0.00334076 0.998395 0.0565374 0.133858 -0.903383 -0.0272579 0.427967 4.97791
0.395574 -0.0482502 0.917166 5.41808 -0.00222016 0.998566 0.0534901 0.15306 -0.918432 -0.0231955 0.394899 5.15661
0.366568 -0.0465946 0.929224 5.91837 -0.000374833 0.998738 0.0502282 0.174709 -0.930391 -0.0187603 0.366088 5.32362
0.341453 -0.0446579 0.938837 6.49038 0.000791221 0.998884 0.0472264 0.197502 -0.939898 -0.0153828 0.341108 5.51261
0.318963 -0.043934 0.946748 7.08495 0.00153926 0.998948 0.0458377 0.220965 -0.947766 -0.0131633 0.318695 5.68971
0.305035 -0.0447061 0.951291 7.65402 0.00319687 0.99894 0.0459203 0.245633 -0.952336 -0.0109661 0.304854 5.88231
0.293652 -0.0461903 0.954796 8.29448 0.00423254 0.998885 0.0470215 0.263551 -0.955903 -0.00976673 0.29352 6.0676
0.28256 -0.0480206 0.958047 8.95867 0.0030002 0.998786 0.0491777 0.289686 -0.959245 -0.0110213 0.282361 6.24335
0.271443 -0.0496555 0.961173 9.61266 0.000870829 0.998681 0.0513472 0.316761 -0.962454 -0.0131008 0.271128 6.42954
0.261124 -0.0515017 0.96393 10.3306 0.00053993 0.998583 0.0532069 0.346712 -0.965305 -0.0133731 0.260782 6.61947
0.251416 -0.0534769 0.966401 11.0437 -0.000357475 0.998467 0.0553444 0.372253 -0.967879 -0.0142599 0.251012 6.8082
0.24199 -0.0551882 0.968708 11.7977 -0.000633137 0.998372 0.0570363 0.405285 -0.970279 -0.0144155 0.241561 6.97591
0.230508 -0.0565952 0.971423 12.5726 -0.00108044 0.998292 0.0584169 0.43596 -0.97307 -0.0145151 0.230053 7.1733
0.219912 -0.0595264 0.973702 13.324 -0.00215782 0.998104 0.0615056 0.468545 -0.975517 -0.0156269 0.219367 7.3416
0.208281 -0.0628224 0.976049 14.0843 -0.00510105 0.997852 0.0653142 0.50672 -0.978056 -0.0185826 0.207514 7.4789
0.195709 -0.0669119 0.978377 14.892 -0.00442057 0.997599 0.0691108 0.542292 -0.980652 -0.0178506 0.194943 7.64779
0.181968 -0.0692294 0.980864 15.6989 -0.00576709 0.997426 0.0714682 0.582583 -0.983288 -0.0186617 0.1811 7.81341
0.169128 -0.0699305 0.98311 16.5339 -0.00657777 0.997377 0.072077 0.617998 -0.985572 -0.0186569 0.168224 7.92222
0.154076 -0.0691571 0.985636 17.3512 -0.0081303 0.997425 0.0712552 0.657358 -0.988025 -0.0189922 0.153117 8.03232
0.137787 -0.0679651 0.988127 18.1452 -0.0092599 0.997511 0.0699018 0.698628 -0.990419 -0.0187815 0.136814 8.18729
0.116616 -0.0665739 0.990943 18.9756 -0.0118519 0.997587 0.068415 0.734731 -0.993106 -0.0197228 0.115546 8.2701
0.0911685 -0.065087 0.993706 19.8364 -0.0164755 0.997627 0.0668553 0.773038 -0.995699 -0.0224669 0.0898798 8.33641
0.0618824 -0.0648896 0.995972 20.6574 -0.0206083 0.997589 0.0662754 0.811193 -0.997871 -0.0246266 0.0603959 8.37855
0.0266294 -0.0645538 0.997559 21.5272 -0.0239482 0.997585 0.0651948 0.84798 -0.999358 -0.0256259 0.0250191 8.40208
-0.00672148 -0.0639231 0.997932 22.3737 -0.0255361 0.99764 0.0637324 0.880828 -0.999651 -0.025055 -0.00833797 8.39638
-0.0396688 -0.0629699 0.997227 23.2479 -0.0262244 0.997734 0.0619588 0.910527 -0.998869 -0.0236938 -0.0412302 8.32842
-0.0710564 -0.061086 0.9956 24.0606 -0.0282104 0.997847 0.0592104 0.940204 -0.997073 -0.023879 -0.0726267 8.2547
-0.104377 -0.057799 0.992857 24.9257 -0.0304368 0.998028 0.0549003 0.974017 -0.994072 -0.0244891 -0.10593 8.17243
-0.13487 -0.0533512 0.989426 25.8141 -0.0284354 0.998347 0.0499561 0.995434 -0.990455 -0.0213971 -0.136164 8.01962
-0.167909 -0.0477807 0.984644 26.598 -0.0235342 0.998734 0.0444513 1.01372 -0.985522 -0.0157091 -0.168821 7.88435
-0.19872 -0.0418676 0.979162 27.4509 -0.0174082 0.99908 0.0391864 1.02585 -0.979902 -0.00925828 -0.199267 7.66262
-0.226817 -0.0360779 0.973269 28.2518 -0.0115344 0.999343 0.0343564 1.03778 -0.973869 -0.00343345 -0.227084 7.46635
-0.255786 -0.0291979 0.966292 29.1078 -0.00295851 0.999563 0.02942 1.0506 -0.966729 0.00466647 -0.255761 7.20334
-0.283094 -0.0188326 0.958907 29.9257 0.00319457 0.999783 0.0205785 1.04781 -0.959087 0.00888895 -0.282973 6.96023
-0.306347 -0.00364506 0.951913 30.7098 0.00727749 0.999954 0.00617109 1.03462 -0.951892 0.00881803 -0.306307 6.68344
-0.331883 0.0132653 0.943227 31.5174 0.00802779 0.999905 -0.0112377 1.01167 -0.943287 0.00384242 -0.331958 6.3803
-0.357327 0.0272625 0.933581 32.2978 0.00678801 0.999623 -0.026593 0.982636 -0.933955 -0.00316523 -0.357377 6.06867
-0.381881 0.0381723 0.923423 33.0502 0.0109349 0.999263 -0.0367852 0.941412 -0.924147 -0.00395003 -0.382017 5.76274
-0.405843 0.0434251 0.912911 33.8313 0.0148538 0.999052 -0.0409193 0.892195 -0.913822 -0.00304666 -0.406103 5.42564
-0.427713 0.0424215 0.902919 34.5513 0.016896 0.999099 -0.0389366 0.842336 -0.903757 -0.00139798 -0.428044 5.04312
-0.447672 0.0394825 0.893326 35.3333 0.0213282 0.999212 -0.0334742 0.798925 -0.893944 0.00406761 -0.448161 4.66789
-0.464317 0.0388498 0.884817 36.1367 0.028697 0.999173 -0.0288118 0.75148 -0.885204 0.0120138 -0.465048 4.17795
-0.478311 0.039318 0.87731 36.7841 0.0329799 0.999097 -0.0267954 0.708109 -0.877571 0.0161171 -0.479176 3.8274
-0.489931 0.0423224 0.870733 37.4668 0.0355569 0.99896 -0.0285484 0.660262 -0.871036 0.0169739 -0.490926 3.44427
-0.50007 0.045215 0.864804 38.1955 0.0370306 0.998839 -0.03081 0.613057 -0.865193 0.016617 -0.501164 3.03414
-0.510263 0.0441068 0.858887 38.8707 0.0305258 0.998984 -0.0331659 0.561726 -0.859477 0.0092949 -0.511091 2.63839
-0.52161 0.0430767 0.852096 39.5915 0.0290786 0.999042 -0.032705 0.522715 -0.852689 0.00771856 -0.522363 2.21438
-0.530365 0.044654 0.846592 40.2607 0.0316198 0.998959 -0.0328817 0.482708 -0.847179 0.00932974 -0.531225 1.79117
-0.537552 0.0478429 0.841872 40.911 0.0352063 0.998792 -0.0342805 0.437218 -0.842496 0.0112116 -0.538587 1.35319
-0.541007 0.0508912 0.839477 41.6292 0.0358522 0.998656 -0.0374358 0.392464 -0.840254 0.00984409 -0.542104 0.892897
-0.540954 0.052282 0.839426 42.3087 0.0352263 0.998599 -0.0394947 0.34776 -0.840314 0.008205 -0.542038 0.45345
-0.537708 0.0533844 0.841439 43.0502 0.0376622 0.998518 -0.0392828 0.301727 -0.842289 0.0105677 -0.538922 -0.00064303
-0.53203 0.0520638 0.845123 43.8011 0.0364089 0.998591 -0.0385978 0.254632 -0.845942 0.0102348 -0.533176 -0.465327
-0.52488 0.0507619 0.849661 44.5541 0.0337927 0.998676 -0.0387891 0.208378 -0.850505 0.00835276 -0.5259 -0.904379
-0.518329 0.0502412 0.853704 45.3168 0.0320347 0.998713 -0.0393252 0.159242 -0.854581 0.00696476 -0.519271 -1.35927
-0.511482 0.0487293 0.857911 46.129 0.0291418 0.9988 -0.0393576 0.108026 -0.8588 0.00487039 -0.512288 -1.84561
-0.507365 0.0467367 0.860463 46.9332 0.0251113 0.998906 -0.0394497 0.0578914 -0.861365 0.00159199 -0.507984 -2.28915
-0.505104 0.0435163 0.861961 47.7839 0.0201563 0.99905 -0.0386258 0.00934475 -0.862823 -0.00213608 -0.505502 -2.77709
-0.506127 0.041279 0.86147 48.6209 0.0175202 0.99914 -0.0375823 -0.0436085 -0.862281 -0.00392828 -0.506415 -3.25683
-0.506596 0.0396434 0.861272 49.4769 0.015688 0.999201 -0.0367645 -0.0955804 -0.862041 -0.0051131 -0.506813 -3.73799
-0.507061 0.0394831 0.861005 50.3449 0.0164434 0.999212 -0.036137 -0.146683 -0.861753 -0.0041658 -0.507311 -4.26278
-0.507278 0.0385848 0.860918 51.201 0.0156691 0.999245 -0.0355517 -0.197623 -0.86164 -0.0045448 -0.5075 -4.76725
-0.506904 0.0381818 0.861156 52.0883 0.0162602 0.999264 -0.034734 -0.250796 -0.861849 -0.00360423 -0.507152 -5.27636
-0.507594 0.0375644 0.860777 52.9915 0.0160867 0.999288 -0.0341228 -0.309489 -0.861446 -0.00347342 -0.507837 -5.80738
-0.507399 0.0357215 0.860971 53.8686 0.0138937 0.99935 -0.0332748 -0.362667 -0.861599 -0.00492154 -0.507565 -6.32103
-0.507378 0.0352173 0.861004 54.7927 0.0136875 0.999368 -0.0328109 -0.421261 -0.861615 -0.00486253 -0.507539 -6.85101
-0.50692 0.0343257 0.861309 55.6751 0.0122666 0.999393 -0.0326093 -0.476243 -0.861906 -0.00596495 -0.507034 -7.352
-0.505661 0.0330167 0.8621 56.5692 0.0120358 0.99944 -0.031217 -0.53473 -0.862648 -0.00540911 -0.505775 -7.87843
-0.503537 0.0310551 0.863416 57.4679 0.0125831 0.999511 -0.0286118 -0.589039 -0.863882 -0.00354259 -0.503681 -8.39329
-0.500962 0.0297576 0.864958 58.331 0.0131333 0.999555 -0.0267817 -0.641233 -0.86537 -0.00205689 -0.50113 -8.8924
-0.498312 0.0293527 0.866501 59.2326 0.0134532 0.999568 -0.0261236 -0.69387 -0.866893 -0.00136052 -0.498492 -9.40317
-0.496171 0.029642 0.867719 60.1309 0.0138968 0.99956 -0.0261995 -0.745994 -0.868114 -0.000940903 -0.496364 -9.91529
-0.495699 0.0301064 0.867972 61.0028 0.0135774 0.999546 -0.0269161 -0.795142 -0.868388 -0.00155747 -0.495882 -10.4017
-0.496304 0.0315472 0.867575 61.8873 0.0133885 0.999499 -0.0286852 -0.848957 -0.868046 -0.0026211 -0.496478 -10.8833
-0.499049 0.0329372 0.865948 62.7422 0.0120515 0.999445 -0.0310696 -0.903151 -0.86649 -0.00506932 -0.499169 -11.3764
-0.504168 0.033592 0.862952 63.6279 0.0104383 0.999407 -0.0328053 -0.963407 -0.863542 -0.0075317 -0.50422 -11.871
-0.508556 0.0322125 0.860426 64.4645 0.0100858 0.999454 -0.0314562 -1.01431 -0.86097 -0.00731921 -0.508603 -12.3852
-0.514735 0.0303227 0.856813 65.3296 0.0139757 0.999538 -0.0269777 -1.06935 -0.857235 -0.00191181 -0.514921 -12.881
-0.520093 0.027829 0.853656 66.2189 0.0104213 0.999601 -0.0262375 -1.12731 -0.854046 -0.00474977 -0.520176 -13.4162
-0.524981 0.0299051 0.850588 67.0562 0.011881 0.999543 -0.0278091 -1.17916 -0.851031 -0.00449341 -0.525097 -13.9169
-0.530433 0.0325343 0.847102 67.8538 0.0126912 0.999456 -0.0304388 -1.22618 -0.847632 -0.00539504 -0.530557 -14.4222
-0.534982 0.0326614 0.844232 68.7352 0.0108947 0.999436 -0.0317621 -1.28573 -0.844793 -0.00779448 -0.535036 -14.9655
-0.538176 0.0328988 0.84219 69.5465 0.0100041 0.999417 -0.0326478 -1.33989 -0.842773 -0.00914488 -0.538192 -15.4779
-0.541367 0.0326934 0.840151 70.3639 0.0101702 0.999425 -0.032338 -1.39679 -0.840725 -0.00896218 -0.541388 -16.0028
-0.544916 0.0260997 0.838084 71.2115 0.0124439 0.999657 -0.0230404 -1.44332 -0.838398 -0.0021261 -0.545054 -16.5233
-0.546447 0.0181289 0.837298 72.0291 0.0132508 0.999828 -0.0130001 -1.48521 -0.837389 0.003991 -0.546593 -17.0653
-0.548332 0.0150776 0.836125 72.8384 0.0127822 0.999872 -0.00964784 -1.52757 -0.836163 0.00539733 -0.548454 -17.5869
-0.549808 0.0204416 0.835041 73.6415 0.0132753 0.999788 -0.0157338 -1.56011 -0.835186 0.00243486 -0.549963 -18.0974
-0.551849 0.0258649 0.833543 74.4079 0.0141133 0.999665 -0.0216759 -1.60546 -0.833825 -0.000197748 -0.552029 -18.5869
-0.552406 0.0307708 0.833007 75.22 0.0201991 0.999519 -0.0235267 -1.64393 -0.83333 0.00382969 -0.552762 -19.1243
-0.55295 0.0315882 0.832616 75.9824 0.0233882 0.999476 -0.0223863 -1.69159 -0.832886 0.00709488 -0.553399 -19.6379
-0.550702 0.0293102 0.834187 76.7895 0.0239786 0.999526 -0.0192897 -1.73163 -0.834358 0.00937978 -0.551144 -20.182
-0.55089 0.0236224 0.834244 77.594 0.0211568 0.999673 -0.0143359 -1.76411 -0.83431 0.00975243 -0.551209 -20.6929
-0.551116 0.018342 0.834227 78.3629 0.020195 0.999759 -0.00863999 -1.79518 -0.834184 0.0120856 -0.551354 -21.1829
-0.549692 0.0111366 0.835293 79.1763 0.0110729 0.99992 -0.0060446 -1.83188 -0.835294 0.00592643 -0.549772 -21.7056
-0.548707 0.00575255 0.835995 79.9582 0.00269004 0.999983 -0.00511535 -1.85395 -0.83601 -0.000557964 -0.548714 -22.1851
-0.547349 0.00640597 0.83688 80.7487 0.00620803 0.999974 -0.00359412 -1.87936 -0.836882 0.00322814 -0.547374 -22.686
-0.5439 0.0104134 0.839085 81.5268 0.0119318 0.999918 -0.00467509 -1.90946 -0.839065 0.00746902 -0.54398 -23.197
-0.538412 0.0126381 0.842587 82.3165 0.0112826 0.999906 -0.00778814 -1.94376 -0.842606 0.00531336 -0.538504 -23.7049
-0.531639 0.0150808 0.846837 83.0801 0.017485 0.999824 -0.00682833 -1.96576 -0.846791 0.0111767 -0.531809 -24.1741
-0.523168 0.0189996 0.852018 83.8785 0.0267743 0.999624 -0.00585076 -1.99988 -0.851809 0.0197513 -0.52348 -24.6806
-0.51366 0.0181466 0.857802 84.6896 0.0244303 0.99968 -0.00651882 -2.02698 -0.857646 0.0176079 -0.513939 -25.1502
-0.502741 0.0150265 0.864306 85.5085 0.0208979 0.999768 -0.00522586 -2.05205 -0.864184 0.0154349 -0.502939 -25.6125
-0.491078 0.0121677 0.87103 86.3108 0.0222657 0.999751 -0.00141272 -2.07688 -0.870831 0.0187003 -0.491227 -26.0638
-0.480478 0.0112845 0.876934 87.1251 0.0216252 0.999766 -0.00101655 -2.1024 -0.87674 0.0184754 -0.480609 -26.4966
-0.469539 0.0093258 0.882862 87.9674 0.0215261 0.999768 0.000887695 -2.12122 -0.882649 0.0194214 -0.469631 -26.929
-0.456214 0.0120532 0.889789 88.7804 0.0252113 0.999682 -0.000615411 -2.14576 -0.889513 0.022152 -0.456373 -27.3459
-0.444513 0.0143688 0.895657 89.5969 0.0242785 0.999697 -0.00398847 -2.17237 -0.895443 0.0199723 -0.444728 -27.7454
-0.433004 0.023956 0.901073 90.4386 0.02617 0.99956 -0.0139985 -2.20028 -0.901012 0.0175196 -0.433441 -28.1419
-0.420076 0.029057 0.907024 91.2594 0.0260953 0.999461 -0.0199326 -2.23002 -0.907114 0.0152959 -0.420608 -28.5176
-0.408726 0.0259762 0.912287 92.1083 0.0253994 0.999532 -0.0170809 -2.26048 -0.912304 0.0161902 -0.409194 -28.89
-0.397219 0.0218414 0.917464 92.9042 0.0248014 0.999607 -0.0130592 -2.30171 -0.917389 0.017567 -0.397604 -29.2264
-0.387102 0.0224919 0.921763 93.7401 0.0224866 0.999635 -0.0149486 -2.33592 -0.921763 0.0149407 -0.387466 -29.5723
-0.379891 0.0259822 0.924666 94.6264 0.0162546 0.999639 -0.0214107 -2.38152 -0.924889 0.00689637 -0.380176 -29.9095
-0.375183 0.031124 0.926428 95.4367 0.00980701 0.999514 -0.0296078 -2.42299 -0.926899 -0.00202285 -0.375306 -30.2208
-0.371126 0.0326361 0.928009 96.2975 0.00541842 0.999441 -0.0329813 -2.47392 -0.928567 -0.00721188 -0.371096 -30.5633
-0.367374 0.0332463 0.929479 97.1336 0.0061758 0.999426 -0.0333073 -2.51321 -0.930053 -0.00649596 -0.367369 -30.8768
-0.362091 0.0323489 0.931581 98.0058 0.00347523 0.999438 -0.0333544 -2.56918 -0.932136 -0.00883988 -0.362 -31.2142
-0.356918 0.0286221 0.933697 98.8062 0.00235018 0.999555 -0.0297426 -2.61078 -0.934133 -0.00842131 -0.356826 -31.514
-0.351157 0.0239386 0.936011 99.6712 8.89096e-05 0.999674 -0.0255334 -2.65873 -0.936317 -0.00888301 -0.351044 -31.8161
-0.345238 0.0218456 0.938261 100.537 0.00100293 0.999737 -0.0229079 -2.70383 -0.938515 -0.00696769 -0.345169 -32.1332
-0.339842 0.0210334 0.940247 101.341 -0.00236358 0.999728 -0.0232183 -2.73992 -0.94048 -0.0101129 -0.3397 -32.393
-0.333237 0.0205934 0.942618 102.191 -0.0142082 0.999538 -0.0268598 -2.78135 -0.942736 -0.0223436 -0.332791 -32.6835
-0.326772 0.0239196 0.9448 103.017 -0.0114417 0.999506 -0.0292618 -2.82871 -0.945034 -0.0203721 -0.326337 -32.9655
-0.320049 0.0279527 0.946988 103.862 -0.00938119 0.999422 -0.0326709 -2.87556 -0.947354 -0.0193402 -0.319602 -33.235
-0.313366 0.0260885 0.949274 104.683 -0.011294 0.999449 -0.0311957 -2.91931 -0.949565 -0.0204968 -0.312899 -33.5117
-0.306538 0.0217572 0.95161 105.525 -0.00960027 0.999617 -0.0259473 -2.95443 -0.95181 -0.0170896 -0.306212 -33.7783
-0.298879 0.0194254 0.954093 106.404 -0.00769516 0.999711 -0.0227647 -2.99675 -0.95426 -0.0141458 -0.298643 -34.049
-0.29275 0.0221152 0.955933 107.245 -0.0110009 0.999588 -0.0264941 -3.04103 -0.956126 -0.0182723 -0.292387 -34.298
-0.28613 0.0250008 0.957865 108.077 -0.0103433 0.999521 -0.0291778 -3.08532 -0.958135 -0.0182562 -0.285734 -34.5508
-0.279809 0.0260175 0.959703 108.964 -0.0119036 0.999462 -0.030566 -3.12933 -0.959982 -0.0199766 -0.279349 -34.7817
-0.272519 0.0251444 0.961822 109.838 -0.0115154 0.999502 -0.0293922 -3.1755 -0.962081 -0.0190857 -0.272094 -35.0266
-0.264558 0.0248132 0.964051 110.656 -0.00874227 0.999566 -0.0281264 -3.21757 -0.96433 -0.0158691 -0.264226 -35.2536
-0.256379 0.0262098 0.966221 111.542 -0.00447634 0.999589 -0.0283027 -3.26577 -0.966566 -0.0115814 -0.256157 -35.4867
-0.249539 0.0266496 0.967998 112.415 -0.00291693 0.999596 -0.0282715 -3.30999 -0.96836 -0.00987842 -0.249361 -35.7156
-0.242888 0.0256257 0.969716 113.262 -0.00951237 0.99954 -0.0287964 -3.35096 -0.970008 -0.0162186 -0.242533 -35.9083
-0.236956 0.0234783 0.971237 114.125 -0.0140734 0.99952 -0.0275955 -3.39294 -0.971418 -0.0202075 -0.236512 -36.1015
-0.23239 0.0238886 0.972329 115.004 -0.0103924 0.99958 -0.0270419 -3.4338 -0.972567 -0.0163891 -0.232044 -36.3075
-0.227328 0.024043 0.973521 115.86 -0.00884867 0.999603 -0.0267534 -3.47817 -0.973778 -0.0146962 -0.227025 -36.5012
-0.223217 0.0255786 0.974433 116.734 -0.00732878 0.999583 -0.0279176 -3.52036 -0.974741 -0.0133731 -0.222936 -36.6942
-0.217158 0.0245147 0.975829 117.602 -0.00237857 0.999668 -0.025643 -3.55737 -0.976134 -0.00788964 -0.217027 -36.8843
-0.212207 0.023531 0.976941 118.459 0.00590031 0.999723 -0.0227981 -3.59913 -0.977207 0.00092634 -0.212287 -37.0785
-0.207484 0.0228827 0.977971 119.337 0.0100021 0.999724 -0.0212696 -3.63995 -0.978187 0.0053686 -0.207656 -37.2545
-0.203342 0.0237137 0.978821 120.176 0.00613892 0.999718 -0.0229446 -3.68543 -0.979089 0.0013433 -0.20343 -37.4177
-0.199106 0.0257803 0.979639 121.052 0.00447882 0.999667 -0.025397 -3.72262 -0.979968 -0.000669076 -0.199155 -37.5968
-0.197516 0.0249235 0.979983 121.909 0.00235151 0.999686 -0.0249506 -3.76483 -0.980297 -0.0026237 -0.197512 -37.756
-0.196279 0.0237142 0.980261 122.774 0.000783778 0.999711 -0.0240278 -3.80775 -0.980548 -0.00394785 -0.196241 -37.9177
-0.19561 0.0198243 0.980481 123.635 0.00352428 0.999803 -0.0195118 -3.84158 -0.980676 -0.000361213 -0.195641 -38.0834
-0.194416 0.0140171 0.980819 124.492 0.002072 0.999902 -0.0138791 -3.88274 -0.980917 -0.00066606 -0.194426 -38.2486
-0.193339 0.0122048 0.981056 125.355 0.00450677 0.999923 -0.0115514 -3.90945 -0.981122 0.00218807 -0.193379 -38.4145
-0.192757 0.0167577 0.981103 126.223 0.00245255 0.999859 -0.0165962 -3.94962 -0.981243 -0.000792823 -0.192771 -38.5807
-0.19263 0.0204821 0.981058 127.056 0.00262167 0.999789 -0.0203584 -3.98593 -0.981268 -0.00134963 -0.192643 -38.7385
-0.19225 0.0197897 0.981147 127.912 -5.62443e-05 0.999796 -0.0201768 -4.01653 -0.981346 -0.00393417 -0.192209 -38.8973
-0.192148 0.0182872 0.981196 128.769 -0.00155544 0.999819 -0.0189389 -4.05248 -0.981365 -0.00516526 -0.192085 -39.056
-0.191262 0.0188824 0.981357 129.606 0.00283669 0.999821 -0.0186848 -4.09375 -0.981535 -0.000789891 -0.191282 -39.2207
-0.190425 0.0216654 0.981463 130.456 0.00228076 0.999764 -0.0216268 -4.12978 -0.981699 -0.0018798 -0.190429 -39.3765
-0.190452 0.0227716 0.981432 131.283 -0.00784569 0.999664 -0.0247171 -4.16126 -0.981665 -0.0124074 -0.19021 -39.5159
-0.190182 0.0241506 0.981452 132.123 -0.0124763 0.999557 -0.0270137 -4.19974 -0.98167 -0.0173824 -0.189797 -39.6611
-0.190276 0.026976 0.98136 132.966 -0.0136672 0.999453 -0.0301233 -4.24849 -0.981636 -0.0191441 -0.189803 -39.8096
-0.189901 0.0280495 0.981403 133.79 -0.00930699 0.999496 -0.0303675 -4.29358 -0.981759 -0.0149007 -0.189544 -39.9598
-0.187947 0.0291055 0.981748 134.626 -0.0110664 0.999435 -0.0317484 -4.3368 -0.982117 -0.0168314 -0.187519 -40.1116
-0.18578 0.0285355 0.982177 135.451 -0.00571437 0.99953 -0.0301206 -4.3769 -0.982575 -0.0112083 -0.18553 -40.2711
-0.182202 0.0249635 0.982944 136.291 0.0009496 0.999682 -0.0252126 -4.42697 -0.983261 -0.00366038 -0.182168 -40.4294
-0.179924 0.0206046 0.983465 137.079 0.00591975 0.999785 -0.0198635 -4.46646 -0.983663 0.00224793 -0.180008 -40.5848
-0.17587 0.0205058 0.9842 137.928 0.0118061 0.999755 -0.0187202 -4.50159 -0.984343 0.00832728 -0.176069 -40.7299
-0.171173 0.0248642 0.984927 138.725 0.00897329 0.999679 -0.0236772 -4.54721 -0.9852 0.00478516 -0.171341 -40.8609
-0.164334 0.0282123 0.986001 139.536 0.0117122 0.999576 -0.0266487 -4.57899 -0.986335 0.00716895 -0.164594 -40.9891
-0.156773 0.0287278 0.987217 140.273 0.00874399 0.999578 -0.027699 -4.6169 -0.987596 0.00428975 -0.156959 -41.1003
-0.147366 0.0246222 0.988775 141.084 0.0117518 0.999663 -0.0231418 -4.64915 -0.989012 0.00820954 -0.147606 -41.2141
-0.134638 0.0231222 0.990625 141.91 0.0223837 0.999544 -0.0202881 -4.69257 -0.990642 0.0194423 -0.135095 -41.3317
-0.120882 0.0252063 0.992347 142.691 0.0228323 0.999484 -0.0226063 -4.72663 -0.992404 0.0199249 -0.121395 -41.4256
-0.105999 0.0266761 0.994008 143.502 0.0222483 0.999454 -0.0244497 -4.76463 -0.994117 0.0195233 -0.106535 -41.503
-0.0925967 0.0267193 0.995345 144.274 0.0250596 0.999386 -0.0244964 -4.798 -0.995388 0.0226747 -0.0932094 -41.5689
-0.0789472 0.0282269 0.996479 144.979 0.0279282 0.999269 -0.0260933 -4.83733 -0.996488 0.0257698 -0.0796778 -41.6279
-0.0645862 0.0345068 0.997315 145.859 0.0267561 0.999103 -0.0328359 -4.88709 -0.997553 0.0245635 -0.0654515 -41.6673
-0.0518546 0.043793 0.997694 146.571 0.0205047 0.998874 -0.0427791 -4.92945 -0.998444 0.0182391 -0.0526942 -41.693
-0.038931 0.0517593 0.997901 147.303 0.0117702 0.998612 -0.051337 -4.97718 -0.999173 0.00974685 -0.0394862 -41.6964
-0.0251439 0.0531827 0.998268 148.043 0.012433 0.998523 -0.0528831 -5.02401 -0.999607 0.0110818 -0.025768 -41.7097
-0.013491 0.0490129 0.998707 148.857 0.00955344 0.998759 -0.0488864 -5.08099 -0.999863 0.00888156 -0.0139425 -41.7042
-0.00219026 0.0461855 0.998931 149.603 0.0106384 0.998877 -0.0461597 -5.1393 -0.999941 0.0105259 -0.00267914 -41.6999
0.00722667 0.0524087 0.9986 150.362 0.00558281 0.998608 -0.0524495 -5.19714 -0.999958 0.00595403 0.00692402 -41.6799
0.0133375 0.061325 0.998029 151.096 -0.00010187 0.998118 -0.0613291 -5.25189 -0.999911 0.000716306 0.0133186 -41.6537
0.0156475 0.0644079 0.997801 151.791 -0.00602498 0.997911 -0.0643206 -5.30271 -0.999859 -0.00500528 0.0160028 -41.6254
0.0162381 0.0599849 0.998067 152.575 -0.00607129 0.998186 -0.0598933 -5.35865 -0.99985 -0.005087 0.0165729 -41.6061
0.0145461 0.0545467 0.998405 153.257 -0.00281251 0.998509 -0.0545114 -5.42857 -0.99989 -0.00201509 0.0146779 -41.5913
0.0118336 0.0520719 0.998573 154.063 -0.00150305 0.998643 -0.0520577 -5.48252 -0.999929 -0.000884874 0.0118958 -41.5801
0.00855939 0.0522323 0.998598 154.789 -0.00225397 0.998633 -0.0522148 -5.53549 -0.999961 -0.00180389 0.00866542 -41.5634
0.00490513 0.0523192 0.998618 155.516 -0.000795381 0.99863 -0.052316 -5.58946 -0.999988 -0.000537664 0.00494003 -41.5633
0.000744898 0.0504742 0.998725 156.253 0.00199113 0.998723 -0.0504756 -5.64292 -0.999998 0.00202619 0.000643445 -41.5586
-0.00423507 0.0506847 0.998706 156.996 -0.00203333 0.998712 -0.0506936 -5.69526 -0.999989 -0.00224539 -0.00412656 -41.5606
-0.010227 0.0491318 0.99874 157.723 -0.000678085 0.998792 -0.0491413 -5.74245 -0.999948 -0.0011798 -0.0101814 -41.5622
-0.0162918 0.0463093 0.998794 158.444 0.00296138 0.998925 -0.046267 -5.79178 -0.999863 0.00220404 -0.0164114 -41.5749
-0.0219345 0.0460681 0.998697 159.178 0.000860386 0.998938 -0.0460603 -5.84336 -0.999759 -0.00015104 -0.0219508 -41.5865
-0.0267296 0.0473688 0.99852 159.882 0.00136119 0.998877 -0.0473493 -5.8909 -0.999642 9.35462e-05 -0.026764 -41.6015
-0.0311599 0.0494882 0.998289 160.596 -0.000409999 0.998773 -0.049525 -5.94249 -0.999514 -0.00195249 -0.0311014 -41.6199
-0.0339937 0.0517001 0.998084 161.321 -3.30291e-05 0.998661 -0.0517311 -5.99549 -0.999422 -0.0017915 -0.0339465 -41.6413
-0.0345609 0.0531387 0.997989 162.023 0.00236455 0.998587 -0.0530887 -6.04747 -0.9994 0.000525004 -0.0346377 -41.6698
-0.0344558 0.0511855 0.998095 162.725 0.00752735 0.998673 -0.0509553 -6.09637 -0.999378 0.0057573 -0.0347954 -41.6967
-0.0308899 0.0482526 0.998357 163.424 0.0093177 0.998805 -0.0479859 -6.14514 -0.999479 0.00782011 -0.0313026 -41.7204
-0.0235659 0.0470668 0.998614 164.12 0.0113334 0.998839 -0.04681 -6.20092 -0.999658 0.0102146 -0.024072 -41.7312
-0.0120605 0.0485847 0.998746 164.818 0.0136986 0.998733 -0.0484187 -6.25213 -0.999833 0.0130975 -0.0127108 -41.742
0.00216981 0.0484342 0.998824 165.508 0.0174244 0.998673 -0.0484647 -6.30001 -0.999846 0.0175091 0.00132299 -41.7363
0.017823 0.0463238 0.998768 166.193 0.0165108 0.998776 -0.0466188 -6.34443 -0.999705 0.0173213 0.0170363 -41.7204
0.0336983 0.0416499 0.998564 166.905 0.0105583 0.999061 -0.0420269 -6.39399 -0.999376 0.0119594 0.0332269 -41.6736
0.0501387 0.0348452 0.998134 167.564 0.0101896 0.999321 -0.0353985 -6.4323 -0.99869 0.0119454 0.0497496 -41.6329
0.0678735 0.0277982 0.997307 168.25 0.0105741 0.999536 -0.02858 -6.47003 -0.997638 0.0124855 0.067548 -41.575
0.0856565 0.0198002 0.996128 168.94 0.0104169 0.99973 -0.0207675 -6.50333 -0.99627 0.0121554 0.0854271 -41.5092
0.102301 0.0136787 0.994659 169.58 0.00782498 0.999864 -0.0145551 -6.53587 -0.994723 0.0092722 0.10218 -41.4293
0.120575 0.0110884 0.992642 170.258 0.00821075 0.999892 -0.0121667 -6.56569 -0.99267 0.00961734 0.120471 -41.333
0.137288 0.00998156 0.990481 170.884 0.00986954 0.999886 -0.0114443 -6.58595 -0.990482 0.0113468 0.137174 -41.2359
0.156032 0.00942639 0.987707 171.537 0.00903042 0.999899 -0.0109693 -6.60778 -0.987711 0.010631 0.155931 -41.1214
0.170888 0.00877838 0.985251 172.185 0.00384386 0.999947 -0.00957601 -6.62806 -0.985283 0.00542359 0.170845 -40.984
0.185221 0.00526649 0.982683 172.791 0.00047186 0.999985 -0.00544816 -6.64753 -0.982697 0.0014728 0.185216 -40.8515
0.197454 0.00102336 0.980312 173.427 0.00350457 0.999992 -0.00174979 -6.66837 -0.980306 0.00378108 0.197449 -40.7175
0.208781 -0.00100623 0.977962 174.066 0.00848499 0.999964 -0.000782554 -6.68543 -0.977926 0.00846138 0.208782 -40.58
0.218354 0.00276985 0.975866 174.638 0.00289189 0.99999 -0.00348539 -6.70652 -0.975866 0.00358314 0.218343 -40.4326
0.226814 0.00983027 0.973889 175.248 -0.000471788 0.99995 -0.00998346 -6.72671 -0.973938 0.00180492 0.226807 -40.2738
0.235992 0.0200628 0.971548 175.813 -0.00138947 0.999793 -0.0203085 -6.75005 -0.971754 0.00344272 0.235971 -40.1235
0.243642 0.0268878 0.969493 176.404 0.00182022 0.999601 -0.0281802 -6.77132 -0.969864 0.00863056 0.243495 -39.9772
0.249891 0.0253306 0.967943 177.012 0.00349999 0.999628 -0.0270634 -6.79131 -0.968268 0.0101507 0.24971 -39.8144
0.256285 0.0180454 0.966433 177.612 0.00107532 0.99982 -0.0189539 -6.81158 -0.966601 0.00589684 0.256219 -39.6444
0.259722 0.00741764 0.965655 178.206 -0.00414097 0.99997 -0.00656748 -6.83739 -0.965675 -0.00229303 0.259745 -39.4696
0.262747 -0.00193003 0.964863 178.801 -0.00292331 0.999992 0.00279636 -6.86227 -0.96486 -0.00355532 0.262739 -39.3049
0.263704 -0.00283935 0.964599 179.405 -0.00130099 0.999994 0.00329921 -6.88607 -0.964603 -0.00212495 0.263699 -39.1347
0.26387 8.15935e-05 0.964558 180.006 0.00317436 0.999995 -0.000952988 -6.8925 -0.964553 0.00331333 0.263868 -38.9733
0.265909 -0.000715469 0.963998 180.61 0.00492442 0.999988 -0.000616173 -6.90486 -0.963986 0.00491098 0.26591 -38.8032
0.267159 -0.00212325 0.96365 181.211 0.00349964 0.999993 0.0012331 -6.90755 -0.963646 0.00304299 0.267165 -38.6331
0.270169 -0.00648425 0.962791 181.829 0.00299639 0.999978 0.00589388 -6.92659 -0.962808 0.00129255 0.270182 -38.4501
0.272827 -0.0120107 0.961988 182.446 0.00409581 0.999928 0.0113228 -6.93786 -0.962055 0.000850963 0.272856 -38.2733
0.277641 -0.0151056 0.960566 183.062 0.00487472 0.999886 0.0143149 -6.94457 -0.960673 0.000708084 0.277683 -38.0868
0.284044 -0.0166523 0.958667 183.693 0.00636184 0.99986 0.0154828 -6.94577 -0.95879 0.00170108 0.28411 -37.9064
0.291344 -0.0200594 0.956408 184.299 0.00810093 0.999796 0.0185017 -6.94934 -0.956584 0.00235745 0.291447 -37.7165
0.301279 -0.0221226 0.95328 184.938 0.010473 0.999747 0.019891 -6.95677 -0.953479 0.00399096 0.301434 -37.5102
0.312448 -0.0200917 0.949723 185.525 0.0086975 0.999795 0.0182897 -6.96078 -0.949895 0.00254565 0.312558 -37.3016
0.323121 -0.0161097 0.94622 186.163 0.00798972 0.999866 0.0142947 -6.96412 -0.946324 0.00294113 0.323207 -37.0779
0.335054 -0.013167 0.942107 186.767 0.00690273 0.99991 0.0115199 -6.96816 -0.942174 0.00264331 0.335115 -36.8469
0.34658 -0.0122221 0.937941 187.383 0.00734326 0.99992 0.0103163 -6.96948 -0.937992 0.00331211 0.346642 -36.6095
0.357636 -0.0155273 0.933732 188.013 0.00836332 0.999875 0.0134239 -6.97531 -0.933824 0.00300821 0.357721 -36.3688
0.368712 -0.0175709 0.929378 188.62 0.00849893 0.999843 0.0155314 -6.97726 -0.929505 0.00217212 0.368803 -36.1055
0.380148 -0.0179752 0.924751 189.235 0.00625341 0.999838 0.0168641 -6.98737 -0.924905 -0.000627986 0.380199 -35.8462
0.389182 -0.0195507 0.920954 189.856 0.00367444 0.9998 0.0196717 -6.98033 -0.921154 -0.00427188 0.389176 -35.5675
0.396421 -0.0181754 0.917889 190.493 -0.000987495 0.999795 0.0202237 -6.98355 -0.918068 -0.00892351 0.396322 -35.285
0.401494 -0.0203617 0.915635 191.136 -0.00145987 0.999737 0.0228721 -6.98088 -0.915861 -0.0105197 0.401359 -34.9912
0.402753 -0.0253779 0.914957 191.784 0.00361607 0.999652 0.0261353 -6.97727 -0.915302 -0.00721752 0.402705 -34.7028
0.403655 -0.0238469 0.9146 192.43 0.00591265 0.999707 0.0234564 -6.97571 -0.914892 -0.0040606 0.403678 -34.4281
0.40299 -0.0241617 0.914886 193.105 0.00807147 0.999706 0.0228465 -6.97439 -0.915169 -0.00182242 0.403067 -34.1274
0.401114 -0.0225469 0.915751 193.766 0.0105623 0.999744 0.0199885 -6.97446 -0.915967 0.00165475 0.40125 -33.8372
0.401687 -0.0242667 0.915455 194.439 0.0139309 0.999695 0.020387 -6.9678 -0.915671 0.00456389 0.401903 -33.5478
0.400219 -0.0302142 0.915921 195.135 0.017468 0.999526 0.0253394 -6.963 -0.916253 0.00585801 0.400557 -33.2506
0.399517 -0.0330111 0.916131 195.807 0.0166637 0.999448 0.0287463 -6.96411 -0.916575 0.0037815 0.399846 -32.9567
0.398027 -0.0355752 0.916684 196.515 0.0185867 0.999355 0.0307132 -6.96047 -0.917185 0.00481346 0.398432 -32.6446
0.396035 -0.035541 0.917547 197.209 0.0171063 0.999363 0.0313266 -6.9535 -0.918076 0.00328937 0.396391 -32.3355
0.394629 -0.0357631 0.918144 197.906 0.0156673 0.999359 0.0321925 -6.94345 -0.918707 0.00168077 0.394936 -32.037
0.392318 -0.0348606 0.919169 198.59 0.0150471 0.999391 0.0314807 -6.94256 -0.919707 0.00148043 0.392603 -31.7269
0.391792 -0.0318198 0.919503 199.285 0.0161914 0.999485 0.0276885 -6.93903 -0.919911 0.0040399 0.392106 -31.4334
0.391053 -0.0246323 0.920039 199.952 0.0141396 0.999685 0.0207547 -6.9431 -0.92026 0.00489279 0.391278 -31.1413
0.389395 -0.0215758 0.920818 200.644 0.0118319 0.99976 0.018422 -6.93621 -0.920995 0.00372164 0.389557 -30.8442
0.388177 -0.0244403 0.921261 201.334 0.0115639 0.999699 0.0216488 -6.9354 -0.921512 0.00224983 0.388343 -30.5497
0.387451 -0.0277796 0.921471 202.032 0.010269 0.999614 0.0258175 -6.93466 -0.921833 -0.000540423 0.387587 -30.249
0.38426 -0.0274144 0.922818 202.718 0.00659502 0.999615 0.0269496 -6.93658 -0.923202 -0.00426964 0.384292 -29.9557
0.380458 -0.0272264 0.924397 203.408 0.00352936 0.999602 0.0279888 -6.93519 -0.924791 -0.00738603 0.380403 -29.6659
0.373438 -0.0287897 0.927208 204.093 0.00374116 0.999557 0.0295294 -6.93093 -0.927648 -0.00755855 0.37338 -29.3824
0.365162 -0.0289287 0.930495 204.793 0.00437305 0.999559 0.0293598 -6.92275 -0.930934 -0.00665197 0.365127 -29.122
0.355467 -0.0286431 0.93425 205.484 0.00710134 0.999584 0.0279443 -6.92669 -0.934662 -0.00329884 0.355523 -28.8684
0.344391 -0.0250793 0.938491 206.182 0.00547328 0.99968 0.024706 -6.93017 -0.93881 -0.00337189 0.344418 -28.6103
0.333809 -0.0249628 0.94231 206.869 0.0029202 0.999672 0.0254479 -6.91358 -0.942636 -0.00574299 0.333772 -28.3592
0.323095 -0.0321452 0.945821 207.578 0.00739302 0.999478 0.0314433 -6.90581 -0.946338 -0.0031667 0.323164 -28.1291
0.313425 -0.0416093 0.948701 208.286 0.0126977 0.999134 0.0396262 -6.9077 -0.949528 -0.000373553 0.313682 -27.9034
0.305974 -0.0473365 0.950862 208.98 0.013313 0.998878 0.0454429 -6.89765 -0.951947 -0.00124549 0.306261 -27.6793
0.302171 -0.0481584 0.952037 209.695 0.00778747 0.998814 0.048053 -6.87525 -0.953222 -0.00710625 0.302188 -27.4431
0.298933 -0.0499951 0.952963 210.398 0.0083576 0.998726 0.0497742 -6.85659 -0.954237 -0.00691466 0.29897 -27.2171
0.297204 -0.051189 0.953441 211.113 0.00957619 0.998671 0.0506323 -6.8356 -0.954766 -0.00591777 0.297299 -26.9868
0.295896 -0.049849 0.953918 211.83 0.0097941 0.998743 0.0491533 -6.82009 -0.95517 -0.00520152 0.296013 -26.7577
0.295911 -0.0473136 0.954043 212.533 0.0051148 0.998837 0.0479486 -6.79806 -0.955202 -0.0093088 0.295809 -26.5299
0.296665 -0.0479063 0.953779 213.261 0.00523927 0.998808 0.0485383 -6.77843 -0.954967 -0.0094025 0.296562 -26.3012
0.297565 -0.0492803 0.953429 213.989 0.00463447 0.99873 0.0501753 -6.75729 -0.95469 -0.0105118 0.297415 -26.0614
0.299654 -0.0509569 0.952686 214.708 0.00586799 0.998652 0.0515698 -6.73673 -0.95403 -0.00986274 0.299549 -25.8304
0.301 -0.0528413 0.952159 215.43 0.00993093 0.998583 0.0522783 -6.71951 -0.953573 -0.00627991 0.301098 -25.6105
0.304408 -0.0538896 0.951016 216.159 0.0110132 0.998531 0.0530569 -6.69321 -0.952478 -0.00567726 0.304554 -25.37
0.308717 -0.0551369 0.949555 216.892 0.00869986 0.99844 0.055147 -6.66949 -0.951114 -0.00876381 0.308715 -25.127
0.314268 -0.0588215 0.94751 217.629 0.0070429 0.998196 0.0596321 -6.63862 -0.949308 -0.0120672 0.314115 -24.8754
0.319808 -0.0627766 0.9454 218.375 0.00676677 0.997929 0.0639756 -6.61044 -0.947458 -0.0140626 0.31957 -24.6187
0.323864 -0.0631178 0.943996 219.131 0.0048465 0.99787 0.0650572 -6.58233 -0.946091 -0.0164946 0.32348 -24.3498
0.328786 -0.0592444 0.942544 219.85 0.00243259 0.99808 0.0618866 -6.55772 -0.944401 -0.0180547 0.328299 -24.0938
0.33328 -0.052619 0.941358 220.558 -0.00604701 0.998302 0.0579428 -6.52523 -0.942808 -0.0250036 0.332396 -23.822
0.336304 -0.0501299 0.940418 221.265 -0.00774913 0.998401 0.0559919 -6.49528 -0.941722 -0.0261177 0.335378 -23.5514
0.342077 -0.0497722 0.938353 221.997 -0.00899488 0.998377 0.0562351 -6.46852 -0.939629 -0.0276771 0.341074 -23.2834
0.34608 -0.0485209 0.936949 222.737 -0.00973647 0.998422 0.0553007 -6.44469 -0.938155 -0.028261 0.345062 -22.9988
0.349652 -0.0448888 0.935804 223.482 -0.0118444 0.99856 0.0523247 -6.42051 -0.936805 -0.0293795 0.348617 -22.71
0.354614 -0.0449403 0.933932 224.196 -0.0116091 0.998556 0.0524579 -6.39606 -0.934941 -0.0294445 0.35358 -22.4355
0.358921 -0.0466024 0.932204 224.938 -0.0102083 0.998497 0.053847 -6.371 -0.933312 -0.028843 0.357906 -22.1371
0.363314 -0.0470537 0.930478 225.666 -0.00744475 0.998545 0.0534027 -6.35214 -0.931637 -0.0263291 0.362436 -21.8537
0.367509 -0.0474025 0.928811 226.416 -0.00349978 0.998623 0.0523501 -6.33124 -0.930013 -0.0224898 0.366837 -21.5566
0.371425 -0.0451443 0.927365 227.143 -0.00490562 0.998708 0.0505821 -6.31395 -0.92845 -0.0233368 0.370724 -21.255
0.375946 -0.0452387 0.925537 227.878 -0.0089155 0.998585 0.0524306 -6.28772 -0.926599 -0.0279627 0.375011 -20.9415
0.38025 -0.044762 0.9238 228.6 -0.0123796 0.998492 0.0534768 -6.25995 -0.924801 -0.0317708 0.379122 -20.6385
0.38536 -0.0425865 0.921783 229.335 -0.00975343 0.998691 0.0502172 -6.24432 -0.922715 -0.0283423 0.38444 -20.3258
0.388179 -0.036395 0.920865 230.057 -0.00913053 0.999019 0.0433327 -6.23293 -0.921539 -0.0252288 0.387466 -20.0056
0.391048 -0.0302943 0.919872 230.779 -0.0151604 0.999111 0.0393487 -6.21289 -0.920246 -0.0293328 0.390241 -19.6788
0.395053 -0.0295653 0.918182 231.496 -0.0228781 0.998855 0.0420064 -6.18545 -0.918373 -0.037601 0.393925 -19.3561
0.397028 -0.0399473 0.916937 232.234 -0.0216369 0.998367 0.0528636 -6.16371 -0.917551 -0.040828 0.395516 -19.0323
0.399254 -0.052728 0.915323 232.978 -0.0164683 0.997771 0.0646608 -6.13937 -0.916693 -0.0408899 0.397496 -18.705
0.40122 -0.0610369 0.913946 233.698 -0.0170143 0.997109 0.0740601 -6.10557 -0.915824 -0.0452645 0.399021 -18.3809
0.40305 -0.0637865 0.912952 234.43 -0.0165324 0.996898 0.0769503 -6.0742 -0.915028 -0.0461082 0.400745 -18.0577
0.405773 -0.0583438 0.91211 235.155 -0.0196078 0.997175 0.072508 -6.03628 -0.913764 -0.0473063 0.403482 -17.7189
0.410838 -0.0524101 0.910201 235.879 -0.019518 0.997612 0.0662532 -6.00095 -0.911499 -0.0449847 0.408834 -17.3973
0.414204 -0.0475696 0.90894 236.593 -0.0196855 0.997932 0.0611977 -5.96613 -0.909971 -0.0432413 0.412411 -17.0576
0.418674 -0.045385 0.907002 237.317 -0.0184384 0.99812 0.0584556 -5.93488 -0.907949 -0.0411975 0.41705 -16.717
0.423796 -0.0437496 0.904701 238.037 -0.0171988 0.998264 0.0563307 -5.90744 -0.905595 -0.0394324 0.422308 -16.3789
0.427449 -0.0455836 0.90289 238.745 -0.0155007 0.998212 0.0577345 -5.87864 -0.903907 -0.0386739 0.425978 -16.035
0.431449 -0.0516918 0.900655 239.46 -0.00984317 0.998028 0.0619956 -5.84854 -0.902084 -0.0356133 0.430089 -15.6916
0.433827 -0.0569234 0.899196 240.189 -0.0102297 0.997627 0.06809 -5.81201 -0.900938 -0.0387378 0.432216 -15.3275
0.435971 -0.0639481 0.897686 240.891 -0.00578448 0.997253 0.0738502 -5.77842 -0.899942 -0.0373892 0.434403 -14.9886
0.43852 -0.0677571 0.896164 241.62 -0.00686443 0.996872 0.0787305 -5.73586 -0.898695 -0.0406765 0.436683 -14.6215
0.440065 -0.0757013 0.894769 242.344 -0.00281156 0.996319 0.0856756 -5.69109 -0.897962 -0.0402185 0.438232 -14.2669
0.44238 -0.0760518 0.893597 243.044 -0.00445826 0.996199 0.0869911 -5.64744 -0.896817 -0.042467 0.44036 -13.9149
0.443993 -0.0656251 0.893624 243.78 -0.0105496 0.996862 0.0784481 -5.60211 -0.895968 -0.0442577 0.441907 -13.5325
0.444364 -0.0516756 0.894355 244.499 -0.0149573 0.997768 0.0650824 -5.5709 -0.895722 -0.0422973 0.442599 -13.1896
0.444678 -0.0428677 0.894664 245.188 -0.0163433 0.998299 0.0559565 -5.53194 -0.895542 -0.0395043 0.443221 -12.8211
0.445507 -0.0450866 0.894143 245.913 -0.0153119 0.998201 0.0579628 -5.49507 -0.895148 -0.0395138 0.444015 -12.459
0.443959 -0.0519824 0.894538 246.63 -0.0135866 0.997811 0.0647267 -5.46029 -0.895944 -0.0408897 0.442281 -12.1043
0.445742 -0.0531074 0.893585 247.356 -0.0133094 0.997735 0.0659363 -5.43288 -0.895063 -0.0412837 0.444026 -11.7262
0.446725 -0.0534366 0.893074 248.091 -0.0095369 0.997874 0.0644777 -5.3993 -0.89462 -0.037321 0.445266 -11.3617
