1 -4.1311e-11 5.62499e-10 -4.65661e-10 -4.12612e-11 1 -4.82704e-10 0 -7.20376e-10 4.48594e-10 1 -2.98023e-08
0.999978 -0.00013422 -0.00662456 -0.00972641 0.000138384 1 0.000628014 -0.0131573 0.00662448 -0.000628917 0.999978 0.0779793
0.999896 0.000175006 -0.0144361 -0.0211531 -0.000169645 1 0.000372585 -0.0189538 0.0144361 -0.000370098 0.999896 0.170005
0.999758 0.000724712 -0.0219776 -0.0293362 -0.000727011 1 -9.65823e-05 -0.019493 0.0219775 0.000112537 0.999758 0.265154
0.999501 0.00121191 -0.0315696 -0.0451719 -0.00127547 0.999997 -0.00199339 -0.0216765 0.0315671 0.00203266 0.9995 0.37908
0.99907 0.00181511 -0.0430769 -0.063281 -0.00194099 0.999994 -0.00288056 -0.0256434 0.0430714 0.00296149 0.999068 0.486235
0.998403 0.00209767 -0.0564538 -0.081085 -0.00232425 0.99999 -0.00394803 -0.0280972 0.0564449 0.00407294 0.998397 0.610456
0.997358 0.00201049 -0.0726218 -0.109307 -0.00226498 0.999992 -0.00342224 -0.0332703 0.0726143 0.00357768 0.997354 0.744664
0.995851 0.000559741 -0.0909992 -0.13774 -0.000913349 0.999992 -0.00384424 -0.0342837 0.0909963 0.00391141 0.995844 0.885856
0.993809 -0.000342664 -0.111103 -0.172356 -8.47374e-05 0.999993 -0.00384215 -0.0402803 0.111104 0.00382777 0.993801 1.0369
0.991053 -0.000254701 -0.133472 -0.215866 -0.000306463 0.999991 -0.00418381 -0.046323 0.133472 0.00418728 0.991044 1.20061
0.987509 0.00316382 -0.157528 -0.282452 -0.00408124 0.999977 -0.00550076 -0.0522378 0.157507 0.00607496 0.987499 1.38294
0.983137 0.00737839 -0.18272 -0.34937 -0.00888015 0.999933 -0.00740205 -0.0586864 0.182653 0.00889982 0.983137 1.54429
0.977849 0.0107635 -0.209033 -0.421816 -0.0127459 0.999886 -0.00813893 -0.0670969 0.208922 0.010623 0.977875 1.70775
0.971148 0.011706 -0.238191 -0.498676 -0.0140542 0.999868 -0.00816283 -0.0756612 0.238064 0.0112749 0.971184 1.90421
0.96305 0.0135892 -0.268981 -0.585647 -0.0162123 0.99984 -0.00753311 -0.0812143 0.268835 0.0116156 0.963116 2.09485
0.95352 0.0155311 -0.300929 -0.686682 -0.0183885 0.999809 -0.00666497 -0.0842753 0.300767 0.0118888 0.953623 2.29455
0.942271 0.0182347 -0.334355 -0.793066 -0.0209606 0.99977 -0.00454626 -0.092347 0.334195 0.0112921 0.942436 2.48532
0.92973 0.020543 -0.367668 -0.907109 -0.0238608 0.999705 -0.00448002 -0.0934338 0.367468 0.012938 0.929946 2.66587
0.915832 0.0235575 -0.40087 -1.04126 -0.027324 0.99962 -0.00368116 -0.0945907 0.400631 0.0143247 0.916128 2.86666
0.899845 0.0244869 -0.435521 -1.17352 -0.0287834 0.99958 -0.00326957 -0.0925983 0.435258 0.0154779 0.900173 3.05721
0.881754 0.020167 -0.471278 -1.30554 -0.0249252 0.999682 -0.0038562 -0.0921958 0.47105 0.0151469 0.881976 3.23498
0.86031 0.0161989 -0.509513 -1.45755 -0.0211141 0.99977 -0.00386548 -0.100278 0.509334 0.0140834 0.860454 3.43665
0.834727 0.0176662 -0.550381 -1.61984 -0.0215776 0.999767 -0.000634622 -0.107302 0.550242 0.0124056 0.834913 3.61
0.805329 0.0234493 -0.592364 -1.83162 -0.0267203 0.999638 0.00324502 -0.108216 0.592226 0.0132148 0.805664 3.78483
0.772568 0.0268456 -0.634365 -2.04303 -0.0302594 0.999527 0.00544704 -0.114051 0.634211 0.0149873 0.773015 3.95242
0.737597 0.0262954 -0.674729 -2.24207 -0.0301854 0.999527 0.00595544 -0.112155 0.674566 0.0159742 0.738042 4.09661
0.698839 0.0232299 -0.714902 -2.48285 -0.0251406 0.999653 0.00790674 -0.117369 0.714838 0.0124476 0.69918 4.27343
0.656596 0.0201642 -0.753973 -2.72658 -0.0201643 0.999755 0.00917739 -0.119433 0.753973 0.00917748 0.656841 4.42353
0.61267 0.0197184 -0.790093 -2.97619 -0.0178644 0.999779 0.0110988 -0.118037 0.790137 0.00731469 0.612887 4.5567
0.564285 0.0205177 -0.825325 -3.27619 -0.0156705 0.999777 0.0141405 -0.114904 0.825432 0.00495401 0.56448 4.69833
0.514129 0.0218135 -0.857436 -3.57464 -0.0145881 0.999754 0.0166869 -0.114801 0.857589 0.0039291 0.514321 4.81534
0.461906 0.0234112 -0.88662 -3.87429 -0.0137681 0.99972 0.0192248 -0.108456 0.886822 0.00332703 0.462099 4.8999
0.40773 0.0255208 -0.912746 -4.22804 -0.0125579 0.999672 0.0223416 -0.105776 0.913016 0.00235282 0.407916 5.0063
0.353225 0.0278565 -0.935124 -4.5597 -0.012207 0.999609 0.0251665 -0.0991153 0.935459 0.00252557 0.353427 5.06137
0.297707 0.03082 -0.95416 -4.94998 -0.00976553 0.999525 0.0292384 -0.0961285 0.954607 0.000613383 0.297867 5.13557
0.243836 0.0326624 -0.969266 -5.33702 -0.00534812 0.999463 0.0323345 -0.0933466 0.969802 -0.00270056 0.24388 5.19266
0.192768 0.0340285 -0.980654 -5.72402 -0.00289652 0.999414 0.0341101 -0.0920838 0.98124 -0.00373484 0.192753 5.23161
0.145196 0.0348957 -0.988787 -6.15711 -0.00471045 0.999391 0.0345783 -0.0843451 0.989392 -0.000362984 0.145272 5.24769
0.102547 0.0346614 -0.994124 -6.57467 -0.00656335 0.999395 0.0341682 -0.0712217 0.994707 0.00302094 0.102712 5.25073
0.0644201 0.0334299 -0.997363 -7.04154 -0.00769025 0.999426 0.0330023 -0.0584326 0.997893 0.00554396 0.0646402 5.24173
0.0303367 0.0309475 -0.999061 -7.50686 -0.0071931 0.999501 0.0307428 -0.0497206 0.999514 0.0062537 0.0305442 5.2332
-0.00143488 0.0286081 -0.99959 -7.96756 -0.00687553 0.999567 0.0286173 -0.0456789 0.999975 0.00691377 -0.00123756 5.2097
-0.0283434 0.0263316 -0.999251 -8.46271 -0.00665639 0.999626 0.0265303 -0.040127 0.999576 0.00740337 -0.0281575 5.17226
-0.0489365 0.0243044 -0.998506 -8.96793 -0.00758991 0.999666 0.0247046 -0.0296965 0.998773 0.00878753 -0.0487357 5.12744
-0.0660878 0.0232684 -0.997542 -9.50486 -0.00750991 0.999688 0.023816 -0.0147583 0.997786 0.0090654 -0.0658924 5.07582
-0.0790925 0.0239822 -0.996579 -10.0468 -0.00667011 0.999676 0.0245861 -0.00848886 0.996845 0.00859186 -0.0789069 5.02127
-0.0886034 0.0250465 -0.995752 -10.6109 -0.00740233 0.99964 0.025803 -0.00486814 0.996039 0.00965712 -0.0883861 4.96122
-0.0954735 0.0263932 -0.995082 -11.1722 -0.00793571 0.999597 0.0272743 0.000511318 0.9954 0.0105007 -0.0952256 4.89597
-0.0996123 0.0274867 -0.994647 -11.7557 -0.00810481 0.999563 0.0284342 0.0102051 0.994993 0.0108938 -0.099346 4.82072
-0.101335 0.0283738 -0.994448 -12.3479 -0.00780625 0.99954 0.0293146 0.0219866 0.994822 0.0107335 -0.101067 4.75856
-0.100402 0.0304257 -0.994482 -12.9671 -0.00580354 0.999497 0.0311651 0.0308772 0.99493 0.00890054 -0.100175 4.69844
-0.0988749 0.0329561 -0.994554 -13.6156 -0.00582358 0.999415 0.0336961 0.0405231 0.995083 0.00912356 -0.0986252 4.6305
-0.0970637 0.0328751 -0.994735 -14.2302 -0.0065964 0.999411 0.0336733 0.0508302 0.995256 0.00983013 -0.0967896 4.56313
-0.0954221 0.0306252 -0.994966 -14.8993 -0.010933 0.999434 0.0318113 0.0596468 0.995377 0.0139134 -0.0950332 4.49139
-0.0943939 0.0304903 -0.995068 -15.5976 -0.0106109 0.999443 0.031631 0.0731358 0.995478 0.0135443 -0.0940178 4.42576
-0.0925019 0.0333072 -0.995155 -16.2724 -0.0101925 0.999356 0.0343952 0.0851041 0.99566 0.0133247 -0.0921029 4.35923
-0.0908587 0.036463 -0.995196 -17.0203 -0.0113258 0.999227 0.0376447 0.103441 0.995799 0.0146917 -0.0903755 4.2879
-0.0891159 0.0387422 -0.995268 -17.729 -0.0106073 0.99915 0.0398431 0.119102 0.995965 0.0141078 -0.0886292 4.22252
-0.0875662 0.0381271 -0.995429 -18.4893 -0.0127937 0.999142 0.0393947 0.130808 0.996077 0.0161848 -0.0870033 4.15163
-0.0854887 0.0352153 -0.995717 -19.2389 -0.0157039 0.999203 0.0366869 0.146339 0.996215 0.0187729 -0.0848676 4.08186
-0.0840611 0.0349433 -0.995848 -19.9954 -0.0166484 0.999196 0.0364661 0.168477 0.996322 0.0196447 -0.0834118 4.00825
-0.0822368 0.037029 -0.995925 -20.7873 -0.0132267 0.999181 0.0382423 0.186144 0.996525 0.0163177 -0.0816797 3.93821
-0.0809819 0.0390504 -0.99595 -21.5582 -0.0110251 0.999136 0.0400718 0.199835 0.996655 0.0142256 -0.0804814 3.88029
-0.0798272 0.0405277 -0.995985 -22.3615 -0.00903797 0.999103 0.041379 0.219056 0.996768 0.0123048 -0.0793892 3.81324
-0.079768 0.0362874 -0.996153 -23.1518 -0.00924585 0.999267 0.0371412 0.230905 0.996771 0.012173 -0.079374 3.74954
-0.0788799 0.0297714 -0.996439 -23.9456 -0.0094975 0.999486 0.0306143 0.241578 0.996839 0.0118785 -0.0785566 3.6863
-0.0787392 0.0255181 -0.996569 -24.7607 -0.00689021 0.999635 0.026141 0.253632 0.996871 0.00892489 -0.0785346 3.62611
-0.0792322 0.026465 -0.996505 -25.5753 -0.00901695 0.999588 0.0272638 0.271419 0.996815 0.0111456 -0.0789609 3.55041
-0.0794871 0.0327005 -0.996299 -26.4145 -0.00695132 0.999419 0.0333575 0.278867 0.996812 0.00957709 -0.0792137 3.48194
-0.0794663 0.0398954 -0.996039 -27.2588 -0.00761562 0.999145 0.0406274 0.291753 0.996808 0.010814 -0.0790945 3.40806
-0.0791668 0.0453475 -0.995829 -28.0843 -0.00970209 0.998882 0.0462578 0.308593 0.996814 0.0133237 -0.0786384 3.33199
-0.0805578 0.0460887 -0.995684 -28.9467 -0.00922017 0.998853 0.0469813 0.323983 0.996707 0.0129651 -0.0800405 3.26089
-0.0799501 0.0431578 -0.995864 -29.7532 -0.0104133 0.998972 0.0441285 0.339886 0.996745 0.0138983 -0.0794184 3.18757
-0.0807777 0.0405471 -0.995907 -30.5945 -0.0108961 0.999077 0.0415599 0.356882 0.996673 0.0142087 -0.0802613 3.11071
-0.0810386 0.0414912 -0.995847 -31.4432 -0.0125104 0.999012 0.0426412 0.37422 0.996633 0.015914 -0.0804394 3.03844
-0.0798001 0.0436108 -0.995856 -32.2751 -0.0120966 0.998927 0.0447146 0.394278 0.996738 0.0156147 -0.0791869 2.95738
-0.0803033 0.0421145 -0.99588 -33.1128 -0.0129228 0.998979 0.0432875 0.407945 0.996687 0.0163457 -0.0796771 2.89
-0.0799904 0.0369501 -0.996111 -33.9588 -0.0152496 0.99915 0.0382875 0.419115 0.996679 0.018253 -0.0793589 2.81961
-0.0798018 0.0333068 -0.996254 -34.7818 -0.0175674 0.999239 0.0348138 0.431759 0.996656 0.0202798 -0.079156 2.7484
-0.0793775 0.033486 -0.996282 -35.5916 -0.0176514 0.999232 0.0349915 0.445736 0.996688 0.0203633 -0.0787254 2.67666
-0.0778116 0.0359574 -0.99632 -36.4215 -0.0149784 0.999194 0.037231 0.453758 0.996856 0.0178203 -0.0772103 2.61267
-0.077616 0.0406053 -0.996156 -37.2583 -0.0158036 0.998995 0.0419523 0.472336 0.996858 0.018999 -0.0768963 2.53791
-0.0767536 0.0462034 -0.995979 -38.1049 -0.0131503 0.998792 0.0473473 0.491034 0.996963 0.0167315 -0.0760533 2.47192
-0.0773031 0.0495268 -0.995777 -38.923 -0.014913 0.998596 0.0508247 0.510492 0.996896 0.0187789 -0.0764559 2.40443
-0.077208 0.0495292 -0.995784 -39.7659 -0.0134333 0.998623 0.0507119 0.532314 0.996925 0.017292 -0.0764363 2.33109
-0.0774149 0.0456608 -0.995953 -40.5792 -0.0139009 0.998804 0.046872 0.550831 0.996902 0.0174732 -0.0766876 2.27109
-0.0768914 0.0415081 -0.996175 -41.4239 -0.0158664 0.998956 0.0428486 0.569556 0.996913 0.0191004 -0.0761525 2.19455
-0.0765995 0.0386601 -0.996312 -42.2553 -0.019072 0.999008 0.040231 0.582311 0.996879 0.0220833 -0.0757862 2.12462
-0.0771371 0.0366268 -0.996347 -43.0648 -0.0225068 0.999006 0.038467 0.602033 0.996766 0.0253918 -0.0762361 2.04818
-0.0780808 0.034408 -0.996353 -43.8817 -0.0197174 0.999155 0.03605 0.614825 0.996752 0.0224603 -0.0773365 1.97953
-0.0786549 0.0313293 -0.99641 -44.6719 -0.0166855 0.999325 0.0327381 0.619631 0.996762 0.0192006 -0.0780791 1.91738
-0.0796153 0.0305288 -0.996358 -45.5357 -0.0124143 0.999423 0.0316147 0.630877 0.996748 0.0148861 -0.0791903 1.84852
-0.0813281 0.0331578 -0.996136 -46.3359 -0.0116769 0.999346 0.034218 0.640896 0.996619 0.0144146 -0.0808878 1.78377
-0.0832662 0.0388907 -0.995768 -47.17 -0.00938993 0.999163 0.0398085 0.653847 0.996483 0.0126649 -0.0828314 1.71336
-0.08571 0.04288 -0.995397 -47.9828 -0.00706272 0.999022 0.0436443 0.66529 0.996295 0.010771 -0.0853233 1.64577
-0.0860533 0.0428361 -0.995369 -48.7887 -0.00725892 0.999022 0.0436209 0.67576 0.996264 0.010979 -0.0856582 1.57279
-0.0879121 0.0389582 -0.995366 -49.5956 -0.0102436 0.999147 0.0400109 0.690005 0.996076 0.0137135 -0.087438 1.48699
-0.0891139 0.0352278 -0.995398 -50.3987 -0.0155654 0.999203 0.0367559 0.701416 0.9959 0.0187693 -0.0884945 1.40435
-0.090442 0.0333838 -0.995342 -51.1757 -0.0197535 0.999181 0.0353075 0.715301 0.995706 0.0228548 -0.0897085 1.31623
-0.0915964 0.0344263 -0.995201 -51.9863 -0.0214432 0.999102 0.0365349 0.728155 0.995565 0.0246868 -0.090776 1.23167
-0.0920864 0.0360509 -0.995098 -52.7666 -0.0204263 0.999066 0.0380849 0.734749 0.995542 0.0238333 -0.091264 1.15421
-0.0933853 0.0356972 -0.99499 -53.5511 -0.0228894 0.999016 0.03799 0.744661 0.995367 0.0263225 -0.0924764 1.07396
-0.0941931 0.0356821 -0.994914 -54.3309 -0.0234991 0.998999 0.0380534 0.757558 0.995277 0.0269639 -0.0932603 0.989453
-0.0937561 0.0375601 -0.994886 -55.1087 -0.0220506 0.998965 0.039792 0.768886 0.995351 0.0256686 -0.0928308 0.914785
-0.0948218 0.0404209 -0.994673 -55.8846 -0.0214202 0.998861 0.042633 0.77914 0.995264 0.0253487 -0.093848 0.836303
-0.0938675 0.0442671 -0.9946 -56.6562 -0.021037 0.9987 0.046435 0.797425 0.995362 0.0252821 -0.0928142 0.764498
-0.0945087 0.0465151 -0.994437 -57.4413 -0.0207569 0.998599 0.0486825 0.811764 0.995308 0.0252424 -0.0934108 0.678848
-0.0952504 0.046876 -0.994349 -58.19 -0.0208191 0.998578 0.0490697 0.827339 0.995236 0.0253753 -0.094139 0.611999
-0.0953437 0.0451528 -0.99442 -58.9164 -0.0197977 0.998687 0.0472447 0.843842 0.995248 0.0241917 -0.0943246 0.533605
-0.0953469 0.0416002 -0.994575 -59.6594 -0.019826 0.998849 0.0436796 0.857981 0.995247 0.0238832 -0.0944123 0.45566
-0.0954919 0.0389936 -0.994666 -60.3619 -0.0204741 0.998944 0.0411269 0.869937 0.99522 0.0242922 -0.0945927 0.380832
-0.0943336 0.0365005 -0.994871 -61.0876 -0.0228506 0.998985 0.0388181 0.879189 0.995278 0.0263952 -0.0934038 0.309166
-0.0917077 0.0358037 -0.995142 -61.7758 -0.0243038 0.998975 0.0381814 0.890963 0.995489 0.0276873 -0.0907436 0.236436
-0.0877645 0.036806 -0.995461 -62.4279 -0.0237756 0.998955 0.0390313 0.898351 0.995857 0.0270932 -0.0867977 0.176001
-0.0823089 0.0383925 -0.995867 -63.0883 -0.0235437 0.998904 0.0404555 0.907602 0.996329 0.0267763 -0.0813148 0.124609
-0.0748437 0.0398606 -0.996398 -63.7369 -0.023057 0.998864 0.0416912 0.916403 0.996929 0.0260943 -0.0738397 0.0732123
-0.0659703 0.0413886 -0.996963 -64.3706 -0.0257289 0.998737 0.0431647 0.925807 0.99749 0.0284983 -0.0648221 0.0273527
-0.0545341 0.0428597 -0.997592 -64.9918 -0.0281577 0.998615 0.044443 0.934761 0.998115 0.0305136 -0.0532517 -0.00350706
-0.0393383 0.0443803 -0.99824 -65.5911 -0.0311136 0.998474 0.0456168 0.945431 0.998742 0.0328533 -0.0378974 -0.0243764
-0.0208837 0.045832 -0.998731 -66.1789 -0.0334928 0.998356 0.0465151 0.957082 0.999221 0.0344217 -0.0193143 -0.0325627
0.000170527 0.0466663 -0.99891 -66.7202 -0.0341077 0.99833 0.0466334 0.966277 0.999418 0.0340625 0.00176192 -0.0174655
0.026608 0.0467697 -0.998551 -67.2732 -0.0345387 0.998352 0.04584 0.976195 0.999049 0.033269 0.0281795 0.00601861
0.0553692 0.0469601 -0.997361 -67.7839 -0.0340213 0.998402 0.0451204 0.979611 0.997886 0.0314333 0.0568783 0.0564776
0.0896895 0.0468025 -0.99487 -68.2816 -0.0323108 0.998506 0.0440607 0.988147 0.995446 0.0281933 0.0910678 0.122382
0.127126 0.0471447 -0.990766 -68.7557 -0.0322838 0.998537 0.0433722 0.997933 0.991361 0.026472 0.128462 0.208036
0.167433 0.0473828 -0.984744 -69.2141 -0.0323814 0.99857 0.0425423 1.00029 0.985351 0.0247644 0.168728 0.319653
0.212695 0.0478965 -0.975944 -69.6516 -0.0317442 0.998609 0.0420906 1.00895 0.976603 0.0220281 0.21392 0.439871
0.260096 0.045962 -0.964488 -70.0835 -0.0282651 0.998801 0.0399748 1.01482 0.965169 0.016864 0.261083 0.603766
0.309846 0.0418981 -0.949863 -70.4864 -0.021216 0.999085 0.0371486 1.00965 0.95055 0.00864198 0.310452 0.784226
0.360544 0.0366403 -0.932022 -70.8776 -0.014747 0.999327 0.0335815 1.00579 0.932626 0.00163699 0.360841 1.00262
0.412411 0.0322251 -0.910428 -71.2516 -0.0100133 0.999474 0.030841 1.01042 0.910943 -0.00360278 0.412517 1.21994
0.462641 0.0310425 -0.886002 -71.6299 -0.0100895 0.999506 0.0297509 1.01853 0.886488 -0.00482468 0.462726 1.47747
0.510645 0.0290202 -0.859302 -71.9773 -0.00823351 0.999549 0.0288638 1.02716 0.859752 -0.00766409 0.510654 1.7312
0.555878 0.0253887 -0.830876 -72.3209 -0.00154972 0.999563 0.0295064 1.0335 0.831263 -0.0151143 0.555674 2.0096
0.599565 0.0186419 -0.800109 -72.6318 0.0100992 0.999473 0.0308547 1.02358 0.800262 -0.0265798 0.599061 2.32694
0.641563 0.013652 -0.766948 -72.9244 0.0118534 0.999546 0.0277079 1.02084 0.766978 -0.0268673 0.64111 2.62699
0.682797 0.0080333 -0.730564 -73.214 0.00920806 0.999766 0.0195995 1.0275 0.73055 -0.0201095 0.682563 2.95571
0.723072 0.00221759 -0.690769 -73.4787 0.0054799 0.999945 0.00894631 1.02391 0.690751 -0.0102542 0.72302 3.27546
0.762291 -0.000937008 -0.647234 -73.7438 0.00125628 0.999999 3.18959e-05 1.02571 0.647233 -0.000837421 0.762292 3.65731
0.799021 -0.00262617 -0.601297 -73.987 0.000311543 0.999992 -0.00395348 1.02345 0.601303 0.00297159 0.799016 4.03565
0.833232 -0.00456611 -0.552905 -74.2207 0.00114327 0.999978 -0.00653529 1.01954 0.552923 0.00481329 0.833219 4.45526
0.864214 -0.00354442 -0.503112 -74.4527 -0.0012377 0.999957 -0.00917073 1.01466 0.503123 0.00854817 0.864172 4.92535
0.89018 -0.00217916 -0.455604 -74.6522 -0.00186948 0.999963 -0.00843553 0.996837 0.455605 0.00836088 0.890143 5.38438
0.911736 0.00208393 -0.410772 -74.8575 -0.00601113 0.999948 -0.00826917 0.98955 0.410733 0.0100085 0.911701 5.8986
0.929193 0.00790885 -0.36951 -75.0404 -0.0123044 0.999879 -0.00954044 0.979702 0.369389 0.0134115 0.929178 6.40015
0.942911 0.0119863 -0.332829 -75.2187 -0.0159655 0.99983 -0.00922329 0.968779 0.332662 0.0140105 0.942942 6.94174
0.953344 0.0129804 -0.301606 -75.3873 -0.0159344 0.999846 -0.00733613 0.955438 0.301464 0.0117998 0.953404 7.51391
0.960754 0.012246 -0.277132 -75.5346 -0.0143175 0.999883 -0.00545244 0.939841 0.277033 0.0092063 0.960816 8.07368
0.966797 0.0128494 -0.255223 -75.6909 -0.0142282 0.999892 -0.00355689 0.92645 0.25515 0.00707015 0.966876 8.68551
0.971161 0.0139246 -0.238016 -75.8254 -0.0146796 0.999891 -0.00140017 0.91813 0.23797 0.00485378 0.97126 9.2902
0.974718 0.0200724 -0.222534 -75.9748 -0.0204066 0.999791 0.000797614 0.906861 0.222504 0.00376373 0.974925 9.91881
0.977747 0.0218389 -0.208646 -76.1179 -0.022034 0.999756 0.00138931 0.90046 0.208625 0.00323891 0.97799 10.5794
0.980376 0.0222263 -0.195881 -76.2444 -0.0222851 0.99975 0.00190385 0.887434 0.195875 0.00249875 0.980626 11.2271
0.982996 0.0223934 -0.182254 -76.3644 -0.0225208 0.999745 0.00137084 0.874597 0.182238 0.00275698 0.98325 11.9052
0.985653 0.021918 -0.167357 -76.4853 -0.0219249 0.999758 0.00180659 0.867217 0.167357 0.00188862 0.985895 12.6056
0.987787 0.0231838 -0.154078 -76.5897 -0.0231197 0.99973 0.00220799 0.859102 0.154088 0.00138122 0.988056 13.3065
0.989792 0.0229951 -0.140656 -76.6895 -0.0232773 0.999729 -0.000360855 0.841999 0.140609 0.00363125 0.990059 14.0283
0.991124 0.0237564 -0.1308 -76.7803 -0.0247522 0.999676 -0.00599209 0.827631 0.130615 0.00917649 0.991391 14.7409
0.99236 0.023365 -0.121147 -76.8729 -0.0249698 0.999619 -0.0117454 0.806004 0.120827 0.0146807 0.992565 15.4891
0.993351 0.024514 -0.112483 -76.9608 -0.0260419 0.999587 -0.0121339 0.793351 0.112139 0.0149825 0.99358 16.2523
0.993999 0.0244319 -0.106622 -77.0403 -0.0252425 0.999662 -0.00625959 0.77518 0.106433 0.00891344 0.99428 17.0162
0.994475 0.0291365 -0.100854 -77.1352 -0.0291743 0.999574 0.00110031 0.759693 0.100843 0.0018481 0.994901 17.7865
0.99499 0.0278737 -0.0960127 -77.2211 -0.0274803 0.999608 0.00541722 0.741781 0.096126 -0.00275161 0.995365 18.5627
0.99519 0.029397 -0.0934524 -77.2869 -0.0290772 0.999566 0.00478282 0.724716 0.0935525 -0.00204248 0.995612 19.3165
0.995556 0.0285367 -0.0897473 -77.3661 -0.0282969 0.999592 0.0039431 0.709559 0.0898232 -0.00138601 0.995957 20.1001
0.995789 0.027479 -0.0874618 -77.4336 -0.0270615 0.999616 0.00595574 0.699618 0.0875918 -0.00356381 0.99615 20.8606
0.996093 0.0245675 -0.0848265 -77.5003 -0.0239434 0.999678 0.00836716 0.68719 0.0850048 -0.00630343 0.996361 21.6246
0.996412 0.0209684 -0.0819944 -77.5656 -0.0202181 0.999746 0.00997116 0.674392 0.0821826 -0.00827762 0.996583 22.419
0.996651 0.0204177 -0.079181 -77.6304 -0.0199338 0.999778 0.00689686 0.659666 0.0793042 -0.00529538 0.996836 23.1617
0.996688 0.0246629 -0.0774966 -77.6982 -0.0247766 0.999693 -0.000505814 0.641637 0.0774603 0.00242424 0.996993 23.9099
0.996811 0.0250309 -0.0757699 -77.7639 -0.0256833 0.999641 -0.00764744 0.624991 0.0755513 0.00956907 0.997096 24.6703
0.996796 0.027569 -0.0750899 -77.8257 -0.0285327 0.999523 -0.0117911 0.60046 0.074729 0.0138958 0.997107 25.4151
0.996963 0.027832 -0.0727327 -77.8944 -0.028672 0.999533 -0.0105312 0.583112 0.0724056 0.0125846 0.997296 26.1866
0.997006 0.031472 -0.0706239 -77.9558 -0.0320043 0.999467 -0.00641732 0.556488 0.0703843 0.00865838 0.997482 26.9313
0.997101 0.0340928 -0.0680317 -78.0264 -0.0343094 0.999409 -0.00201803 0.536108 0.0679228 0.00434631 0.997681 27.701
0.997324 0.032666 -0.0653998 -78.0773 -0.0327162 0.999465 0.000302925 0.51568 0.0653747 0.00183752 0.997859 28.4636
0.997462 0.0306896 -0.0642505 -78.1295 -0.0306954 0.999528 0.000897042 0.497717 0.0642477 0.00107743 0.997933 29.2264
0.99761 0.028064 -0.0631438 -78.1784 -0.0280951 0.999605 0.000395107 0.477196 0.06313 0.00137987 0.998004 29.9924
0.997642 0.028667 -0.0623565 -78.2368 -0.0287877 0.999585 -0.00103692 0.460661 0.0623009 0.00282957 0.998053 30.7324
0.997732 0.0267751 -0.0617635 -78.2838 -0.0269778 0.999633 -0.00244928 0.447184 0.0616753 0.00410997 0.998088 31.4934
0.997846 0.0251991 -0.0605591 -78.335 -0.0253836 0.999675 -0.00227984 0.426047 0.060482 0.00381214 0.998162 32.2611
0.997795 0.0280408 -0.0601599 -78.3903 -0.0281805 0.999602 -0.00147485 0.410471 0.0600946 0.00316693 0.998188 33.027
0.997721 0.0298347 -0.0605176 -78.4434 -0.0300112 0.999548 -0.00200961 0.396691 0.0604303 0.00382124 0.998165 33.7797
0.997718 0.027476 -0.0616779 -78.5004 -0.0276734 0.999614 -0.00234813 0.380523 0.0615896 0.00404961 0.998093 34.5606
0.997591 0.0266365 -0.0640534 -78.5598 -0.0267948 0.99964 -0.00161276 0.360836 0.0639874 0.00332517 0.997945 35.3449
0.997375 0.0281165 -0.0667307 -78.6286 -0.028294 0.999598 -0.00171721 0.343835 0.0666556 0.00360079 0.99777 36.1496
0.997124 0.029113 -0.0699724 -78.6932 -0.0293501 0.999566 -0.00236201 0.327191 0.0698733 0.00440891 0.997546 36.9356
0.996893 0.0315882 -0.0721602 -78.7686 -0.0321494 0.999461 -0.00662795 0.307236 0.071912 0.00892726 0.997371 37.7305
0.996596 0.034366 -0.0749306 -78.8375 -0.0352241 0.999328 -0.0101605 0.287173 0.0745311 0.0127653 0.997137 38.5256
0.996509 0.0322542 -0.0770083 -78.9124 -0.0332194 0.999384 -0.0112864 0.265046 0.0765969 0.0138052 0.996967 39.3445
0.996416 0.0310792 -0.078676 -78.9881 -0.0319658 0.999439 -0.0100345 0.242013 0.07832 0.0125135 0.99685 40.1433
0.996256 0.0303191 -0.0809594 -79.0592 -0.0311549 0.999473 -0.00908056 0.215327 0.0806415 0.0115688 0.996676 40.9792
0.996134 0.0290969 -0.0828872 -79.1315 -0.0297963 0.99953 -0.00721384 0.191638 0.0826383 0.00965568 0.996533 41.8102
0.996093 0.0280535 -0.0837397 -79.2139 -0.0285019 0.999585 -0.00416434 0.174169 0.0835881 0.00653481 0.996479 42.6481
0.995955 0.0277614 -0.0854546 -79.2864 -0.0278219 0.999613 0.000482851 0.157254 0.0854349 0.00189661 0.996342 43.5019
0.996046 0.0271863 -0.0845781 -79.3659 -0.0270048 0.99963 0.00328908 0.137474 0.0846362 -0.000992063 0.996411 44.3542
0.996162 0.0302203 -0.0821524 -79.4525 -0.0300609 0.999543 0.00317681 0.12428 0.0822108 -0.000695043 0.996615 45.2023
0.996277 0.0302807 -0.0807124 -79.5343 -0.0301903 0.999541 0.00234074 0.108301 0.0807463 0.000104702 0.996735 46.0766
0.996456 0.028941 -0.0789856 -79.6072 -0.02903 0.999579 2.19949e-05 0.0923582 0.078953 0.00227103 0.996876 46.9474
0.996688 0.0247004 -0.0774814 -79.677 -0.0248981 0.999689 -0.00158594 0.0697122 0.0774181 0.00350982 0.996993 47.8234
0.996867 0.0234192 -0.07555 -79.7458 -0.0236095 0.99972 -0.00162665 0.0539364 0.0754907 0.00340525 0.997141 48.7065
0.996979 0.021453 -0.0746492 -79.8161 -0.0214831 0.999769 0.000401033 0.0368606 0.0746406 0.00120387 0.99721 49.5845
0.997136 0.0174491 -0.0735894 -79.8855 -0.017255 0.999846 0.00327181 0.01759 0.0736351 -0.00199266 0.997283 50.4631
0.997208 0.0166324 -0.0727951 -79.9527 -0.0164129 0.999859 0.00361364 -0.00196989 0.0728449 -0.00240878 0.99734 51.3362
0.99721 0.0186659 -0.0722813 -80.0196 -0.0186954 0.999825 0.000268382 -0.0227509 0.0722737 0.0010837 0.997384 52.1926
0.997169 0.0229377 -0.0716107 -80.0912 -0.0233626 0.999714 -0.00510178 -0.0510182 0.0714732 0.00676034 0.99742 53.0413
0.997221 0.0245489 -0.0703359 -80.1587 -0.0253621 0.999621 -0.0106909 -0.0740386 0.0700468 0.0124451 0.997466 53.8901
0.997067 0.0304309 -0.0702287 -80.2399 -0.0316621 0.999363 -0.0164842 -0.104027 0.0696823 0.0186594 0.997395 54.7503
0.997096 0.031995 -0.0691105 -80.3061 -0.0332905 0.999289 -0.0176756 -0.133372 0.0684958 0.019925 0.997452 55.6103
0.997188 0.0305778 -0.0684164 -80.3731 -0.0314931 0.999428 -0.0123402 -0.161685 0.0679999 0.0144601 0.997581 56.4581
0.997246 0.0263501 -0.0693256 -80.433 -0.0265718 0.999644 -0.00227813 -0.193564 0.0692409 0.00411396 0.997591 57.3188
0.997297 0.0223526 -0.0699903 -80.4993 -0.0220838 0.999746 0.00461196 -0.20992 0.0700756 -0.00305384 0.997537 58.1312
0.997046 0.0239617 -0.0729691 -80.559 -0.0237714 0.999711 0.00347609 -0.23456 0.0730313 -0.00173124 0.997328 58.9839
0.996995 0.0191861 -0.0750584 -80.63 -0.0192103 0.999815 0.000399395 -0.260235 0.0750522 0.0010437 0.997179 59.8189
0.996862 0.0171597 -0.0772711 -80.6972 -0.017302 0.99985 -0.00117163 -0.276747 0.0772394 0.0025049 0.99701 60.6496
0.996571 0.0195166 -0.0804033 -80.7732 -0.0198473 0.999798 -0.00331592 -0.30425 0.0803223 0.00490035 0.996757 61.4651
0.996241 0.0211004 -0.0840167 -80.8524 -0.0217439 0.999741 -0.00675109 -0.327705 0.0838524 0.00855257 0.996441 62.2902
0.995873 0.0207936 -0.0883465 -80.9399 -0.0217937 0.999709 -0.0103709 -0.344947 0.0881052 0.0122535 0.996036 63.0958
0.995524 0.0240666 -0.0913997 -81.0238 -0.0254069 0.999586 -0.0135286 -0.381712 0.0910363 0.0157902 0.995722 63.9125
0.995153 0.0274062 -0.0944463 -81.1207 -0.0288856 0.99948 -0.0143323 -0.405879 0.0940044 0.016991 0.995427 64.7026
0.994717 0.0317547 -0.0976156 -81.2111 -0.0331348 0.999372 -0.0125487 -0.433603 0.0971559 0.0157169 0.995145 65.4852
0.994235 0.0348806 -0.101395 -81.3097 -0.0357809 0.999335 -0.00707319 -0.456611 0.101081 0.0106604 0.994821 66.3008
0.993808 0.0342658 -0.105699 -81.3974 -0.0345202 0.999404 -0.000577288 -0.477832 0.105616 0.00422245 0.994398 67.097
0.993317 0.0330914 -0.110569 -81.4927 -0.0330213 0.999452 0.00246567 -0.503887 0.11059 0.00120195 0.993865 67.9028
0.992525 0.0351146 -0.116878 -81.5942 -0.0348794 0.999383 0.00405755 -0.521547 0.116949 4.94209e-05 0.993138 68.6878
0.991928 0.0302148 -0.123148 -81.7007 -0.0295452 0.999537 0.00726005 -0.535156 0.12331 -0.00356302 0.992362 69.482
0.991056 0.0325011 -0.129425 -81.8126 -0.0317318 0.999464 0.00800283 -0.553575 0.129616 -0.00382436 0.991557 70.262
0.990118 0.0356766 -0.135625 -81.9322 -0.0350219 0.999361 0.00721056 -0.563416 0.135796 -0.00238945 0.990734 71.0148
0.989119 0.0393891 -0.141747 -82.0447 -0.0392719 0.999222 0.00362521 -0.581511 0.141779 0.00198089 0.989896 71.7805
0.988231 0.0380786 -0.148156 -82.1844 -0.0384425 0.999261 0.000407892 -0.59623 0.148062 0.00529241 0.988964 72.5526
0.987359 0.0408289 -0.153153 -82.3054 -0.0413646 0.999144 -0.000311348 -0.616846 0.15301 0.00664254 0.988202 73.2957
0.986574 0.0410965 -0.158062 -82.4357 -0.0409882 0.999152 0.00394622 -0.625009 0.15809 0.00258546 0.987421 74.0661
0.985694 0.0402517 -0.163669 -82.5822 -0.0393493 0.999187 0.00875265 -0.636981 0.163888 -0.00218716 0.986477 74.8228
0.98474 0.0380778 -0.169816 -82.7068 -0.0366381 0.999261 0.0116044 -0.653887 0.170133 -0.00520553 0.985407 75.5544
0.983482 0.0355815 -0.177477 -82.8545 -0.0347841 0.999366 0.00760353 -0.665506 0.177635 -0.00130456 0.984096 76.3191
0.98189 0.0360323 -0.185996 -83.0106 -0.0365436 0.999332 0.000679588 -0.681087 0.185896 0.00612969 0.98255 77.0557
0.98031 0.032804 -0.194723 -83.1712 -0.0336737 0.999432 -0.00115726 -0.693308 0.194575 0.00769153 0.980858 77.7894
0.978257 0.0307834 -0.205101 -83.3292 -0.0311274 0.999514 0.00155005 -0.709551 0.205049 0.00486791 0.97874 78.4906
0.975879 0.0313966 -0.216044 -83.5147 -0.0305258 0.999507 0.00736733 -0.720842 0.216169 -0.000594723 0.976356 79.2527
0.973243 0.0319711 -0.227545 -83.7004 -0.0292626 0.999455 0.0152674 -0.728858 0.227909 -0.00820031 0.973648 79.9725
0.970524 0.033289 -0.238694 -83.8966 -0.0293409 0.999368 0.0200756 -0.746203 0.239211 -0.0124804 0.970887 80.7098
0.967517 0.0359086 -0.250243 -84.0901 -0.0330195 0.999331 0.0157355 -0.756116 0.25064 -0.00696153 0.968055 81.4093
0.964365 0.0352041 -0.262224 -84.3055 -0.0348425 0.999375 0.00602994 -0.761664 0.262272 0.00332145 0.964988 82.112
0.960898 0.0338674 -0.274824 -84.5221 -0.0348399 0.999392 0.0013433 -0.767328 0.274702 0.00828406 0.961494 82.8258
0.957577 0.0327665 -0.286309 -84.7545 -0.0325379 0.999455 0.00555744 -0.76814 0.286335 0.00399419 0.958121 83.5363
0.9542 0.0336642 -0.297271 -84.9841 -0.0311479 0.999428 0.0131987 -0.784047 0.297545 -0.00333488 0.954702 84.2243
0.950125 0.0328033 -0.310138 -85.2237 -0.028239 0.999417 0.0191964 -0.790598 0.310587 -0.00948094 0.950498 84.9476
0.946227 0.0307405 -0.32204 -85.4703 -0.0264038 0.999492 0.0178267 -0.800381 0.322424 -0.00836505 0.946558 85.6343
0.94221 0.02899 -0.333766 -85.7372 -0.0261594 0.999574 0.0129732 -0.799726 0.334 -0.00349233 0.942567 86.3485
0.939171 0.0247229 -0.342559 -85.9997 -0.0238673 0.999693 0.0067138 -0.811392 0.34262 0.00187054 0.939472 87.0367
0.936238 0.0215618 -0.350704 -86.2657 -0.0228205 0.999739 0.000544059 -0.822617 0.350624 0.00749386 0.936486 87.7482
0.933354 0.0202047 -0.358389 -86.5502 -0.0221976 0.999753 -0.00144682 -0.837817 0.358272 0.00930578 0.933571 88.4594
0.930462 0.0249769 -0.365536 -86.835 -0.0274397 0.999622 -0.0015431 -0.847217 0.36536 0.011466 0.930796 89.1271
0.927251 0.026785 -0.373483 -87.1382 -0.0285445 0.999592 0.000819676 -0.86662 0.373352 0.00990084 0.927637 89.8545
0.923929 0.026643 -0.381635 -87.4241 -0.0259605 0.999639 0.00693787 -0.872723 0.381682 0.00349734 0.924287 90.5324
0.921275 0.0299141 -0.38776 -87.7218 -0.0260756 0.999545 0.015158 -0.884408 0.388037 -0.00385359 0.921636 91.2335
0.918522 0.0372747 -0.393609 -88.0412 -0.0309179 0.999269 0.022481 -0.891303 0.394159 -0.00847975 0.919003 91.9381
0.915628 0.0444376 -0.399563 -88.3547 -0.0396648 0.999009 0.0202104 -0.892569 0.400065 -0.00265666 0.916483 92.6194
0.913281 0.0424116 -0.405115 -88.6722 -0.0409872 0.999085 0.0121939 -0.893946 0.405262 0.00546808 0.914184 93.3157
0.911137 0.0367236 -0.410463 -88.9883 -0.0379086 0.999267 0.00525447 -0.911545 0.410355 0.0107725 0.911862 94.0241
0.909364 0.0367161 -0.414379 -89.3077 -0.0384216 0.999253 0.00422198 -0.918099 0.414224 0.0120818 0.910095 94.706
0.907149 0.0414717 -0.418762 -89.6568 -0.0414821 0.999098 0.00908372 -0.917656 0.418761 0.00913083 0.908051 95.4228
0.904779 0.0424204 -0.423763 -89.9815 -0.0404148 0.999089 0.013723 -0.928549 0.423959 0.00471005 0.905669 96.0824
0.90243 0.0396028 -0.429012 -90.3184 -0.0378604 0.999204 0.0125984 -0.944437 0.429169 0.00487335 0.903211 96.7946
0.900147 0.0379452 -0.43393 -90.6558 -0.0392009 0.999213 0.00605802 -0.955978 0.433818 0.0115573 0.900926 97.4688
0.897705 0.0358336 -0.439138 -90.9969 -0.0399498 0.999202 -0.000132292 -0.964846 0.438783 0.0176622 0.898419 98.153
0.895548 0.0377655 -0.443359 -91.3671 -0.0430152 0.999073 -0.00178578 -0.978843 0.442881 0.0206705 0.896342 98.8298
0.893809 0.0392803 -0.446724 -91.7213 -0.0428596 0.999079 0.00209477 -0.991085 0.446395 0.0172741 0.89467 99.5108
0.891537 0.0413072 -0.451061 -92.0889 -0.0437253 0.999031 0.00506446 -1.00768 0.450832 0.0152076 0.892479 100.202
0.889248 0.0425561 -0.455442 -92.4497 -0.0449117 0.998975 0.00565355 -1.02427 0.455216 0.0154273 0.890247 100.884
0.886742 0.0410559 -0.460439 -92.7986 -0.0433789 0.999043 0.00553997 -1.03831 0.460226 0.0150608 0.887674 101.552
0.884803 0.0391672 -0.464317 -93.1684 -0.0418812 0.999113 0.00447077 -1.05392 0.46408 0.0154904 0.885658 102.226
0.882766 0.0383272 -0.468246 -93.5213 -0.0406032 0.999162 0.00523641 -1.06498 0.468055 0.0143897 0.883582 102.881
0.880352 0.0395728 -0.472668 -93.8918 -0.0417666 0.99911 0.00585663 -1.0804 0.472479 0.0145858 0.881221 103.55
0.878071 0.0396016 -0.476889 -94.2575 -0.0418443 0.999107 0.00592155 -1.0939 0.476698 0.0147556 0.878943 104.206
0.875809 0.0371714 -0.481224 -94.6348 -0.041134 0.999151 0.0023157 -1.11122 0.480902 0.0177666 0.876594 104.863
0.873659 0.034011 -0.485348 -94.9989 -0.0400574 0.999195 -0.00208692 -1.12779 0.484886 0.021265 0.874319 105.504
0.871473 0.032459 -0.489368 -95.373 -0.0398806 0.999193 -0.00474495 -1.14718 0.488819 0.0236514 0.872065 106.15
0.869629 0.0344562 -0.492501 -95.7427 -0.0404781 0.999179 -0.00156947 -1.15871 0.492043 0.0213004 0.87031 106.787
0.867685 0.037706 -0.495682 -96.117 -0.0392858 0.999202 0.00723907 -1.17246 0.495559 0.013192 0.868474 107.422
0.86635 0.0390727 -0.497907 -96.4704 -0.0354202 0.999232 0.016783 -1.185 0.49818 0.00309602 0.867068 108.035
0.864522 0.0380462 -0.501153 -96.8335 -0.0312319 0.99927 0.0219849 -1.1953 0.501624 -0.0033545 0.865079 108.664
0.863144 0.0365785 -0.503631 -97.1833 -0.0295318 0.999322 0.0219676 -1.20407 0.504093 -0.00408808 0.86364 109.257
0.861382 0.0343197 -0.506797 -97.542 -0.0288596 0.99941 0.0186274 -1.20912 0.507137 -0.00141931 0.861864 109.842
0.859501 0.032914 -0.510073 -97.8851 -0.0290115 0.999457 0.015607 -1.21574 0.51031 0.00138378 0.859989 110.413
0.858396 0.031428 -0.512024 -98.213 -0.027995 0.999504 0.0144165 -1.22236 0.512223 0.00195901 0.85885 110.96
0.857004 0.0296276 -0.514457 -98.5511 -0.026012 0.99956 0.0142329 -1.22938 0.514653 0.00118442 0.857398 111.509
0.855602 0.0296098 -0.516786 -98.859 -0.0253391 0.999562 0.0153191 -1.23688 0.517013 -1.213e-05 0.855977 112.01
0.854295 0.0290617 -0.518976 -99.173 -0.0238626 0.999576 0.0166938 -1.24466 0.519241 -0.00187728 0.854626 112.523
0.852874 0.0280755 -0.521361 -99.4741 -0.0222926 0.999601 0.0173614 -1.24989 0.52164 -0.00318458 0.85316 113.005
0.851765 0.0267406 -0.523242 -99.7527 -0.0203817 0.999632 0.0179082 -1.26052 0.523528 -0.00458904 0.851996 113.457
0.850593 0.0250863 -0.525225 -100.031 -0.0191219 0.999676 0.0167798 -1.26782 0.525476 -0.00422948 0.850798 113.897
0.849407 0.0253101 -0.527131 -100.296 -0.0214154 0.99968 0.013491 -1.27894 0.527304 -0.00017061 0.849677 114.304
0.847768 0.0237337 -0.529835 -100.556 -0.0220867 0.999712 0.00944157 -1.2876 0.529907 0.00369805 0.848048 114.713
0.845381 0.020349 -0.533776 -100.793 -0.0193391 0.999785 0.00748567 -1.29383 0.533813 0.00399451 0.845593 115.083
0.842995 0.0161596 -0.537678 -101.015 -0.0142918 0.999869 0.00764302 -1.30158 0.537731 0.00124139 0.843115 115.436
0.839735 0.0164907 -0.542746 -101.249 -0.0137112 0.999864 0.00916586 -1.30805 0.542823 -0.000255203 0.839847 115.792
0.83604 0.0201808 -0.548296 -101.482 -0.0167811 0.999796 0.0112111 -1.31252 0.548411 -0.000171877 0.836209 116.113
0.832461 0.0263932 -0.553455 -101.697 -0.0214305 0.999651 0.0154374 -1.31796 0.55367 -0.000990232 0.832736 116.412
0.828208 0.0317133 -0.559523 -101.908 -0.0230915 0.999481 0.0224695 -1.31882 0.559945 -0.00568918 0.82851 116.698
0.823707 0.0335857 -0.56602 -102.103 -0.0222558 0.99939 0.0269124 -1.32262 0.566579 -0.00957071 0.823952 116.975
0.818445 0.0311355 -0.57374 -102.301 -0.0181695 0.999434 0.0283178 -1.32646 0.574297 -0.012752 0.818548 117.24
0.81214 0.0289341 -0.582744 -102.478 -0.0145763 0.999464 0.0293105 -1.32838 0.58328 -0.01531 0.812127 117.479
0.803877 0.0275067 -0.59416 -102.651 -0.0115403 0.999463 0.0306567 -1.33121 0.594684 -0.0177874 0.803763 117.7
0.793418 0.0280116 -0.608032 -102.832 -0.0109762 0.999436 0.0317205 -1.33325 0.608578 -0.0184937 0.793278 117.907
0.782042 0.0295779 -0.622524 -103.006 -0.0126285 0.99942 0.0316208 -1.33442 0.623098 -0.0168672 0.781962 118.087
0.768438 0.0286029 -0.639284 -103.17 -0.0125104 0.999481 0.029681 -1.33878 0.639802 -0.0148104 0.768398 118.252
0.753806 0.0265541 -0.656561 -103.336 -0.0136652 0.999601 0.0247389 -1.3405 0.656955 -0.00967631 0.753868 118.403
0.739017 0.0229937 -0.673294 -103.498 -0.0132338 0.99972 0.0196159 -1.34452 0.673557 -0.00558623 0.739114 118.548
0.724907 0.0230701 -0.68846 -103.65 -0.0169754 0.999734 0.0156268 -1.34276 0.688638 0.000358896 0.725106 118.671
0.709035 0.0268825 -0.704661 -103.825 -0.0243549 0.999611 0.0136285 -1.33922 0.704753 0.00749889 0.709413 118.799
0.69217 0.0290955 -0.721148 -103.992 -0.0275244 0.999524 0.0139086 -1.33242 0.72121 0.010222 0.692641 118.916
0.673752 0.0277915 -0.738435 -104.164 -0.0241107 0.999587 0.0156214 -1.33347 0.738564 0.00727917 0.674144 119.048
0.654264 0.0271093 -0.75578 -104.337 -0.0216259 0.999619 0.0171345 -1.33108 0.755957 0.00513397 0.654601 119.171
0.633171 0.0288693 -0.773473 -104.516 -0.0211139 0.999577 0.0200244 -1.33175 0.773724 0.0036522 0.633513 119.276
0.609241 0.0334771 -0.792278 -104.719 -0.0246663 0.999425 0.0232622 -1.32396 0.792601 0.00537027 0.609717 119.39
0.584788 0.0380436 -0.810294 -104.91 -0.0268273 0.99926 0.0275545 -1.32229 0.810743 0.00562442 0.585376 119.483
0.560601 0.0412067 -0.827061 -105.104 -0.0282659 0.999131 0.0306205 -1.32018 0.827604 0.00621174 0.561278 119.579
0.535237 0.0444882 -0.843529 -105.295 -0.0312248 0.998972 0.0328735 -1.31983 0.844125 0.00874389 0.536076 119.653
0.508678 0.0489899 -0.859562 -105.496 -0.0352412 0.998728 0.0360662 -1.3164 0.860236 0.0119459 0.509757 119.728
0.481292 0.0523163 -0.874997 -105.701 -0.0371616 0.998538 0.0392621 -1.31512 0.875772 0.0136198 0.482533 119.803
0.452759 0.052171 -0.890105 -105.9 -0.0358682 0.998544 0.0402822 -1.3186 0.890911 0.0136883 0.453972 119.874
0.420851 0.0496578 -0.90577 -106.118 -0.035327 0.99864 0.0383353 -1.31902 0.906442 0.0158647 0.422033 119.933
0.387549 0.0456877 -0.920716 -106.357 -0.0348686 0.998783 0.0348846 -1.31367 0.921189 0.0185846 0.38867 120.001
0.348615 0.0434188 -0.93626 -106.609 -0.0338716 0.998858 0.0337098 -1.3073 0.936654 0.0199609 0.349687 120.049
0.307751 0.0424232 -0.950521 -106.887 -0.0326814 0.998887 0.0340006 -1.29894 0.950906 0.0206007 0.308795 120.1
0.265299 0.040764 -0.963304 -107.182 -0.0311933 0.998946 0.0336815 -1.28878 0.963661 0.0211129 0.266291 120.142
0.218191 0.0383065 -0.975154 -107.483 -0.0296522 0.999028 0.0326096 -1.27896 0.975456 0.0218003 0.219115 120.166
0.170474 0.036217 -0.984697 -107.813 -0.0280822 0.999097 0.031885 -1.26751 0.984962 0.0222169 0.171337 120.183
0.120219 0.0359722 -0.992096 -108.158 -0.0268089 0.999097 0.0329774 -1.25485 0.992385 0.0226324 0.121074 120.173
0.0688396 0.0370664 -0.996939 -108.495 -0.0247504 0.999065 0.0354364 -1.24305 0.997321 0.0222352 0.0696926 120.154
0.0162786 0.0395163 -0.999086 -108.863 -0.0207136 0.999018 0.0391761 -1.23197 0.999653 0.0200569 0.0170811 120.123
-0.0370584 0.0419051 -0.998434 -109.226 -0.0158877 0.998969 0.0425173 -1.22567 0.999187 0.0174384 -0.0363544 120.067
-0.0910137 0.0434922 -0.994899 -109.618 -0.010889 0.998943 0.044665 -1.21281 0.99579 0.0148986 -0.0904438 119.992
-0.143588 0.0455706 -0.988588 -110.01 -0.00678616 0.99887 0.0470302 -1.20329 0.989614 0.0134617 -0.143117 119.896
-0.194706 0.0469765 -0.979736 -110.399 -0.00339205 0.998814 0.0485654 -1.1876 0.980856 0.0127793 -0.194315 119.771
-0.244643 0.0484585 -0.968402 -110.83 0.000808952 0.99876 0.0497733 -1.17022 0.969613 0.0113933 -0.244379 119.625
-0.292982 0.0501414 -0.954802 -111.251 0.00683491 0.998708 0.0503498 -1.1547 0.956094 0.00822557 -0.292946 119.461
-0.339612 0.051598 -0.939149 -111.673 0.0126143 0.998654 0.0503057 -1.14049 0.940481 0.00523772 -0.339806 119.279
-0.384598 0.0535017 -0.921533 -112.124 0.0182166 0.998564 0.0503713 -1.12416 0.922905 0.00258545 -0.38502 119.056
-0.426987 0.0549231 -0.902588 -112.564 0.0226458 0.99849 0.0500458 -1.10349 0.903974 0.000929008 -0.427586 118.821
-0.465257 0.0559285 -0.883407 -113.02 0.0259744 0.998435 0.0495312 -1.08454 0.884795 9.87677e-05 -0.465981 118.546
-0.49957 0.0562988 -0.864442 -113.473 0.0277891 0.998414 0.0489644 -1.06524 0.865828 0.000439071 -0.500342 118.249
-0.52821 0.0560346 -0.847263 -113.945 0.0282375 0.998427 0.0484278 -1.04458 0.848644 0.00165543 -0.528961 117.921
-0.550982 0.0546385 -0.832727 -114.404 0.0273954 0.998501 0.0473892 -1.0236 0.834068 0.00329773 -0.551652 117.585
