1 8.43646e-10 -2.82253e-11 0 3.29294e-10 1 1.62786e-10 3.72529e-09 2.89117e-11 5.46116e-11 1 0
0.999992 -0.0030768 -0.0026245 0.00181927 0.00307348 0.999995 -0.00126985 -0.0240904 0.00262839 0.00126177 0.999996 0.675791
0.999945 -0.00237662 -0.0102167 0.00860869 0.00235272 0.999995 -0.00235086 -0.0387727 0.0102223 0.0023267 0.999945 1.36661
0.999891 -0.00215421 -0.0146119 -0.00904392 0.00210729 0.999993 -0.00322587 -0.0480688 0.0146187 0.00319472 0.999888 2.08387
0.999812 -0.000882517 -0.019357 -0.0282148 0.000809152 0.999992 -0.00379764 -0.0572613 0.0193602 0.00378126 0.999806 2.8214
0.999716 -0.00199499 -0.0237545 -0.0477662 0.0019033 0.999991 -0.00388217 -0.0699807 0.023762 0.00383586 0.99971 3.55772
0.999602 -0.000616681 -0.0282199 -0.0771127 0.000470269 0.999986 -0.00519465 -0.0854444 0.0282227 0.00517931 0.999588 4.33277
0.999482 0.00264036 -0.032068 -0.11172 -0.00283275 0.999978 -0.00595558 -0.100625 0.0320515 0.00604333 0.999468 5.09868
0.99931 0.00442211 -0.0368703 -0.142873 -0.00459773 0.999979 -0.00467977 -0.113083 0.0368488 0.00484606 0.999309 5.88943
0.999091 0.00432023 -0.0424069 -0.18334 -0.00440773 0.999988 -0.0019702 -0.125855 0.0423979 0.00215533 0.999099 6.68831
0.999 0.00333973 -0.0445819 -0.227003 -0.00331852 0.999994 0.00054968 -0.141991 0.0445835 -0.000401185 0.999006 7.50809
0.99888 0.00465893 -0.0470829 -0.276785 -0.00463363 0.999989 0.000646336 -0.157121 0.0470854 -0.000427448 0.998891 8.34102
0.998805 0.00419803 -0.0486875 -0.320648 -0.00420683 0.999991 -7.83616e-05 -0.164746 0.0486868 0.000283089 0.998814 9.15589
0.998732 0.0019242 -0.0503158 -0.360816 -0.00195278 0.999998 -0.000518837 -0.180626 0.0503147 0.000616434 0.998733 9.97979
0.998612 0.00206249 -0.0526407 -0.400995 -0.00205271 0.999998 0.000239933 -0.193423 0.0526411 -0.000131543 0.998614 10.8211
0.998542 -0.00034662 -0.0539858 -0.461367 0.000343509 1 -6.68976e-05 -0.209592 0.0539858 4.82553e-05 0.998542 11.6811
0.998445 0.00229486 -0.0557054 -0.507852 -0.0024024 0.999995 -0.00186373 -0.22494 0.0557009 0.00199466 0.998446 12.5372
0.998345 0.00361999 -0.0573983 -0.567547 -0.0038985 0.999981 -0.00474115 -0.243216 0.05738 0.00495707 0.99834 13.4133
0.998201 0.00697543 -0.0595572 -0.628708 -0.00736179 0.999953 -0.00627031 -0.253477 0.0595107 0.00669748 0.998205 14.2882
0.998137 0.0082528 -0.0604617 -0.689187 -0.00864009 0.999944 -0.00614689 -0.271555 0.0604076 0.00665783 0.998152 15.1711
0.998095 0.00734709 -0.0612616 -0.745739 -0.00763973 0.999961 -0.00454408 -0.290457 0.0612258 0.00500345 0.998111 16.067
0.998043 0.00789156 -0.0620335 -0.807386 -0.008103 0.999962 -0.00315765 -0.308913 0.0620063 0.00365413 0.998069 16.9608
0.99798 0.0076317 -0.0630676 -0.864141 -0.00782259 0.999966 -0.00278045 -0.330824 0.0630442 0.00326819 0.998005 17.8728
0.997861 0.00832532 -0.06484 -0.937184 -0.00856269 0.999958 -0.00338378 -0.346909 0.0648091 0.00393175 0.99789 18.7788
0.99782 0.00655795 -0.0656682 -0.994832 -0.00682135 0.99997 -0.00378779 -0.366444 0.0656413 0.00422747 0.997834 19.6869
0.997771 0.00661785 -0.0663998 -1.05756 -0.00677575 0.999975 -0.00215325 -0.383091 0.0663839 0.00259836 0.997791 20.6177
0.997797 0.00765289 -0.065892 -1.12702 -0.00758819 0.99997 0.00123206 -0.396469 0.0658995 -0.000729347 0.997826 21.5425
0.997861 0.00802981 -0.0648798 -1.19258 -0.00770903 0.999957 0.00519299 -0.410611 0.0649187 -0.00468172 0.99788 22.494
0.997946 0.00708875 -0.0636736 -1.25084 -0.00659729 0.999947 0.00792547 -0.421467 0.0637264 -0.00748912 0.997939 23.4361
0.998151 0.00632291 -0.0604489 -1.31546 -0.00581131 0.999946 0.00863526 -0.430476 0.0605002 -0.00826801 0.998134 24.3779
0.998214 0.00703725 -0.0593182 -1.37334 -0.00668856 0.999959 0.00607469 -0.442363 0.0593585 -0.00566709 0.998221 25.3317
0.998288 0.00835948 -0.0578862 -1.43396 -0.00829154 0.999965 0.00141373 -0.45117 0.057896 -0.00093134 0.998322 26.2705
0.998247 0.00758535 -0.0586973 -1.48695 -0.00769084 0.999969 -0.0015714 -0.463554 0.0586835 0.00202007 0.998275 27.2354
0.99834 0.00555138 -0.0573297 -1.54755 -0.00558144 0.999984 -0.000364244 -0.479813 0.0573268 0.000683622 0.998355 28.2026
0.998348 0.00289099 -0.0573773 -1.60228 -0.00263503 0.999986 0.00453606 -0.493478 0.0573897 -0.00437738 0.998342 29.1811
0.998294 -0.00134167 -0.0583766 -1.66166 0.00181092 0.999967 0.00798616 -0.504116 0.0583639 -0.00807825 0.998263 30.1573
0.998255 -0.00938614 -0.058304 -1.71412 0.00984066 0.999923 0.00751344 -0.519598 0.058229 -0.00807408 0.998271 31.1364
0.998182 -0.010561 -0.0593428 -1.77174 0.0107884 0.999936 0.00351287 -0.530615 0.0593018 -0.0041467 0.998232 32.1262
0.99809 -0.0104294 -0.0608977 -1.83257 0.0104387 0.999946 -0.000165244 -0.544375 0.0608961 -0.000470764 0.998144 33.0991
0.997999 -0.0098518 -0.0624599 -1.89938 0.00982119 0.999951 -0.000796988 -0.555578 0.0624648 0.000181961 0.998047 34.0786
0.997945 -0.0118698 -0.0629688 -1.9692 0.0119311 0.999929 0.000597453 -0.577041 0.0629572 -0.00134751 0.998015 35.0887
0.997838 -0.00932662 -0.0650541 -2.03944 0.00955081 0.99995 0.00313612 -0.585841 0.0650215 -0.00375066 0.997877 36.0898
0.99775 -0.00782933 -0.0665895 -2.108 0.00816445 0.999955 0.00476208 -0.603504 0.0665493 -0.00529504 0.997769 37.099
0.997684 -0.00758179 -0.0675894 -2.18198 0.00810392 0.999939 0.00745418 -0.612423 0.0675287 -0.00798466 0.997685 38.0841
0.997739 -0.00728683 -0.0668146 -2.25991 0.00799888 0.999914 0.0103957 -0.632425 0.0667331 -0.0109066 0.997711 39.0931
0.997755 -0.00227367 -0.0669345 -2.33518 0.00311296 0.999918 0.0124372 -0.63154 0.0669007 -0.0126177 0.99768 40.0972
0.997735 -0.00141337 -0.0672514 -2.40637 0.00225077 0.999921 0.0123777 -0.643666 0.0672286 -0.012501 0.997659 41.0782
0.9977 -0.00218786 -0.0677435 -2.47275 0.00291511 0.999939 0.0106384 -0.652595 0.0677161 -0.0108114 0.997646 42.0719
0.997713 0.00121336 -0.0675801 -2.54291 -0.000657091 0.999966 0.00825291 -0.663021 0.0675878 -0.00818964 0.99768 43.0644
0.99765 6.97945e-05 -0.0685155 -2.61527 0.000510689 0.999964 0.00845475 -0.671429 0.0685136 -0.00846987 0.997614 44.0427
0.997604 -0.00175393 -0.0691585 -2.68415 0.0024443 0.999948 0.00989909 -0.686135 0.0691376 -0.0100444 0.997557 45.0335
0.997581 -0.00144624 -0.0695057 -2.75704 0.00219113 0.999941 0.0106419 -0.696669 0.0694862 -0.0107684 0.997525 46.0348
0.9975 -0.00015458 -0.0706601 -2.83634 0.000719959 0.999968 0.00797598 -0.712329 0.0706566 -0.00800692 0.997469 47.0016
0.997505 0.00221987 -0.0705604 -2.91427 -0.00203037 0.999994 0.0027572 -0.721714 0.0705661 -0.00260706 0.997504 47.9771
0.997374 0.00273875 -0.0723727 -2.98792 -0.00259313 0.999994 0.00210587 -0.740102 0.072378 -0.00191266 0.997375 48.9413
0.997316 0.00134461 -0.0732068 -3.0641 -0.000973241 0.999987 0.0051083 -0.750415 0.0732127 -0.00502334 0.997304 49.9052
0.997345 -0.00210605 -0.072787 -3.13977 0.00277628 0.999955 0.00910818 -0.769303 0.0727645 -0.00928608 0.997306 50.9021
0.997275 -0.00304627 -0.0737093 -3.2101 0.00375819 0.999948 0.00952169 -0.777852 0.0736764 -0.00977276 0.997234 51.8478
0.997241 -0.0063189 -0.0739692 -3.28242 0.00696802 0.99994 0.00852074 -0.791848 0.0739109 -0.00901265 0.997224 52.8083
0.997266 -0.0088379 -0.0733668 -3.35031 0.00938684 0.99993 0.0071407 -0.810521 0.0732986 -0.00780986 0.99728 53.7782
0.997193 -0.00978474 -0.0742376 -3.41992 0.010432 0.999911 0.00833589 -0.819132 0.0741494 -0.00908693 0.997206 54.7158
0.997054 -0.0129443 -0.075602 -3.48652 0.0139235 0.999826 0.0124396 -0.826645 0.0754278 -0.0134556 0.997061 55.6815
0.996884 -0.0153206 -0.0773843 -3.55532 0.0167392 0.999703 0.017716 -0.840075 0.0770899 -0.0189561 0.996844 56.6224
0.996854 -0.0137565 -0.0780647 -3.63042 0.0153573 0.999683 0.0199424 -0.836257 0.0777656 -0.0210785 0.996749 57.5725
0.99681 -0.0137987 -0.0786105 -3.721 0.0151369 0.99975 0.0164533 -0.840269 0.0783638 -0.0175907 0.99677 58.5334
0.996745 -0.0106274 -0.0799207 -3.79429 0.011366 0.999897 0.00879264 -0.852371 0.079819 -0.00967239 0.996763 59.4229
0.996716 -0.0093512 -0.0804351 -3.87785 0.0096623 0.999947 0.00347934 -0.866687 0.0803983 -0.0042451 0.996754 60.3308
0.996691 -0.00360776 -0.081211 -3.9633 0.00396771 0.999983 0.00427143 -0.87539 0.0811942 -0.00457951 0.996688 61.2652
0.996684 -0.00217664 -0.0813369 -4.04737 0.00273864 0.999973 0.00679863 -0.891792 0.0813199 -0.00699884 0.996664 62.1345
0.99662 2.14474e-05 -0.0821498 -4.1317 0.000676378 0.999964 0.00846669 -0.907351 0.082147 -0.00849364 0.996584 63.0201
0.996478 0.00102008 -0.0838429 -4.20327 -0.000328447 0.999966 0.00826253 -0.921574 0.0838485 -0.00820589 0.996445 63.9066
0.996332 0.00235658 -0.085545 -4.28254 -0.00160957 0.99996 0.00880037 -0.932396 0.0855623 -0.00863039 0.996296 64.7443
0.996283 0.00351233 -0.0860689 -4.36419 -0.00273212 0.999954 0.00918102 -0.947282 0.0860972 -0.00891174 0.996247 65.5873
0.996134 0.00340209 -0.0877839 -4.43841 -0.00255237 0.999949 0.00979004 -0.958924 0.0878127 -0.00952813 0.996091 66.3938
0.996099 0.00363442 -0.0881736 -4.50985 -0.00269318 0.999938 0.0107913 -0.972758 0.0882074 -0.0105118 0.996047 67.1937
0.995953 0.0059584 -0.0896823 -4.59483 -0.00478664 0.9999 0.0132752 -0.981495 0.0897525 -0.0127922 0.995882 68.0331
0.995803 0.00701005 -0.0912505 -4.6735 -0.0054739 0.999839 0.0170738 -0.985622 0.0913556 -0.0165026 0.995682 68.803
0.995459 0.00896762 -0.0947678 -4.75373 -0.00718189 0.999791 0.0191675 -0.992778 0.0949199 -0.0183998 0.995315 69.5826
0.995272 0.0116983 -0.0964251 -4.83822 -0.0102112 0.999821 0.0159023 -1.00228 0.0965939 -0.0148425 0.995213 70.3432
0.995106 0.013004 -0.0979521 -4.91704 -0.0122537 0.999891 0.00825727 -1.01167 0.0980488 -0.00701658 0.995157 71.0634
0.995087 0.0118499 -0.0982897 -4.99169 -0.0116649 0.999929 0.00245668 -1.0249 0.0983118 -0.00129808 0.995155 71.7528
0.995127 0.0145911 -0.097519 -5.06697 -0.014559 0.999894 0.00104117 -1.03501 0.0975238 0.000383683 0.995233 72.4441
0.995032 0.0150684 -0.0984135 -5.14367 -0.0146972 0.999882 0.00449589 -1.0444 0.0984697 -0.00302715 0.995135 73.1244
0.994939 0.0146297 -0.0994079 -5.21566 -0.0140143 0.999878 0.00688607 -1.06256 0.0994965 -0.00545809 0.995023 73.7712
0.994941 0.0120778 -0.0997346 -5.27331 -0.0117661 0.999924 0.00371344 -1.07798 0.0997719 -0.00252117 0.995007 74.396
0.995105 0.00511085 -0.0986886 -5.32534 -0.00527322 0.999985 -0.0013845 -1.09642 0.09868 0.00189813 0.995118 75.0007
0.995219 0.00160474 -0.0976602 -5.37869 -0.00222743 0.999978 -0.00626737 -1.11147 0.097648 0.00645494 0.9952 75.5901
0.995483 0.0030033 -0.0948921 -5.43207 -0.00365806 0.999971 -0.00672688 -1.12737 0.0948691 0.00704362 0.995465 76.1689
0.99584 0.00818661 -0.0907489 -5.49175 -0.0086011 0.999954 -0.00417734 -1.13496 0.0907105 0.0049405 0.995865 76.7324
0.996316 0.00716736 -0.0854547 -5.54526 -0.00731178 0.999972 -0.00137716 -1.15418 0.0854424 0.00199691 0.996341 77.2822
0.99686 0.00300767 -0.0791237 -5.5757 -0.00277187 0.999991 0.0030899 -1.16741 0.0791323 -0.00286088 0.99686 77.813
0.997537 -0.00207632 -0.0701123 -5.6078 0.00254474 0.999975 0.00659246 -1.1846 0.0700968 -0.00675465 0.997517 78.3474
0.998275 0.00145753 -0.0586937 -5.63635 -0.00105154 0.999975 0.00694743 -1.19665 0.0587023 -0.00687372 0.998252 78.8563
0.99908 0.00618018 -0.0424295 -5.65991 -0.00590981 0.999961 0.0064946 -1.20258 0.042468 -0.00623788 0.999078 79.3402
0.999654 0.0107455 -0.024002 -5.67099 -0.010578 0.999919 0.00709558 -1.20718 0.0240763 -0.00683923 0.999687 79.8375
0.999945 0.00989014 -0.00345448 -5.65279 -0.00986211 0.999919 0.00803809 -1.21524 0.0035337 -0.00800358 0.999962 80.3135
0.999737 0.00565345 0.0222154 -5.62663 -0.00586026 0.99994 0.00925525 -1.22515 -0.0221617 -0.009383 0.99971 80.791
0.998648 0.00434457 0.0517972 -5.58368 -0.00490687 0.99993 0.0107336 -1.23184 -0.051747 -0.0109733 0.9986 81.2362
0.996383 0.00358208 0.0849023 -5.52317 -0.00462278 0.999917 0.0120643 -1.23762 -0.084852 -0.0124131 0.996316 81.6899
0.992387 0.00293732 0.123124 -5.44537 -0.00453144 0.99991 0.0126692 -1.24331 -0.123076 -0.0131307 0.99231 82.1356
0.986514 0.00303631 0.163649 -5.34383 -0.00525677 0.9999 0.0131371 -1.24692 -0.163593 -0.0138202 0.986431 82.5404
0.978123 0.0025583 0.208013 -5.22927 -0.00538364 0.999901 0.0130175 -1.25222 -0.20796 -0.0138526 0.978039 82.9641
0.966454 0.00425612 0.256804 -5.08872 -0.00736859 0.999911 0.011159 -1.25822 -0.256733 -0.0126769 0.966399 83.3747
0.950792 0.00456697 0.309798 -4.9276 -0.00774069 0.999929 0.00901602 -1.26767 -0.309735 -0.0109704 0.95076 83.7504
0.930782 0.00453474 0.365548 -4.74166 -0.00767744 0.999945 0.00714415 -1.27349 -0.365496 -0.00945611 0.930765 84.1349
0.906683 0.00463297 0.421788 -4.54273 -0.00767918 0.999955 0.00552367 -1.27784 -0.421743 -0.0082472 0.906678 84.4664
0.878389 0.00485419 0.477922 -4.31011 -0.00730733 0.999968 0.00327386 -1.27648 -0.477891 -0.00636805 0.878396 84.7791
0.846744 0.00277295 0.531994 -4.05024 -0.00454129 0.999988 0.00201579 -1.28893 -0.531982 -0.0041228 0.846746 85.0972
0.811339 0.00198314 0.584573 -3.8003 -0.00331018 0.999994 0.0012018 -1.29604 -0.584567 -0.00291011 0.81134 85.3655
0.772032 -8.51534e-05 0.635584 -3.51169 -0.00211986 0.999994 0.00270893 -1.307 -0.63558 -0.00343873 0.772027 85.645
0.729975 -0.000977498 0.683473 -3.23044 -0.00311321 0.999984 0.00475519 -1.30859 -0.683467 -0.00559897 0.72996 85.8777
0.684797 -0.00187481 0.728732 -2.92555 -0.00271006 0.999983 0.00511934 -1.31109 -0.728729 -0.00548062 0.68478 86.1067
0.637526 -0.00390736 0.770419 -2.58925 0.000725911 0.99999 0.00447099 -1.31833 -0.770429 -0.00229112 0.637522 86.3305
0.590994 -0.00685269 0.806647 -2.26872 0.00492999 0.999976 0.00488309 -1.3321 -0.806661 0.00109088 0.591013 86.4918
0.543092 -0.00518358 0.839658 -1.92065 0.00345671 0.999986 0.00393756 -1.33767 -0.839666 0.000763992 0.543102 86.6721
0.495885 -0.00232856 0.868385 -1.61083 -0.000107873 0.999996 0.00274307 -1.34038 -0.868388 -0.00145392 0.495883 86.8261
0.450676 0.000390042 0.892688 -1.26192 -0.00239181 0.999997 0.000770583 -1.34824 -0.892685 -0.00248242 0.450675 86.9639
0.410985 -0.00157922 0.911641 -0.898061 0.0045723 0.99999 -0.000329022 -1.3503 -0.911631 0.00430352 0.410988 87.0808
0.372442 -0.0103245 0.927998 -0.540055 0.0186366 0.99982 0.0036439 -1.36414 -0.927868 0.0159376 0.372568 87.1674
0.338321 -0.0147009 0.940916 -0.181115 0.0245296 0.999676 0.00679896 -1.36309 -0.940711 0.02078 0.338572 87.2587
0.306197 -0.0113118 0.951901 0.188823 0.0212178 0.999762 0.00505549 -1.37005 -0.951732 0.0186493 0.306364 87.3506
0.277044 -0.00292373 0.960853 0.550226 0.0105941 0.999944 -1.19121e-05 -1.3754 -0.960799 0.0101826 0.277059 87.4574
0.249734 0.00228937 0.968312 0.931882 0.0049111 0.999981 -0.00363085 -1.38813 -0.968302 0.00566222 0.249718 87.5488
0.224276 0.00369066 0.974519 1.33947 0.00628589 0.999967 -0.00523367 -1.40138 -0.974505 0.0072995 0.224245 87.6237
0.202753 0.00463391 0.979219 1.72459 0.014275 0.999869 -0.00768735 -1.40812 -0.979126 0.015537 0.20266 87.6826
0.182634 0.00997463 0.98313 2.12092 0.0207484 0.999687 -0.013997 -1.41402 -0.982962 0.0229547 0.18237 87.7222
0.162591 0.0171629 0.986544 2.54749 0.0203454 0.999578 -0.0207427 -1.41123 -0.986484 0.0234442 0.162174 87.7853
0.1454 0.0181898 0.989206 2.99115 0.0181608 0.999614 -0.0210505 -1.42216 -0.989206 0.0210255 0.145013 87.8479
0.128765 0.0139056 0.991578 3.43989 0.0183551 0.999697 -0.0164031 -1.43429 -0.991505 0.0203126 0.128471 87.9042
0.114366 0.0103016 0.993385 3.91776 0.0191224 0.999738 -0.012569 -1.4525 -0.993255 0.0204334 0.114139 87.9553
0.101998 0.00787139 0.994754 4.38398 0.0206271 0.999737 -0.0100258 -1.46729 -0.994571 0.0215415 0.101809 87.9962
0.0910295 0.0068355 0.995825 4.87437 0.0246409 0.999655 -0.00911424 -1.47932 -0.995543 0.0253676 0.0908296 88.0291
0.0808195 0.00703357 0.996704 5.37488 0.0279575 0.999566 -0.00932075 -1.49084 -0.996337 0.0286187 0.0805877 88.0561
0.074739 0.0074659 0.997175 5.90511 0.0297512 0.99951 -0.00971325 -1.50325 -0.996759 0.0303931 0.0744802 88.09
0.0695845 0.00770548 0.997546 6.45015 0.0317911 0.999445 -0.00993776 -1.51258 -0.997069 0.0324046 0.0693009 88.1299
0.0625865 0.00851786 0.998003 6.99675 0.032565 0.999414 -0.0105721 -1.5247 -0.997508 0.0331617 0.0622724 88.1687
0.0577743 0.00918332 0.998288 7.57335 0.0321261 0.999423 -0.011053 -1.53357 -0.997813 0.0327097 0.0574459 88.193
0.0526179 0.00909846 0.998573 8.19953 0.0350792 0.999325 -0.0109537 -1.54721 -0.997998 0.0356055 0.0522632 88.2216
0.0466019 0.00878527 0.998875 8.81899 0.0367946 0.999268 -0.0105054 -1.56212 -0.998236 0.0372428 0.0462445 88.2586
0.0440453 0.0084034 0.998994 9.44102 0.0375787 0.999243 -0.0100623 -1.57627 -0.998323 0.0379841 0.0436962 88.269
0.041179 0.00778097 0.999122 10.1041 0.0394807 0.999176 -0.0094086 -1.58808 -0.998371 0.0398334 0.0408379 88.2958
0.0409336 0.00685084 0.999138 10.7683 0.043161 0.999031 -0.00861836 -1.60351 -0.998229 0.0434766 0.0405982 88.3197
0.041084 0.00633876 0.999136 11.4722 0.0469895 0.998861 -0.0082692 -1.61783 -0.99805 0.0472886 0.0407393 88.3509
0.0433966 0.00624781 0.999039 12.1607 0.0485732 0.998785 -0.00835616 -1.63357 -0.997876 0.0488891 0.0430404 88.3755
0.0478531 0.00620506 0.998835 12.8874 0.050698 0.998677 -0.00863296 -1.64611 -0.997567 0.0510521 0.0474752 88.4114
0.0505447 0.00582728 0.998705 13.627 0.0511156 0.998657 -0.00841398 -1.65984 -0.997413 0.0514747 0.050179 88.4586
0.0551711 0.00433264 0.998468 14.3996 0.0526779 0.998585 -0.0072439 -1.6749 -0.997086 0.0529968 0.0548648 88.4891
0.0581906 0.00258915 0.998302 15.154 0.0526635 0.998596 -0.00565965 -1.6896 -0.996915 0.0529034 0.0579726 88.5377
0.0616862 0.000610388 0.998096 15.9637 0.0501957 0.998733 -0.00371307 -1.70192 -0.996833 0.0503291 0.0615774 88.6005
0.0656161 -0.000915419 0.997845 16.7547 0.0487777 0.998807 -0.00229122 -1.7175 -0.996652 0.0488229 0.0655825 88.654
0.0694275 -0.000299166 0.997587 17.5752 0.0470599 0.998888 -0.0029756 -1.73152 -0.996476 0.0471529 0.0693644 88.719
0.0731395 0.00378 0.997315 18.3591 0.0437284 0.999019 -0.00699334 -1.75276 -0.996363 0.0441224 0.0729024 88.7846
0.0738782 0.00917247 0.997225 19.18 0.0398041 0.999134 -0.0121389 -1.7684 -0.996473 0.0405905 0.0734491 88.8644
0.073317 0.0124752 0.997231 19.9841 0.0362354 0.999228 -0.0151642 -1.79465 -0.99665 0.0372469 0.0728084 88.929
0.073975 0.012135 0.997186 20.8044 0.0337899 0.999321 -0.0146676 -1.81517 -0.996688 0.0347798 0.0735148 88.9929
0.0733664 0.0103187 0.997252 21.6268 0.0322346 0.9994 -0.0127124 -1.84192 -0.996784 0.0330787 0.0729897 89.0601
0.0717543 0.00885617 0.997383 22.4204 0.0318506 0.99943 -0.0111658 -1.87036 -0.996914 0.0325684 0.0714314 89.1257
0.0720195 0.00808961 0.997371 23.2476 0.0300928 0.999494 -0.0102798 -1.89432 -0.996949 0.030754 0.0717396 89.189
0.0722031 0.00826514 0.997356 24.0557 0.0281611 0.99955 -0.010322 -1.92063 -0.996992 0.0288319 0.0719378 89.252
0.0739758 0.00885382 0.997221 24.8552 0.0255578 0.999615 -0.010771 -1.9456 -0.996933 0.0262836 0.073721 89.3181
0.0725515 0.010008 0.997315 25.6593 0.022387 0.999681 -0.0116603 -1.96997 -0.997113 0.0231729 0.0723043 89.3867
0.069428 0.0102057 0.997535 26.4708 0.0191474 0.99975 -0.0115611 -1.99669 -0.997403 0.0199029 0.0692152 89.4581
0.0657227 0.00876796 0.9978 27.2715 0.01658 0.999814 -0.00987775 -2.02168 -0.9977 0.0171927 0.0655651 89.5111
0.0613281 0.00665469 0.998096 28.0505 0.0145057 0.999866 -0.0075578 -2.04654 -0.998012 0.0149415 0.0612233 89.5678
0.0551363 0.00437075 0.998469 28.8855 0.0131419 0.999901 -0.00510272 -2.0667 -0.998392 0.0134032 0.0550734 89.6178
0.0484794 0.00425315 0.998815 29.6611 0.0118458 0.999918 -0.0048328 -2.0919 -0.998754 0.012066 0.048425 89.6606
0.0393478 0.00491414 0.999214 30.4861 0.011398 0.999921 -0.00536645 -2.11099 -0.999161 0.0116002 0.0392887 89.6931
0.0293788 0.00529108 0.999554 31.2718 0.0113746 0.99992 -0.00562733 -2.13327 -0.999504 0.0115348 0.0293163 89.7197
0.0200551 0.00442063 0.999789 32.0384 0.0119268 0.999918 -0.00466044 -2.15096 -0.999728 0.0120178 0.0200008 89.7329
0.010109 0.00345099 0.999943 32.8437 0.0115798 0.999927 -0.003568 -2.16925 -0.999882 0.0116152 0.0100683 89.7467
-0.000605611 0.00296554 0.999996 33.6214 0.0122392 0.999921 -0.00295791 -2.19308 -0.999925 0.0122373 -0.000641858 89.7435
-0.0131644 0.00264079 0.99991 34.3928 0.0123966 0.99992 -0.00247761 -2.21215 -0.999837 0.0123628 -0.0131961 89.737
-0.024933 0.00289209 0.999685 35.1929 0.0127572 0.999915 -0.00257458 -2.22954 -0.999608 0.012689 -0.0249677 89.7132
-0.0350578 0.0038142 0.999378 35.9654 0.0131486 0.999908 -0.00335498 -2.24947 -0.999299 0.0130228 -0.0351047 89.6926
-0.0475083 0.00498815 0.998859 36.7362 0.012853 0.999908 -0.00438207 -2.26927 -0.998788 0.0126301 -0.047568 89.6477
-0.0575383 0.00570803 0.998327 37.493 0.0139152 0.999891 -0.00491497 -2.28928 -0.998246 0.0136091 -0.0576115 89.61
-0.0669508 0.0058854 0.997739 38.2255 0.0149732 0.999876 -0.00489326 -2.30806 -0.997644 0.0146117 -0.0670306 89.553
-0.0767157 0.00633612 0.997033 38.9882 0.0144523 0.999882 -0.0052422 -2.32854 -0.996948 0.0140073 -0.0767982 89.4891
-0.0848336 0.00591876 0.996378 39.7142 0.0167076 0.99985 -0.00451687 -2.34798 -0.996255 0.0162639 -0.0849197 89.4246
-0.0926237 0.00499944 0.995689 40.4334 0.0188244 0.999817 -0.00326904 -2.36668 -0.995523 0.0184405 -0.0927009 89.3581
-0.0999281 0.00315916 0.99499 41.1417 0.0210888 0.999777 -0.00105638 -2.38589 -0.994771 0.0208776 -0.0999725 89.2912
-0.103322 0.00106864 0.994648 41.8464 0.0251298 0.999683 0.00153638 -2.40507 -0.994331 0.025154 -0.103316 89.2044
-0.105514 -0.000431795 0.994418 42.5606 0.0260938 0.999654 0.00320279 -2.42234 -0.994075 0.0262861 -0.105467 89.1257
-0.10833 -0.00113094 0.994115 43.2823 0.0266721 0.999636 0.00404372 -2.43551 -0.993757 0.0269532 -0.108261 89.0423
-0.109371 -0.000912966 0.994001 43.9519 0.0270942 0.999625 0.00389934 -2.44873 -0.993632 0.0273582 -0.109305 88.9726
-0.107909 0.000112785 0.994161 44.5983 0.0278186 0.999609 0.0029061 -2.4627 -0.993772 0.0279698 -0.10787 88.9016
-0.10532 0.00136212 0.994438 45.2418 0.0288059 0.999584 0.00168164 -2.47783 -0.994021 0.0288228 -0.105315 88.8374
-0.098919 0.00192882 0.995094 45.8525 0.0292214 0.999573 0.000967297 -2.49201 -0.994666 0.0291737 -0.098933 88.7897
-0.0926774 0.00251962 0.995693 46.4795 0.0285108 0.999594 0.000124244 -2.50527 -0.995288 0.0283995 -0.0927115 88.739
-0.081919 0.00259956 0.996636 47.0446 0.0274497 0.999623 -0.000351113 -2.51903 -0.996261 0.0273286 -0.0819595 88.698
-0.0691152 0.00264786 0.997605 47.6112 0.0270906 0.999633 -0.000776376 -2.53633 -0.997241 0.0269721 -0.0691615 88.672
-0.0524555 0.00410645 0.998615 48.1541 0.0265675 0.999643 -0.00271513 -2.55049 -0.99827 0.0263882 -0.0525459 88.6603
-0.031265 0.00643139 0.999491 48.69 0.0250839 0.999669 -0.00564789 -2.56918 -0.999196 0.0248946 -0.031416 88.6561
-0.00548611 0.00955672 0.999939 49.2056 0.0232783 0.999685 -0.00942657 -2.58387 -0.999714 0.0232252 -0.00570684 88.6728
0.0220375 0.011425 0.999692 49.7186 0.0210948 0.999707 -0.0118902 -2.59837 -0.999535 0.0213504 0.02179 88.7124
0.0557675 0.0109435 0.998384 50.2411 0.0201734 0.999723 -0.012085 -2.61583 -0.99824 0.0208148 0.0555313 88.7569
0.0940381 0.00863115 0.995531 50.7524 0.0188975 0.999767 -0.0104529 -2.63049 -0.995389 0.0197961 0.093853 88.8364
0.137316 0.00480687 0.990516 51.2655 0.0174055 0.999822 -0.00726498 -2.64781 -0.990374 0.018238 0.137208 88.9369
0.182908 0.000355925 0.98313 51.7622 0.015186 0.99988 -0.0031873 -2.66341 -0.983013 0.0155128 0.182881 89.0688
0.228421 -0.00290654 0.973558 52.2325 0.0115145 0.999934 0.0002837 -2.67703 -0.973494 0.0111452 0.228439 89.237
0.279303 -0.00462434 0.960192 52.7103 0.00879783 0.999959 0.00225673 -2.68825 -0.960163 0.00781729 0.279332 89.413
0.333373 -0.00454706 0.942784 53.1693 0.00831842 0.999964 0.0018814 -2.69433 -0.942758 0.00721527 0.333398 89.6182
0.392535 -0.00431684 0.919727 53.6131 0.0102447 0.999948 0.000320982 -2.71215 -0.91968 0.00929631 0.392558 89.843
0.451399 -0.00100293 0.892322 54.0167 0.0121897 0.999913 -0.00504256 -2.72409 -0.892239 0.0131534 0.451372 90.0806
0.510373 0.00243826 0.85995 54.4068 0.0140015 0.99984 -0.0111447 -2.73939 -0.859839 0.0177285 0.510257 90.3733
0.566825 0.00697392 0.823809 54.7632 0.0106635 0.999818 -0.015801 -2.75031 -0.823769 0.0177411 0.566647 90.6706
0.62182 0.0101003 0.783096 55.1047 0.00727031 0.999799 -0.0186684 -2.75989 -0.783127 0.0173017 0.621621 91.0161
0.673785 0.0113582 0.73884 55.4152 0.00613098 0.999762 -0.0209605 -2.77538 -0.738902 0.0186526 0.673554 91.3622
0.721834 0.0099878 0.691994 55.7064 0.00621501 0.999762 -0.0209129 -2.7895 -0.692038 0.0193964 0.7216 91.7112
0.766817 0.00595108 0.641839 55.9744 0.00522687 0.999866 -0.0155153 -2.80758 -0.641845 0.0152522 0.766683 92.1236
0.808247 0.00150369 0.588841 56.2185 0.00508896 0.999942 -0.00953863 -2.81858 -0.588821 0.0107062 0.808192 92.5278
0.844998 -0.00140461 0.534768 56.418 0.00379746 0.999987 -0.0033739 -2.83111 -0.534756 0.0048817 0.844992 92.9324
0.876443 -0.00354856 0.481492 56.6107 0.00258988 0.999993 0.0026556 -2.83664 -0.481498 -0.00108048 0.876447 93.3844
0.902465 -0.00389551 0.430745 56.7764 0.000384436 0.999966 0.0082379 -2.84898 -0.430763 -0.00726883 0.902436 93.8258
0.922671 -0.00163213 0.385585 56.9115 -0.00299825 0.999931 0.0114071 -2.86166 -0.385577 -0.0116811 0.922602 94.268
0.938694 0.00383464 0.344732 57.0443 -0.00887775 0.999875 0.0130517 -2.86108 -0.344639 -0.015312 0.938611 94.752
0.950799 0.00929804 0.309668 57.1529 -0.0138662 0.999825 0.012554 -2.8651 -0.309497 -0.0162302 0.950762 95.2038
0.960438 0.0113674 0.278261 57.268 -0.0150812 0.999824 0.0112096 -2.8546 -0.278085 -0.0149626 0.96044 95.691
0.966596 0.00661027 0.25622 57.3865 -0.0100445 0.999876 0.0120972 -2.86505 -0.256108 -0.0142667 0.966543 96.1677
0.97053 0.00369416 0.240953 57.49 -0.00691379 0.999898 0.012518 -2.87005 -0.240882 -0.013815 0.970456 96.6539
0.973862 0.00734769 0.22702 57.6041 -0.0103892 0.999872 0.0122055 -2.87153 -0.226901 -0.0142451 0.973814 97.1649
0.975776 0.0129237 0.218391 57.6905 -0.0159672 0.999798 0.0121767 -2.8666 -0.21819 -0.0153688 0.975785 97.6552
0.977194 0.0190051 0.211499 57.7847 -0.0218394 0.9997 0.011073 -2.86705 -0.211225 -0.0154395 0.977316 98.1703
0.977488 0.0263089 0.209343 57.8797 -0.0284718 0.999568 0.00732474 -2.86877 -0.20906 -0.0131202 0.977815 98.6921
0.977733 0.0276822 0.208019 57.9898 -0.0293535 0.999557 0.00495103 -2.87825 -0.20779 -0.0109469 0.978112 99.2292
0.977254 0.0260005 0.210473 58.1119 -0.0268965 0.999637 0.00139543 -2.88471 -0.21036 -0.00702468 0.977599 99.7797
0.976363 0.0250847 0.214679 58.2379 -0.0246474 0.999685 -0.0047142 -2.89284 -0.21473 -0.000688516 0.976673 100.321
0.975353 0.0267145 0.219027 58.3655 -0.0253346 0.999638 -0.0091066 -2.90119 -0.219191 0.00333318 0.975676 100.874
0.97435 0.0302349 0.222998 58.496 -0.0289933 0.999541 -0.00884035 -2.90788 -0.223163 0.00214815 0.974779 101.465
0.972906 0.0327629 0.228868 58.6233 -0.0324502 0.99946 -0.00513065 -2.91436 -0.228912 -0.00243516 0.973444 102.048
0.971815 0.0302988 0.233789 58.7728 -0.0310691 0.999517 -0.000387967 -2.92709 -0.233688 -0.00688659 0.972287 102.662
0.971077 0.0261693 0.237327 58.9305 -0.0281855 0.99959 0.00510567 -2.93638 -0.237096 -0.0116472 0.971417 103.271
0.970226 0.022744 0.241133 59.0854 -0.0259517 0.999612 0.010135 -2.94124 -0.240809 -0.0160911 0.970439 103.887
0.969607 0.0184588 0.243972 59.2514 -0.0217861 0.999703 0.0109466 -2.94638 -0.243698 -0.0159291 0.969721 104.541
0.969441 0.0154487 0.24484 59.4198 -0.018001 0.999804 0.00818994 -2.95151 -0.244665 -0.012347 0.969529 105.172
0.96967 0.0139374 0.244022 59.586 -0.0147059 0.999891 0.00132777 -2.96017 -0.243977 -0.00487606 0.969769 105.81
0.969716 0.0181542 0.243562 59.7463 -0.0174613 0.999835 -0.00500344 -2.96902 -0.243613 0.000598998 0.969872 106.459
0.970287 0.0217598 0.240978 59.9035 -0.0203458 0.999758 -0.00835431 -2.97746 -0.241101 0.00320318 0.970495 107.123
0.971049 0.0200439 0.23804 60.0758 -0.0195554 0.999799 -0.00441358 -2.98305 -0.238081 -0.000369163 0.971245 107.836
0.9713 0.0159945 0.237321 60.2464 -0.0171739 0.999848 0.00290317 -2.995 -0.237238 -0.00689558 0.971427 108.534
0.972101 0.0140737 0.234141 60.4157 -0.0164572 0.999831 0.00822902 -3.00675 -0.233985 -0.0118527 0.972168 109.257
0.972415 0.018508 0.232523 60.5773 -0.0210221 0.999744 0.0083387 -3.01593 -0.23231 -0.0129968 0.972555 109.976
0.972806 0.0238794 0.230389 60.7339 -0.0254605 0.999668 0.00389175 -3.0185 -0.23022 -0.00965173 0.973091 110.699
0.973555 0.0259803 0.226972 60.9085 -0.0263609 0.999652 -0.0013547 -3.02842 -0.226928 -0.0046643 0.9739 111.464
0.974558 0.0258482 0.22264 61.0745 -0.0255747 0.999664 -0.004112 -3.03223 -0.222671 -0.00168656 0.974892 112.218
0.975436 0.0228392 0.219094 61.243 -0.0227568 0.999737 -0.00290026 -3.04296 -0.219103 -0.00215685 0.975699 112.964
0.976392 0.0195467 0.21512 61.4226 -0.019875 0.999802 -0.000637071 -3.0599 -0.21509 -0.00365348 0.976587 113.763
0.976838 0.0169996 0.213305 61.5944 -0.0178499 0.999839 0.0020612 -3.07196 -0.213235 -0.00582094 0.976984 114.563
0.977073 0.0137121 0.212463 61.7658 -0.0149414 0.99988 0.0041815 -3.07698 -0.21238 -0.00726012 0.97716 115.347
0.977278 0.0101975 0.211715 61.9411 -0.011718 0.999914 0.0059284 -3.09033 -0.211636 -0.00827456 0.977314 116.152
0.977414 0.00939002 0.211123 62.1126 -0.0112099 0.99991 0.0074248 -3.09615 -0.211034 -0.00962377 0.977431 116.953
0.977291 0.0144307 0.211411 62.2856 -0.0160342 0.999854 0.00587201 -3.10686 -0.211296 -0.00912846 0.97738 117.786
0.977023 0.0207394 0.212123 62.4479 -0.0218036 0.999759 0.00267875 -3.11543 -0.212017 -0.00724226 0.977239 118.598
0.976629 0.0291975 0.212938 62.6141 -0.0301654 0.999544 0.00129719 -3.12556 -0.212804 -0.00769025 0.977065 119.404
0.975875 0.0348837 0.215527 62.7876 -0.0362078 0.999342 0.00219699 -3.13514 -0.215308 -0.00994772 0.976496 120.257
0.975123 0.0366466 0.218614 62.9594 -0.0383587 0.999258 0.00359088 -3.14384 -0.21832 -0.0118873 0.975805 121.074
0.974482 0.037305 0.221344 63.1464 -0.0389317 0.999237 0.00298952 -3.15781 -0.221064 -0.0115305 0.975191 121.919
0.97409 0.0380045 0.222947 63.3292 -0.0392574 0.999228 0.00118925 -3.17028 -0.22273 -0.00991076 0.97483 122.746
0.974002 0.0300522 0.224537 63.531 -0.0311376 0.999514 0.00129338 -3.18492 -0.224389 -0.00825129 0.974465 123.579
0.974274 0.0243976 0.224043 63.7322 -0.0253301 0.999678 0.00128841 -3.20054 -0.223939 -0.00693029 0.974578 124.408
0.974018 0.0221884 0.225382 63.9255 -0.0230745 0.999733 0.00129802 -3.2209 -0.225293 -0.00646488 0.97427 125.257
0.973457 0.0254771 0.227446 64.111 -0.0270547 0.999627 0.00382081 -3.23062 -0.227264 -0.00987288 0.973783 126.083
0.973236 0.0276475 0.22814 64.3007 -0.0305881 0.999488 0.00936302 -3.24099 -0.227765 -0.0160908 0.973583 126.923
0.972921 0.0296789 0.229227 64.491 -0.0335517 0.999352 0.0130154 -3.24865 -0.228692 -0.0203539 0.973286 127.766
0.972677 0.0294018 0.230294 64.6827 -0.031868 0.999468 0.00699605 -3.26019 -0.229965 -0.0141439 0.973096 128.607
0.972795 0.0253827 0.230272 64.8822 -0.0244514 0.999677 -0.00689763 -3.27748 -0.230372 0.00107953 0.973102 129.41
0.972982 0.0241397 0.229614 65.0736 -0.0213475 0.999665 -0.0146372 -3.30564 -0.22989 0.00934006 0.973172 130.219
0.973086 0.0225855 0.229332 65.2697 -0.0215308 0.999743 -0.00710046 -3.31454 -0.229433 0.00197167 0.973323 131.061
0.9736 0.0143487 0.227811 65.4686 -0.0177976 0.999756 0.0130924 -3.32397 -0.227568 -0.0168013 0.973617 131.904
0.973888 0.00688683 0.226924 65.6675 -0.014008 0.999458 0.0297861 -3.3361 -0.226596 -0.0321871 0.973457 132.761
0.973979 0.0125119 0.226292 65.8461 -0.0184 0.999544 0.0239291 -3.33921 -0.225889 -0.0274702 0.973766 133.552
0.974161 0.0238535 0.224593 66.0207 -0.0265327 0.999608 0.00891835 -3.34969 -0.224292 -0.014647 0.974412 134.361
0.974272 0.02523 0.223959 66.1951 -0.0259516 0.999663 0.000278665 -3.34465 -0.223877 -0.0060836 0.974599 135.164
0.974984 0.0207883 0.221302 66.3797 -0.0211773 0.999776 -0.000614874 -3.36176 -0.221265 -0.00408709 0.975205 135.975
0.975534 0.0180752 0.219106 66.5577 -0.01875 0.999824 0.00100055 -3.38188 -0.21905 -0.00508431 0.975701 136.77
0.976238 0.0193617 0.215836 66.7336 -0.0198813 0.999802 0.000236422 -3.39814 -0.215789 -0.0045219 0.97643 137.601
0.977322 0.0219923 0.210613 66.8962 -0.0222328 0.999752 -0.00122623 -3.41167 -0.210588 -0.0034841 0.977569 138.383
0.977816 0.0249591 0.207976 67.0584 -0.0251615 0.999682 -0.00167239 -3.43258 -0.207951 -0.0035977 0.978133 139.189
0.978087 0.0330967 0.20555 67.2074 -0.033492 0.999438 -0.00155669 -3.44251 -0.205485 -0.00536169 0.978646 140.002
0.978444 0.0345664 0.2036 67.3585 -0.0354561 0.999371 0.000722695 -3.4591 -0.203447 -0.00792598 0.979054 140.783
0.978705 0.0312205 0.202882 67.5236 -0.0329042 0.999446 0.00493029 -3.47411 -0.202616 -0.011501 0.979191 141.591
0.979132 0.0303629 0.200945 67.6814 -0.0321267 0.999469 0.00552145 -3.49012 -0.20067 -0.0118619 0.979587 142.386
0.979626 0.0290249 0.198723 67.8382 -0.0301877 0.99954 0.00282324 -3.50225 -0.19855 -0.00876471 0.980052 143.183
0.980683 0.0245865 0.194055 67.995 -0.0250044 0.999687 -0.000295701 -3.51886 -0.194002 -0.00456225 0.980991 143.972
0.982025 0.0231285 0.187329 68.147 -0.0232205 0.999729 -0.0017038 -3.53037 -0.187317 -0.00267668 0.982296 144.754
0.983274 0.0210699 0.18091 68.2915 -0.0219581 0.999755 0.00290825 -3.53916 -0.180804 -0.00683205 0.983495 145.558
0.984329 0.0165801 0.17556 68.4229 -0.0189318 0.999752 0.0117289 -3.55083 -0.175322 -0.0148688 0.984399 146.344
0.985137 0.0162047 0.171004 68.5584 -0.0201962 0.999562 0.0216278 -3.56452 -0.170579 -0.02476 0.985033 147.157
0.985758 0.0182186 0.167183 68.685 -0.0225785 0.999452 0.0242148 -3.56073 -0.16665 -0.0276447 0.985629 147.934
0.986532 0.0229382 0.161951 68.8047 -0.0264546 0.999458 0.0195895 -3.5563 -0.161414 -0.0236101 0.986604 148.728
0.987604 0.0243572 0.155066 68.9221 -0.0262183 0.999607 0.00996794 -3.56874 -0.154763 -0.0139099 0.987854 149.512
0.988643 0.0234423 0.148445 69.034 -0.0242982 0.999697 0.00395502 -3.56721 -0.148308 -0.00751706 0.988913 150.292
0.989634 0.0225392 0.141832 69.1401 -0.023494 0.999711 0.00506066 -3.57681 -0.141677 -0.00834039 0.989878 151.114
0.990666 0.024833 0.134033 69.2365 -0.0261926 0.999622 0.00838961 -3.58564 -0.133774 -0.011822 0.990941 151.914
0.991533 0.0302722 0.126278 69.3152 -0.0314286 0.99948 0.00717507 -3.59613 -0.125995 -0.011083 0.991969 152.716
0.992598 0.035506 0.116138 69.3978 -0.0359213 0.999354 0.00148416 -3.60481 -0.11601 -0.00564499 0.993232 153.531
0.993648 0.0339459 0.107288 69.4892 -0.0340532 0.99942 -0.000831777 -3.61762 -0.107254 -0.002827 0.994228 154.34
0.994416 0.0341274 0.0998567 69.5552 -0.0344567 0.999405 0.00157425 -3.6262 -0.0997435 -0.00500619 0.995001 155.153
0.995118 0.0362625 0.0917919 69.6209 -0.0371836 0.999274 0.00834356 -3.6364 -0.0914226 -0.011716 0.995743 155.994
0.995721 0.0383911 0.0840653 69.6723 -0.0397715 0.999099 0.0148073 -3.6436 -0.0834211 -0.0180874 0.99635 156.827
0.996413 0.038122 0.0755578 69.7311 -0.0396071 0.999049 0.0182541 -3.64814 -0.07479 -0.0211813 0.996974 157.647
0.996823 0.0384682 0.0697473 69.7804 -0.0399686 0.998996 0.0202446 -3.64955 -0.0688985 -0.0229679 0.997359 158.473
0.997092 0.0382033 0.0659394 69.8255 -0.0395102 0.999046 0.0186296 -3.65201 -0.0651647 -0.0211807 0.99765 159.305
0.997224 0.0429496 0.0608188 69.8615 -0.0438355 0.99895 0.0133079 -3.65667 -0.0601833 -0.015937 0.99806 160.125
0.997176 0.0489021 0.0569996 69.893 -0.0493918 0.998753 0.00721246 -3.65815 -0.0565758 -0.0100074 0.998348 160.938
0.997165 0.0517526 0.0546214 69.9211 -0.0520494 0.998636 0.00402332 -3.66536 -0.0543387 -0.00685492 0.998499 161.765
0.997313 0.0525624 0.0510212 69.9523 -0.0531478 0.998535 0.010185 -3.6718 -0.0504111 -0.0128693 0.998646 162.609
0.997334 0.0538818 0.0492145 69.9865 -0.0549118 0.998295 0.019822 -3.66578 -0.0480625 -0.0224716 0.998592 163.442
0.997503 0.0539208 0.0456228 70.0094 -0.0552466 0.998071 0.0283168 -3.66831 -0.0440079 -0.0307666 0.998557 164.28
0.997963 0.0492738 0.0405244 70.042 -0.0502993 0.998429 0.0246877 -3.66319 -0.0392443 -0.0266758 0.998874 165.09
0.998525 0.0410247 0.0355605 70.0761 -0.0416351 0.998995 0.0165998 -3.67562 -0.0348438 -0.0180559 0.99923 165.911
0.998806 0.0400117 0.0280198 70.0989 -0.0403289 0.999128 0.0108512 -3.67614 -0.0275612 -0.0119683 0.999549 166.715
0.99876 0.0451398 0.0210102 70.1047 -0.045398 0.998897 0.0119788 -3.6712 -0.0204463 -0.0129177 0.999708 167.537
0.999118 0.0396451 0.0138468 70.1109 -0.0398897 0.999044 0.0178621 -3.66856 -0.0131254 -0.0183986 0.999745 168.36
0.999439 0.0329214 0.00614446 70.1205 -0.0330508 0.999205 0.0222996 -3.67237 -0.00540543 -0.0224902 0.999733 169.2
0.99966 0.0260761 0.000278997 70.1213 -0.0260745 0.999322 0.0260107 -3.66081 0.000399449 -0.0260091 0.999662 170.025
0.999764 0.0209714 -0.00577433 70.1197 -0.0208101 0.999427 0.0267034 -3.66494 0.00633102 -0.0265769 0.999627 170.867
0.999776 0.0168763 -0.0127895 70.1095 -0.0166137 0.999655 0.0203674 -3.66808 0.0131288 -0.0201504 0.999711 171.691
0.999738 0.0112647 -0.0199329 70.0936 -0.0110631 0.999887 0.0101923 -3.66347 0.0200455 -0.00996915 0.999749 172.5
0.999642 0.00331526 -0.0265562 70.0844 -0.00315749 0.999977 0.00598069 -3.66586 0.0265754 -0.0058947 0.999629 173.326
0.999429 0.0049519 -0.0334218 70.0512 -0.00451176 0.999902 0.0132316 -3.66703 0.0334841 -0.0130733 0.999354 174.174
0.999169 0.0144264 -0.0381357 70.0002 -0.013429 0.999564 0.0262813 -3.66127 0.0384982 -0.0257473 0.998927 175.034
0.998896 0.0191868 -0.0428759 69.9468 -0.0177165 0.999251 0.0344131 -3.66226 0.043504 -0.0336155 0.998488 175.88
0.998751 0.0185762 -0.0463742 69.8951 -0.0171038 0.999343 0.031949 -3.65386 0.0469373 -0.031116 0.998413 176.715
0.998587 0.0209828 -0.048818 69.8461 -0.019947 0.999568 0.021609 -3.65633 0.0492503 -0.0206047 0.998574 177.561
0.998156 0.0313461 -0.0519806 69.7821 -0.0307613 0.999455 0.0120128 -3.6433 0.0523288 -0.0103917 0.998576 178.388
0.998058 0.0312663 -0.053881 69.7292 -0.0308452 0.999487 0.00862864 -3.64454 0.0541231 -0.00694991 0.99851 179.243
0.99812 0.0254079 -0.0557742 69.6796 -0.0246952 0.999605 0.0134309 -3.65394 0.0560934 -0.0120283 0.998353 180.089
0.998152 0.0237829 -0.0559142 69.6284 -0.0226015 0.99951 0.0216666 -3.65011 0.0564021 -0.0203628 0.998201 180.939
0.998117 0.0257204 -0.0556781 69.5758 -0.02422 0.99933 0.027456 -3.64413 0.0563469 -0.0260558 0.998071 181.82
0.998023 0.0254862 -0.0574523 69.5178 -0.0239748 0.999352 0.0268448 -3.64439 0.0580992 -0.0254144 0.997987 182.656
0.998003 0.0206828 -0.0596885 69.4639 -0.0196511 0.999648 0.0178213 -3.64014 0.0600361 -0.0166128 0.998058 183.501
0.997972 0.01333 -0.0622518 69.4264 -0.012902 0.99989 0.00727149 -3.64851 0.0623419 -0.00645356 0.998034 184.319
0.997941 0.00335635 -0.0640533 69.384 -0.00316455 0.99999 0.00309573 -3.65903 0.0640631 -0.00288665 0.997942 185.19
0.997866 0.00562355 -0.0650573 69.3252 -0.00515949 0.99996 0.00729889 -3.66232 0.0650957 -0.00694765 0.997855 186.029
0.997738 0.00959982 -0.0665342 69.2578 -0.00849864 0.999823 0.016814 -3.66295 0.0666838 -0.0162105 0.997643 186.896
0.997667 0.010631 -0.0674352 69.192 -0.00924797 0.999741 0.0207877 -3.66877 0.0676387 -0.0201156 0.997507 187.727
0.997592 0.0101006 -0.0686141 69.137 -0.00890079 0.999803 0.0177691 -3.67783 0.06878 -0.0171156 0.997485 188.565
0.997591 0.0110824 -0.0684735 69.0721 -0.0102654 0.999872 0.0122733 -3.68311 0.0686007 -0.0115408 0.997578 189.404
0.99745 0.0175078 -0.069193 68.9996 -0.0167559 0.999794 0.0114326 -3.6787 0.0693789 -0.0102441 0.997538 190.245
0.99741 0.0196528 -0.0691838 68.9342 -0.0186963 0.999721 0.0144458 -3.686 0.0694484 -0.0131149 0.997499 191.07
0.997247 0.0240727 -0.0701315 68.8679 -0.0228804 0.999581 0.0177561 -3.69143 0.0705296 -0.0161025 0.99738 191.909
0.997093 0.0274726 -0.0710759 68.8011 -0.0260682 0.999448 0.0206119 -3.69335 0.0716029 -0.0186991 0.997258 192.752
0.997086 0.029847 -0.0702049 68.7295 -0.028496 0.999391 0.0201679 -3.69151 0.0707641 -0.0181085 0.997329 193.576
0.997053 0.0288194 -0.0711018 68.6661 -0.0276739 0.999472 0.0170434 -3.70326 0.0715555 -0.0150255 0.997324 194.381
0.996923 0.0310122 -0.0719922 68.6027 -0.0302575 0.999475 0.0115505 -3.70324 0.0723126 -0.00933669 0.997338 195.197
