1 8.43646e-10 -8.6433e-11 0 3.29294e-10 1 1.62786e-10 3.72529e-09 8.71194e-11 5.46116e-11 1 0
0.999992 -0.00387112 -0.00136942 -0.00358079 0.00386743 0.999989 -0.00268676 -0.0259006 0.0013798 0.00268145 0.999996 0.681476
0.999979 -0.00431523 -0.00494002 -0.00890339 0.00429389 0.999981 -0.0043228 -0.0413056 0.00495858 0.0043015 0.999979 1.3758
0.999949 -0.00479588 -0.00892705 -0.0166224 0.00475666 0.999979 -0.00440938 -0.0527488 0.00894801 0.00436669 0.99995 2.09244
0.999901 -0.00370052 -0.013568 -0.0315885 0.00363993 0.999983 -0.00448803 -0.0633788 0.0135844 0.0044382 0.999898 2.8258
0.999801 -0.00478894 -0.0193558 -0.0423489 0.00470443 0.999979 -0.00440946 -0.0768015 0.0193765 0.00431753 0.999803 3.56619
0.999678 -0.00324278 -0.0251843 -0.0649252 0.00311125 0.999981 -0.00526002 -0.0925017 0.0252009 0.00517997 0.999669 4.3348
0.999551 -0.000115573 -0.0299661 -0.100681 -5.51217e-05 0.999984 -0.00569544 -0.107372 0.0299662 0.00569453 0.999535 5.10353
0.999424 0.000921013 -0.0339247 -0.136843 -0.00108746 0.999988 -0.00488841 -0.116921 0.0339197 0.00492248 0.999413 5.89091
0.999245 0.000173295 -0.0388415 -0.171401 -0.000254186 0.999998 -0.00207769 -0.130164 0.0388411 0.002086 0.999243 6.696
0.999172 -0.000889992 -0.0406841 -0.207697 0.000913393 1 0.000556558 -0.147117 0.0406835 -0.000593257 0.999172 7.49941
0.999071 0.00056915 -0.0431056 -0.255026 -0.000545361 1 0.00056363 -0.160841 0.0431059 -0.000539599 0.99907 8.32539
0.998947 0.000324786 -0.0458901 -0.29398 -0.000339703 1 -0.000317265 -0.1702 0.04589 0.00033252 0.998947 9.14686
0.998849 -0.00179523 -0.0479419 -0.333104 0.00176216 0.999998 -0.00073207 -0.187733 0.0479431 0.000646746 0.99885 9.9845
0.998789 -0.00179073 -0.0491639 -0.379048 0.0017878 0.999998 -0.000103574 -0.200288 0.049164 1.55546e-05 0.998791 10.8219
0.998701 -0.00396476 -0.0508021 -0.424951 0.00393893 0.999992 -0.000608548 -0.216307 0.0508041 0.00040765 0.998709 11.6772
0.998593 -0.00208789 -0.0529851 -0.475127 0.00196488 0.999995 -0.00237357 -0.230199 0.0529898 0.00226612 0.998593 12.5394
0.998536 -0.000546837 -0.0540928 -0.529178 0.000258047 0.999986 -0.00534561 -0.249861 0.054095 0.00532382 0.998522 13.4112
0.998436 0.00308128 -0.0558229 -0.587778 -0.00346159 0.999972 -0.00671736 -0.263027 0.0558006 0.00690009 0.998418 14.2771
0.998364 0.00439917 -0.0570057 -0.645288 -0.00480173 0.999965 -0.00692679 -0.281163 0.0569732 0.00718918 0.99835 15.1735
0.998277 0.00368099 -0.0585717 -0.698866 -0.00401064 0.999977 -0.00551142 -0.301391 0.0585501 0.00573683 0.998268 16.0694
0.998215 0.00379476 -0.0595983 -0.757448 -0.00403576 0.999984 -0.00392399 -0.319029 0.0595824 0.00415751 0.998215 16.9568
0.998199 0.00398704 -0.0598587 -0.817159 -0.00422187 0.999984 -0.00379719 -0.342929 0.0598426 0.00404307 0.9982 17.8669
0.998109 0.00384955 -0.0613505 -0.880947 -0.00415052 0.99998 -0.00477906 -0.3577 0.0613309 0.00502466 0.998105 18.778
0.998047 0.00270124 -0.0624173 -0.939179 -0.00301427 0.999983 -0.00492152 -0.380081 0.062403 0.00510005 0.998038 19.689
0.997967 0.00260361 -0.0636882 -1.00062 -0.00282254 0.99999 -0.00334778 -0.398606 0.0636789 0.00352073 0.997964 20.6179
0.998016 0.00381703 -0.062853 -1.06786 -0.00380648 0.999993 0.000287502 -0.411918 0.0628536 -4.76832e-05 0.998023 21.547
0.998065 0.00437642 -0.0620227 -1.12623 -0.00412622 0.999983 0.00416138 -0.427994 0.0620399 -0.00389741 0.998066 22.4929
0.998113 0.00325827 -0.0613235 -1.18788 -0.00284971 0.999973 0.00674862 -0.438757 0.0613439 -0.00656113 0.998095 23.4447
0.998235 0.00235372 -0.0593347 -1.24646 -0.0018986 0.999968 0.00772565 -0.448697 0.059351 -0.00759936 0.998208 24.3729
0.99831 0.00304533 -0.058035 -1.30729 -0.00277355 0.999985 0.00476284 -0.462531 0.0580486 -0.00459382 0.998303 25.3382
0.998371 0.00470763 -0.0568626 -1.36717 -0.00470149 0.999989 0.000241701 -0.471415 0.0568631 2.60316e-05 0.998382 26.2775
0.998438 0.00363568 -0.0557577 -1.42509 -0.00380796 0.999988 -0.0029839 -0.485509 0.0557462 0.00319156 0.99844 27.2471
0.998485 0.00193236 -0.0549891 -1.47424 -0.00202697 0.999997 -0.0016649 -0.502526 0.0549857 0.00177384 0.998486 28.2125
0.998475 -0.00139331 -0.0551932 -1.52831 0.00156192 0.999994 0.00301197 -0.517682 0.0551887 -0.00309358 0.998471 29.1877
0.998382 -0.00523458 -0.0566273 -1.58126 0.00560521 0.999964 0.00638824 -0.529954 0.0565919 -0.00669531 0.998375 30.1594
0.99827 -0.0130689 -0.0573188 -1.63411 0.0134237 0.999893 0.0058093 -0.547712 0.0572367 -0.00656869 0.998339 31.1426
0.998221 -0.0145178 -0.0578338 -1.69327 0.0146627 0.99989 0.00208303 -0.559739 0.0577972 -0.00292733 0.998324 32.1226
0.998135 -0.0141694 -0.0593853 -1.74988 0.0140802 0.999899 -0.00192059 -0.575076 0.0594065 0.00108085 0.998233 33.0854
0.998037 -0.0137154 -0.0611084 -1.81725 0.0135755 0.999904 -0.00270499 -0.587431 0.0611396 0.00187011 0.998128 34.0677
0.997948 -0.0155634 -0.0621045 -1.8809 0.015536 0.999879 -0.000923963 -0.609169 0.0621113 -4.27886e-05 0.998069 35.0839
0.997849 -0.0135277 -0.0641421 -1.95474 0.0136418 0.999906 0.00134087 -0.62083 0.0641179 -0.002213 0.99794 36.0772
0.997775 -0.011731 -0.0656262 -2.02294 0.0119516 0.999924 0.00296977 -0.63931 0.0655864 -0.0037475 0.99784 37.0879
0.997716 -0.0120603 -0.0664628 -2.09789 0.0124515 0.999908 0.00547483 -0.648981 0.0663906 -0.00628988 0.997774 38.079
0.997759 -0.0114123 -0.0659368 -2.16873 0.0120003 0.999892 0.0085277 -0.672814 0.0658323 -0.00929984 0.997787 39.0869
0.997791 -0.00609286 -0.0661597 -2.24958 0.0068015 0.999922 0.0104912 -0.674621 0.0660906 -0.010918 0.997754 40.0886
0.997775 -0.00545618 -0.0664485 -2.31852 0.00613297 0.999931 0.00998549 -0.689085 0.0663895 -0.0103708 0.99774 41.0823
0.997746 -0.00645378 -0.0667975 -2.38629 0.00704482 0.999938 0.00861651 -0.701031 0.0667378 -0.00906767 0.997729 42.0655
0.997777 -0.00296755 -0.0665788 -2.45303 0.0033779 0.999976 0.00605152 -0.71474 0.0665593 -0.00626296 0.997763 43.0641
0.997686 -0.00334457 -0.0679093 -2.52061 0.0037802 0.999973 0.00628727 -0.726938 0.0678865 -0.00652943 0.997672 44.0433
0.997578 -0.00594981 -0.0693003 -2.59261 0.00647335 0.999952 0.00733262 -0.74192 0.0692533 -0.00776346 0.997569 45.032
0.997505 -0.00557314 -0.0703721 -2.66676 0.00618033 0.999946 0.00841348 -0.754597 0.0703214 -0.00882741 0.997485 46.0323
0.997443 -0.00412207 -0.0713519 -2.74642 0.00455087 0.999973 0.00584813 -0.775136 0.0713258 -0.00615789 0.997434 46.9951
0.997425 -0.00174015 -0.0717026 -2.8284 0.00179601 0.999998 0.000714634 -0.786842 0.0717013 -0.000841573 0.997426 47.9751
0.997414 -0.00154905 -0.0718548 -2.90471 0.0015342 0.999999 -0.000261834 -0.805244 0.0718551 0.000150916 0.997415 48.9532
0.997353 -0.00294585 -0.0726508 -2.97371 0.00315822 0.999991 0.00280834 -0.817471 0.0726418 -0.00303035 0.997354 49.915
0.997321 -0.00614378 -0.0728844 -3.04859 0.00662883 0.999958 0.00641512 -0.840234 0.0728419 -0.00688108 0.99732 50.9082
0.997232 -0.0070487 -0.0740138 -3.12234 0.00759419 0.999946 0.00709118 -0.850935 0.0739598 -0.00763363 0.997232 51.8589
0.997158 -0.0104349 -0.0746103 -3.19471 0.0109102 0.999923 0.00596521 -0.866379 0.0745423 -0.00676227 0.997195 52.8157
0.997168 -0.0133023 -0.0740285 -3.2623 0.0136763 0.999896 0.00454749 -0.888474 0.0739603 -0.00554705 0.997246 53.784
0.997078 -0.0139978 -0.0751004 -3.33103 0.0144454 0.999881 0.00541918 -0.900335 0.0750156 -0.0064882 0.997161 54.7214
0.996946 -0.0170442 -0.0762067 -3.3997 0.0178541 0.999791 0.00995904 -0.910619 0.076021 -0.0112892 0.997042 55.6816
0.996819 -0.0195933 -0.077255 -3.47234 0.0207971 0.999674 0.014808 -0.927104 0.0769396 -0.0163676 0.996902 56.6291
0.996795 -0.0182971 -0.0778735 -3.54502 0.0196704 0.999664 0.0169046 -0.924607 0.077538 -0.0183822 0.99682 57.5801
0.996644 -0.0174166 -0.0799907 -3.63203 0.0185685 0.999734 0.0136792 -0.932883 0.0797311 -0.0151186 0.996702 58.5321
0.996582 -0.0146831 -0.0812946 -3.71003 0.0152233 0.999866 0.0060292 -0.945624 0.0811952 -0.00724617 0.996672 59.427
0.996512 -0.0131848 -0.0823983 -3.79321 0.0132934 0.999911 0.000769423 -0.963584 0.0823808 -0.00186209 0.996599 60.3327
0.996476 -0.00853578 -0.083442 -3.88599 0.00865961 0.999962 0.00112228 -0.970728 0.0834292 -0.0018409 0.996512 61.2462
0.996432 -0.00564072 -0.084214 -3.96705 0.00596379 0.999976 0.00358521 -0.995435 0.0841917 -0.00407465 0.996441 62.139
0.996389 -0.00419795 -0.0848074 -4.05381 0.00467909 0.999974 0.00547537 -1.01145 0.0847823 -0.00585242 0.996382 63.021
0.996341 -0.00297339 -0.0854179 -4.12995 0.00342764 0.999981 0.0051718 -1.02962 0.0854009 -0.00544566 0.996332 63.8908
0.9962 -0.00156305 -0.0870778 -4.2093 0.00206562 0.999982 0.00568179 -1.04317 0.0870674 -0.00584007 0.996185 64.7275
0.996118 -0.000536927 -0.0880316 -4.2957 0.00108576 0.99998 0.0061867 -1.06051 0.0880265 -0.00625826 0.996099 65.6027
0.995981 -0.000464165 -0.0895678 -4.36971 0.00107253 0.999977 0.00674425 -1.07622 0.0895626 -0.0068132 0.995958 66.4145
0.995837 -0.000450337 -0.0911508 -4.44164 0.00115025 0.99997 0.0076263 -1.0919 0.0911446 -0.0076994 0.995808 67.2171
0.995677 0.0017366 -0.0928629 -4.52599 -0.000791172 0.999948 0.0102167 -1.10221 0.0928757 -0.0100991 0.995627 68.042
0.995613 0.00317628 -0.0935156 -4.61152 -0.00187526 0.9999 0.0139969 -1.11004 0.0935507 -0.0137601 0.995519 68.825
0.995334 0.00478968 -0.0963736 -4.68854 -0.00327492 0.999869 0.0158696 -1.1185 0.096437 -0.0154799 0.995219 69.586
0.995199 0.00793188 -0.0975486 -4.77704 -0.00677138 0.999902 0.012222 -1.13198 0.097636 -0.0115028 0.995156 70.34
0.99497 0.00917097 -0.0997498 -4.85248 -0.00874569 0.999951 0.00469996 -1.14294 0.099788 -0.00380394 0.995001 71.0636
0.99487 0.00814842 -0.100832 -4.93475 -0.0082964 0.999965 -0.00104841 -1.16027 0.100819 0.00187957 0.994903 71.7746
0.994833 0.0102061 -0.101011 -5.00728 -0.0105323 0.999941 -0.00269682 -1.17097 0.100978 0.00374677 0.994882 72.4545
0.994751 0.0114351 -0.101682 -5.08582 -0.0113738 0.999935 0.00118251 -1.18455 0.101689 -1.9786e-05 0.994816 73.1313
0.994629 0.0105829 -0.102961 -5.15536 -0.0102958 0.999942 0.00331887 -1.20398 0.10299 -0.00224097 0.99468 73.7741
0.99465 0.00804862 -0.102992 -5.21809 -0.00809419 0.999967 -2.45351e-05 -1.22116 0.102988 0.00085804 0.994682 74.3987
0.994676 0.000917147 -0.103049 -5.27541 -0.00144957 0.999986 -0.00509192 -1.24355 0.103043 0.00521419 0.994663 75.0115
0.994845 -0.00224367 -0.10138 -5.33235 0.00123177 0.999949 -0.0100428 -1.26339 0.101397 0.0098662 0.994797 75.6056
0.995191 -0.00057442 -0.0979515 -5.3901 -0.000424198 0.999948 -0.0101739 -1.27913 0.0979522 0.0101665 0.995139 76.1686
0.995584 0.00413493 -0.0937867 -5.44676 -0.00488696 0.999958 -0.00779022 -1.28882 0.0937505 0.00821415 0.995562 76.7348
0.996058 0.00408244 -0.0886132 -5.49775 -0.00453025 0.999978 -0.00485295 -1.3099 0.0885914 0.00523526 0.996054 77.2771
0.996548 -0.00121623 -0.0830151 -5.53229 0.00115864 0.999999 -0.000741927 -1.32447 0.083016 0.000643183 0.996548 77.8213
0.997196 -0.00635391 -0.0745638 -5.56721 0.00656954 0.999975 0.00264697 -1.34437 0.0745451 -0.00312939 0.997213 78.3532
0.99797 -0.00265017 -0.0636263 -5.59506 0.00284391 0.999992 0.00295462 -1.35924 0.063618 -0.00312957 0.997969 78.8586
0.998851 0.00204503 -0.0478821 -5.6238 -0.00193238 0.999995 0.00239877 -1.36703 0.0478868 -0.00230348 0.99885 79.3457
0.999564 0.00708821 -0.0286583 -5.63941 -0.00701205 0.999972 0.00275719 -1.37416 0.028677 -0.00255503 0.999586 79.8315
0.999961 0.00588508 -0.00653306 -5.63118 -0.0058613 0.999976 0.00365222 -1.38431 0.0065544 -0.00361379 0.999972 80.2958
0.999801 0.00236882 0.0198231 -5.59926 -0.00246721 0.999985 0.00494033 -1.39718 -0.0198111 -0.00498826 0.999791 80.7706
0.998772 0.000608382 0.0495353 -5.55937 -0.000934229 0.999978 0.00655521 -1.40577 -0.0495302 -0.00659344 0.998751 81.2097
0.996604 -0.00020956 0.0823451 -5.49894 -0.000471269 0.999966 0.00824848 -1.41417 -0.082344 -0.00825927 0.99657 81.6651
0.992714 -0.000585283 0.120491 -5.41983 -0.000510137 0.999959 0.00906025 -1.42078 -0.120492 -0.0090557 0.992673 82.1101
0.986909 -0.000663078 0.161278 -5.32151 -0.000889617 0.999954 0.00955507 -1.42493 -0.161276 -0.00957346 0.986863 82.5238
0.978487 -0.00122727 0.206307 -5.20423 -0.000795129 0.999953 0.00971969 -1.43127 -0.206309 -0.00967463 0.978439 82.9434
0.966951 0.000256201 0.254963 -5.06368 -0.00239375 0.999965 0.00807351 -1.43933 -0.254952 -0.008417 0.966917 83.3583
0.951793 0.00083854 0.306739 -4.90184 -0.00293634 0.999975 0.00637764 -1.44973 -0.306726 -0.00697088 0.951772 83.7331
0.932328 0.00070435 0.361612 -4.71713 -0.00253966 0.999986 0.0046001 -1.45678 -0.361604 -0.00520718 0.932317 84.1195
0.908757 0.00119298 0.417324 -4.52025 -0.0027188 0.999992 0.00306182 -1.46174 -0.417316 -0.00391707 0.908753 84.4481
0.880296 0.00137663 0.474423 -4.29806 -0.00220391 0.999997 0.00118769 -1.46028 -0.47442 -0.00209111 0.880296 84.775
0.846615 -0.000891907 0.532205 -4.04084 0.000897427 1 0.000248273 -1.47264 -0.532204 0.000267422 0.846616 85.0972
0.809068 -0.0017314 0.587713 -3.78574 0.00229231 0.999997 -0.000209691 -1.48101 -0.587711 0.00151687 0.80907 85.3694
0.7691 -0.00382026 0.639117 -3.49535 0.00364507 0.999992 0.00159095 -1.492 -0.639118 0.00110603 0.769108 85.6494
0.726712 -0.00468055 0.686927 -3.21226 0.00262901 0.999988 0.0040324 -1.49388 -0.686938 -0.00112446 0.726716 85.8848
0.681641 -0.00573165 0.731664 -2.90678 0.00319133 0.999983 0.00486044 -1.49588 -0.731679 -0.000978097 0.681648 86.1077
0.634942 -0.00757348 0.772523 -2.57236 0.00653324 0.999969 0.00443354 -1.50251 -0.772532 0.00223204 0.634972 86.3284
0.588412 -0.0103753 0.808495 -2.25262 0.0107574 0.99993 0.00500293 -1.51601 -0.80849 0.0057535 0.588482 86.488
0.538421 -0.0086796 0.842632 -1.91072 0.00938436 0.999947 0.00430367 -1.52103 -0.842624 0.00559037 0.538473 86.677
0.491636 -0.0055396 0.870783 -1.58468 0.00549687 0.99998 0.00325802 -1.5236 -0.870783 0.00318482 0.491657 86.8158
0.444695 -0.00419128 0.895672 -1.24066 0.00403151 0.999988 0.00267781 -1.53031 -0.895673 0.0024201 0.444706 86.9635
0.403883 -0.0059933 0.914791 -0.877555 0.0108247 0.99994 0.00177203 -1.53113 -0.914747 0.00918662 0.403923 87.0813
0.366608 -0.0146602 0.93026 -0.520529 0.0249372 0.999672 0.00592656 -1.5434 -0.930041 0.0210254 0.366853 87.1583
0.334049 -0.0189556 0.942365 -0.161643 0.0305001 0.999492 0.00929302 -1.54183 -0.942062 0.0256379 0.334457 87.2465
0.302196 -0.0156018 0.953118 0.204473 0.0270246 0.999604 0.00779428 -1.54774 -0.952863 0.0234023 0.302498 87.3423
0.272747 -0.00715703 0.962059 0.568555 0.0162468 0.999864 0.00283225 -1.55195 -0.961949 0.0148579 0.272826 87.438
0.245701 -0.00221236 0.969343 0.947749 0.0105662 0.999944 -0.000396037 -1.56281 -0.969288 0.0103396 0.24571 87.5276
0.21967 -0.000589479 0.975574 1.3638 0.0116673 0.99993 -0.00202293 -1.57486 -0.975505 0.0118267 0.219661 87.6015
0.198121 0.00032552 0.980178 1.74958 0.0195036 0.999801 -0.00427427 -1.58063 -0.979984 0.0199638 0.198075 87.6561
0.17983 0.00581145 0.983681 2.14488 0.0257239 0.999613 -0.0106083 -1.58552 -0.983361 0.0272118 0.179611 87.704
0.161429 0.013082 0.986798 2.56833 0.0256437 0.999519 -0.0174456 -1.58169 -0.986551 0.0281214 0.161015 87.7613
0.144539 0.0141031 0.989399 3.00244 0.0231105 0.999578 -0.0176243 -1.58952 -0.989229 0.0254129 0.144152 87.8204
0.128214 0.00981145 0.991698 3.45238 0.0233227 0.999645 -0.0129054 -1.60011 -0.991472 0.0247837 0.127939 87.8838
0.112669 0.00623203 0.993613 3.93086 0.0240803 0.99967 -0.00900057 -1.61725 -0.993341 0.0249406 0.112482 87.9257
0.0995423 0.00388228 0.995026 4.4144 0.0252175 0.999661 -0.00642313 -1.63084 -0.994714 0.0257314 0.0994107 87.9692
0.0877323 0.00285859 0.99614 4.90452 0.029476 0.999551 -0.00546439 -1.6419 -0.995708 0.0298416 0.0876086 88.0031
0.0791224 0.00314591 0.99686 5.40353 0.0322043 0.999465 -0.00571023 -1.65053 -0.996345 0.032555 0.0789787 88.0291
0.072323 0.00355398 0.997375 5.93011 0.0341362 0.999399 -0.00603652 -1.66096 -0.996797 0.0344832 0.0721583 88.0619
0.0659841 0.00362935 0.997814 6.48616 0.036004 0.999334 -0.00601577 -1.66808 -0.997171 0.0363222 0.0658095 88.1026
0.0576084 0.00444646 0.99833 7.02681 0.0369973 0.999294 -0.00658568 -1.67706 -0.997653 0.0373149 0.0574032 88.1459
0.0534338 0.00534546 0.998557 7.62396 0.036597 0.999303 -0.0073078 -1.68572 -0.997901 0.0369347 0.0532009 88.1589
0.0491303 0.0053086 0.998778 8.23162 0.0395541 0.999191 -0.00725647 -1.69525 -0.998009 0.0398623 0.0488806 88.18
0.0467289 0.00503496 0.998895 8.83936 0.0407541 0.999145 -0.00694272 -1.70754 -0.998076 0.0410335 0.0464837 88.2087
0.0428898 0.00477752 0.999069 9.46043 0.0422485 0.999085 -0.00659132 -1.71966 -0.998186 0.0424918 0.0426487 88.2383
0.0401439 0.00410542 0.999186 10.1233 0.0442012 0.999005 -0.00588054 -1.73016 -0.998216 0.0444013 0.0399225 88.2615
0.0392552 0.00327071 0.999224 10.8031 0.047691 0.998849 -0.00514306 -1.74549 -0.998091 0.0478559 0.0390541 88.2846
0.0398113 0.00277173 0.999204 11.4866 0.0510387 0.998685 -0.00480382 -1.75618 -0.997903 0.0511893 0.0396175 88.3053
0.0430947 0.00291982 0.999067 12.1629 0.0527976 0.998592 -0.00519585 -1.76852 -0.997675 0.0529722 0.0428798 88.3333
0.0471015 0.00270201 0.998887 12.8942 0.0546923 0.998489 -0.00527989 -1.7799 -0.997392 0.0548801 0.0468826 88.3692
0.0508099 0.00225376 0.998706 13.6304 0.0554789 0.998447 -0.00507571 -1.79063 -0.997166 0.055665 0.050606 88.4082
0.0553159 0.000855903 0.998469 14.3735 0.057167 0.998357 -0.0040229 -1.80313 -0.996831 0.0573019 0.0551761 88.4437
0.0589125 -0.000684667 0.998263 15.1381 0.0568373 0.99838 -0.00266951 -1.81532 -0.996644 0.0568958 0.058856 88.4902
0.0620329 -0.00270468 0.998071 15.9241 0.0543863 0.99852 -0.000674363 -1.82494 -0.996591 0.0543232 0.0620882 88.5518
0.0654193 -0.00410053 0.99785 16.7316 0.0531186 0.998588 0.000621091 -1.83845 -0.996443 0.0529638 0.0655448 88.6106
0.0693986 -0.00366444 0.997582 17.5632 0.0510389 0.998697 0.000117922 -1.85042 -0.996283 0.0509073 0.0694952 88.6742
0.0738713 0.000163914 0.997268 18.3656 0.0490015 0.998792 -0.00379388 -1.87137 -0.996063 0.0491478 0.073774 88.7377
0.074874 0.00566211 0.997177 19.1804 0.0442945 0.998978 -0.00899823 -1.88254 -0.996209 0.0448432 0.0745467 88.8186
0.0746764 0.00891934 0.997168 19.9864 0.040605 0.999104 -0.0119775 -1.90726 -0.996381 0.0413844 0.0742473 88.8863
0.0752001 0.00844866 0.997133 20.7977 0.0382297 0.999205 -0.0113494 -1.92481 -0.996435 0.0389736 0.0748173 88.9539
0.0748117 0.00699992 0.997173 21.6166 0.0363852 0.99929 -0.00974454 -1.94883 -0.996534 0.0370114 0.0745039 89.0186
0.074597 0.00535849 0.997199 22.4003 0.0364324 0.999303 -0.00809518 -1.97444 -0.996548 0.0369342 0.0743498 89.0891
0.0748596 0.00458348 0.997184 23.2317 0.0345433 0.999377 -0.00718676 -1.99723 -0.996596 0.034984 0.0746546 89.1544
0.0737562 0.00477503 0.997265 24.0619 0.0325345 0.999445 -0.00719166 -2.02175 -0.996746 0.0329759 0.0735599 89.2197
0.0746809 0.00542405 0.997193 24.8458 0.0301342 0.999516 -0.00769347 -2.0428 -0.996752 0.0306241 0.0744814 89.287
0.0733182 0.00654064 0.997287 25.6509 0.0267916 0.999605 -0.00852549 -2.06623 -0.996949 0.027344 0.0731139 89.3568
0.0700992 0.00654035 0.997519 26.4622 0.0235344 0.999689 -0.00820843 -2.08903 -0.997262 0.0240515 0.0699235 89.4248
0.0669598 0.0052593 0.997742 27.2747 0.0210485 0.999756 -0.00668251 -2.11089 -0.997534 0.0214484 0.0668328 89.482
0.0624516 0.00325632 0.998043 28.0792 0.0188551 0.999812 -0.00444193 -2.13402 -0.99787 0.0190956 0.0623785 89.5388
0.0559425 0.00128372 0.998433 28.8983 0.017497 0.999844 -0.0022659 -2.1519 -0.998281 0.0175963 0.0559113 89.5928
0.04905 0.00102835 0.998796 29.6976 0.0162317 0.999867 -0.00182658 -2.17541 -0.998664 0.0163018 0.0490268 89.6338
0.0399183 0.00181697 0.999201 30.4911 0.0157271 0.999873 -0.0024465 -2.19212 -0.999079 0.0158122 0.0398846 89.6672
0.0296381 0.00197152 0.999559 31.2809 0.0156502 0.999875 -0.00243619 -2.2113 -0.999438 0.0157155 0.0296035 89.6905
0.0192459 0.0011357 0.999814 32.0717 0.016125 0.999869 -0.00144616 -2.22732 -0.999685 0.0161498 0.0192251 89.7031
0.00940946 1.59524e-05 0.999956 32.894 0.0156076 0.999878 -0.000162816 -2.24518 -0.999834 0.0156085 0.00940807 89.7107
-0.00106005 -0.000507576 0.999999 33.6701 0.0165306 0.999863 0.00052503 -2.26503 -0.999863 0.0165312 -0.00105151 89.7107
-0.0112317 -0.000802159 0.999937 34.4562 0.0162806 0.999867 0.000984973 -2.28069 -0.999804 0.0162906 -0.0112171 89.7015
-0.0238292 -0.000163955 0.999716 35.2598 0.016114 0.99987 0.000548073 -2.2981 -0.999586 0.0161225 -0.0238235 89.6748
-0.0343487 0.00067571 0.99941 36.0283 0.0169202 0.999857 -9.44787e-05 -2.31201 -0.999267 0.016907 -0.0343553 89.6583
-0.0465946 0.00173081 0.998913 36.8075 0.0171869 0.999852 -0.000930747 -2.33048 -0.998766 0.0171248 -0.0466175 89.6168
-0.056738 0.00236479 0.998386 37.5623 0.0180694 0.999836 -0.00134134 -2.34738 -0.998226 0.0179642 -0.0567714 89.578
-0.0655896 0.00244354 0.997844 38.3059 0.0184464 0.999829 -0.00123589 -2.36431 -0.997676 0.0183255 -0.0656235 89.5171
-0.0742986 0.00296047 0.997232 39.0391 0.0185755 0.999826 -0.00158421 -2.38144 -0.997063 0.0184064 -0.0743407 89.4716
-0.0847029 0.00282488 0.996402 39.7742 0.0206264 0.999787 -0.00108105 -2.39841 -0.996193 0.0204606 -0.0847431 89.4077
-0.0915615 0.0018186 0.995798 40.484 0.0221789 0.999754 0.000213479 -2.4137 -0.995552 0.0221053 -0.0915794 89.3366
-0.0965272 -8.16133e-05 0.995331 41.2154 0.0246338 0.999694 0.00247096 -2.4324 -0.995026 0.0247573 -0.0964956 89.2646
-0.101416 -0.00200743 0.994842 41.9212 0.028469 0.999583 0.00491917 -2.44898 -0.994437 0.028821 -0.101317 89.1917
-0.104692 -0.00348222 0.994499 42.6182 0.0290606 0.999556 0.00655918 -2.46202 -0.99408 0.0295874 -0.104544 89.1105
-0.105362 -0.00399297 0.994426 43.3107 0.0299051 0.999527 0.00718199 -2.47439 -0.993984 0.0304952 -0.105193 89.0286
-0.106278 -0.00382682 0.994329 43.9887 0.0303303 0.999515 0.00708859 -2.48655 -0.993874 0.0309116 -0.10611 88.9581
-0.105469 -0.00266451 0.994419 44.6473 0.0318492 0.999474 0.006056 -2.49794 -0.993912 0.0323102 -0.105328 88.894
-0.103551 -0.00163528 0.994623 45.2855 0.0319223 0.999478 0.00496671 -2.51221 -0.994112 0.032265 -0.103444 88.8296
-0.0975192 -0.00109586 0.995233 45.9042 0.0325503 0.999461 0.00429001 -2.52369 -0.994701 0.0328135 -0.0974309 88.7697
-0.0902583 -0.000380781 0.995918 46.5205 0.0314936 0.999499 0.00323636 -2.53461 -0.99542 0.0316572 -0.0902011 88.7276
-0.0790321 -5.5841e-05 0.996872 47.097 0.0307906 0.999523 0.00249707 -2.54639 -0.996396 0.0308916 -0.0789927 88.6884
-0.0653123 -5.1579e-05 0.997865 47.6608 0.0304459 0.999534 0.00204441 -2.56267 -0.9974 0.0305145 -0.0652803 88.6665
-0.048797 0.00126906 0.998808 48.2026 0.0300841 0.999547 0.000199771 -2.57483 -0.998356 0.030058 -0.0488131 88.6576
-0.0275504 0.00397232 0.999613 48.7354 0.0286114 0.999586 -0.00318365 -2.59238 -0.999211 0.0285126 -0.0276527 88.6617
-0.00132284 0.00695632 0.999975 49.255 0.0267779 0.999618 -0.00691841 -2.60702 -0.999641 0.0267681 -0.00150861 88.683
0.0256432 0.00886883 0.999632 49.7762 0.0250032 0.999642 -0.00951032 -2.62115 -0.999358 0.0252379 0.0254123 88.7165
0.0590861 0.00835724 0.998218 50.2904 0.0240674 0.999662 -0.00979392 -2.63678 -0.997963 0.0246032 0.058865 88.7682
0.0960475 0.0059047 0.995359 50.8057 0.0228964 0.999705 -0.00813988 -2.65086 -0.995113 0.023572 0.0958839 88.8497
0.138594 0.002049 0.990347 51.3048 0.0212481 0.999762 -0.00504204 -2.66724 -0.990121 0.0217418 0.138517 88.9432
0.182854 -0.00203992 0.983138 51.8103 0.0196482 0.999806 -0.00157987 -2.6824 -0.982944 0.0196058 0.182859 89.0776
0.229247 -0.0053993 0.973353 52.271 0.0157479 0.999874 0.00183743 -2.6938 -0.973241 0.014907 0.229303 89.2398
0.279075 -0.00683055 0.960245 52.7545 0.0127094 0.999913 0.00341901 -2.70551 -0.960185 0.0112499 0.279138 89.4058
0.333801 -0.0066702 0.94262 53.2087 0.0126893 0.999916 0.0025821 -2.71008 -0.942558 0.0110993 0.333858 89.622
0.391983 -0.00633631 0.919951 53.6531 0.0143682 0.999897 0.000764792 -2.72865 -0.91986 0.0129182 0.392033 89.8478
0.450693 -0.00306913 0.892674 54.0531 0.0162873 0.999856 -0.00478548 -2.74113 -0.892531 0.016696 0.450678 90.0915
0.508723 0.000367104 0.86093 54.4431 0.0178076 0.999782 -0.0109488 -2.75697 -0.860746 0.020901 0.508605 90.3847
0.565999 0.00483202 0.824392 54.7986 0.0147139 0.999764 -0.015962 -2.76807 -0.824275 0.0211645 0.565795 90.6743
0.620725 0.00793913 0.783988 55.1462 0.0114286 0.999751 -0.0191727 -2.77819 -0.783945 0.0208608 0.62048 91.0204
0.672797 0.00946844 0.739767 55.463 0.0096311 0.999721 -0.0215549 -2.79369 -0.739764 0.0216268 0.672519 91.3644
0.720617 0.00829305 0.693284 55.7467 0.00975846 0.999708 -0.0221017 -2.80931 -0.693265 0.0226922 0.720326 91.7165
0.765683 0.00434367 0.643204 56.0202 0.00868114 0.999816 -0.0170861 -2.82806 -0.64316 0.0186663 0.765504 92.123
0.807263 -0.000200422 0.590192 56.265 0.00842515 0.999902 -0.0111843 -2.84022 -0.590132 0.0140011 0.807185 92.5239
0.844107 -0.00293043 0.536167 56.4625 0.00690816 0.999962 -0.00541047 -2.85375 -0.536131 0.00827094 0.844095 92.9274
0.875362 -0.00516882 0.483441 56.6589 0.00557279 0.999984 0.000600974 -2.86028 -0.483436 0.00216804 0.875377 93.3879
0.901548 -0.00561388 0.432643 56.8233 0.00341154 0.999977 0.00586644 -2.87552 -0.432666 -0.00381289 0.901546 93.8276
0.922007 -0.00321194 0.387161 56.9582 -0.000283681 0.99996 0.00897138 -2.88797 -0.387174 -0.00838151 0.921969 94.2671
0.938026 0.00217668 0.346557 57.0961 -0.00614417 0.999928 0.01035 -2.8896 -0.34651 -0.0118379 0.937972 94.7505
0.95007 0.00765264 0.311943 57.2049 -0.0112025 0.999891 0.00958938 -2.89489 -0.311835 -0.0126051 0.950053 95.2169
0.959898 0.00954404 0.280186 57.3198 -0.0124125 0.999887 0.00846486 -2.88523 -0.280074 -0.0116032 0.959908 95.692
0.966086 0.00487475 0.258175 57.4375 -0.00750681 0.99993 0.00921013 -2.89812 -0.258111 -0.0108358 0.966054 96.1652
0.970178 0.00207997 0.242386 57.5475 -0.00453945 0.999944 0.00958891 -2.90367 -0.242352 -0.0104032 0.970133 96.6537
0.97339 0.00538933 0.229091 57.6565 -0.00770755 0.999928 0.00922567 -2.90761 -0.229025 -0.0107459 0.973361 97.1553
0.975403 0.0112078 0.220144 57.7431 -0.0135786 0.999865 0.00925905 -2.90333 -0.22001 -0.0120206 0.975424 97.6442
0.976739 0.0174898 0.213718 57.8381 -0.0196599 0.999775 0.00803267 -2.90626 -0.213529 -0.0120475 0.976863 98.1712
0.977214 0.0246092 0.210827 57.9356 -0.0261306 0.999649 0.00443306 -2.90881 -0.210644 -0.00984109 0.977513 98.6861
0.97731 0.0258088 0.210236 58.0462 -0.0268509 0.999637 0.00210333 -2.92021 -0.210105 -0.00770062 0.977649 99.218
0.976806 0.0239442 0.212782 58.1696 -0.0241753 0.999707 -0.00151594 -2.92876 -0.212756 -0.00366329 0.977099 99.7658
0.975983 0.0234642 0.216578 58.2969 -0.0223189 0.999721 -0.00773291 -2.93868 -0.216699 0.0027134 0.976235 100.308
0.975034 0.025013 0.220642 58.4316 -0.0228919 0.999664 -0.0121654 -2.94984 -0.220872 0.00681078 0.975279 100.878
0.973906 0.0285376 0.225152 58.5583 -0.0265137 0.999576 -0.0120083 -2.95789 -0.225399 0.00572532 0.97425 101.449
0.972548 0.0310098 0.230625 58.6899 -0.0299286 0.999519 -0.00818599 -2.96611 -0.230768 0.00105899 0.973008 102.048
0.971493 0.0285784 0.23534 58.842 -0.0285534 0.999586 -0.00351494 -2.98167 -0.235343 -0.00330501 0.971907 102.656
0.970592 0.0243191 0.239499 58.9962 -0.025561 0.999671 0.00208031 -2.99257 -0.239369 -0.00814096 0.970895 103.259
0.969779 0.0208896 0.243088 59.1531 -0.0232974 0.999704 0.0070341 -2.99825 -0.242869 -0.0124848 0.969979 103.886
0.969147 0.0164784 0.245933 59.3231 -0.0190223 0.999787 0.00797162 -3.00584 -0.245749 -0.0124039 0.969254 104.532
0.968916 0.0140322 0.24699 59.4874 -0.0157517 0.999864 0.00498744 -3.01452 -0.246886 -0.00872292 0.969005 105.162
0.969117 0.0123237 0.246295 59.655 -0.0122691 0.999923 -0.00175637 -3.02503 -0.246298 -0.00131969 0.969193 105.799
0.969377 0.0163816 0.245032 59.816 -0.0148639 0.999857 -0.0080418 -3.03563 -0.245129 0.0041534 0.969482 106.458
0.97 0.0195717 0.242316 59.9751 -0.0173116 0.999785 -0.0114527 -3.0453 -0.242488 0.00691428 0.97013 107.114
0.970541 0.0186139 0.240217 60.1456 -0.0172902 0.999822 -0.00761682 -3.05501 -0.240316 0.00323903 0.970689 107.823
0.970856 0.0141872 0.239242 60.3189 -0.0145342 0.999894 -0.000313821 -3.06931 -0.239221 -0.00317251 0.97096 108.531
0.971665 0.0126829 0.236022 60.4921 -0.0142724 0.999886 0.00502722 -3.08248 -0.235931 -0.00825336 0.971735 109.247
0.971972 0.016486 0.234517 60.6588 -0.0181431 0.999823 0.00491021 -3.09481 -0.234394 -0.00902745 0.9721 109.973
0.972354 0.0222087 0.232454 60.8168 -0.0229392 0.999737 0.000439687 -3.10095 -0.232383 -0.00575985 0.972607 110.696
0.973163 0.0239485 0.228866 60.9885 -0.0235181 0.999713 -0.00460818 -3.11269 -0.228911 -0.000897978 0.973447 111.45
0.97409 0.0241398 0.224867 61.158 -0.0230707 0.999707 -0.00738125 -3.11823 -0.224979 0.00200217 0.974362 112.206
0.975035 0.0206949 0.221087 61.3295 -0.0197516 0.999784 -0.00647671 -3.13312 -0.221173 0.0019482 0.975233 112.967
0.975945 0.0177687 0.217293 61.5069 -0.0173886 0.999842 -0.00366106 -3.14988 -0.217324 -0.000205431 0.9761 113.755
0.976403 0.0150927 0.215428 61.6829 -0.0151734 0.999884 -0.00127889 -3.16574 -0.215422 -0.00202006 0.976519 114.552
0.976728 0.0117928 0.214157 61.8534 -0.0122231 0.999925 0.000685174 -3.17444 -0.214133 -0.00328689 0.976799 115.336
0.976847 0.00833593 0.213778 62.0343 -0.00906777 0.999956 0.002443 -3.19224 -0.213748 -0.00432493 0.976879 116.145
0.976949 0.00704499 0.213357 62.2056 -0.00815821 0.999957 0.00433763 -3.19993 -0.213317 -0.00597825 0.976965 116.959
0.976993 0.0124716 0.212908 62.3814 -0.013292 0.999909 0.00242228 -3.21403 -0.212859 -0.00519652 0.977069 117.777
0.976675 0.0186158 0.213916 62.5436 -0.0189097 0.999821 -0.000672466 -3.22447 -0.21389 -0.0033883 0.976852 118.591
0.976234 0.0263042 0.215116 62.7126 -0.0265142 0.999647 -0.0019098 -3.23778 -0.21509 -0.00383922 0.976587 119.398
0.975556 0.0324569 0.217343 62.8836 -0.033005 0.999455 -0.00110876 -3.25198 -0.21726 -0.00609174 0.976095 120.242
0.974808 0.0343496 0.220383 63.0606 -0.0352775 0.999378 0.000275088 -3.26184 -0.220237 -0.00804273 0.975413 121.067
0.974178 0.0347439 0.223091 63.2463 -0.0355567 0.999368 -0.000373987 -3.28053 -0.222963 -0.00756805 0.974798 121.908
0.973745 0.0360625 0.224768 63.4389 -0.0364848 0.999332 -0.0022759 -3.29643 -0.2247 -0.00598447 0.97441 122.735
0.973646 0.0273546 0.22642 63.6349 -0.0276113 0.999617 -0.00203374 -3.3114 -0.226388 -0.0042716 0.974028 123.563
0.973847 0.0216044 0.226177 63.8353 -0.0216903 0.999763 -0.0021059 -3.32999 -0.226169 -0.00285503 0.974084 124.396
0.973647 0.0202094 0.227163 64.0367 -0.020265 0.999793 -0.00208763 -3.356 -0.227158 -0.00257084 0.973855 125.241
0.973093 0.0232139 0.229241 64.2249 -0.023924 0.999714 0.000318367 -3.36816 -0.229168 -0.00579416 0.97337 126.069
0.972827 0.0249987 0.230181 64.4137 -0.0270941 0.999615 0.00594629 -3.38004 -0.229943 -0.0120212 0.97313 126.909
0.972519 0.0270513 0.231245 64.6047 -0.0300754 0.999502 0.00956139 -3.39179 -0.230871 -0.0162534 0.972849 127.756
0.972284 0.0269276 0.232247 64.7983 -0.0285465 0.999586 0.00361205 -3.40585 -0.232054 -0.0101418 0.97265 128.589
0.972368 0.0227954 0.232337 64.9971 -0.0209357 0.999726 -0.0104673 -3.42613 -0.232512 0.0053139 0.972579 129.394
0.972476 0.021931 0.23197 65.1905 -0.0182341 0.999671 -0.0180693 -3.45766 -0.23229 0.0133421 0.972555 130.202
0.97274 0.0200866 0.231026 65.3943 -0.0180988 0.999779 -0.0107205 -3.46898 -0.23119 0.00624693 0.972889 131.047
0.973202 0.0122804 0.229624 65.5933 -0.0148433 0.999845 0.00943737 -3.48197 -0.229472 -0.0125928 0.973234 131.887
0.973378 0.00469732 0.229156 65.7891 -0.0109719 0.999599 0.0261149 -3.49748 -0.228942 -0.027934 0.973039 132.737
0.973662 0.0099641 0.227781 65.9729 -0.0149452 0.999685 0.0201535 -3.50356 -0.227509 -0.0230269 0.973504 133.546
0.973748 0.0214271 0.226618 66.1471 -0.0233007 0.999713 0.0055955 -3.51706 -0.226433 -0.010729 0.973968 134.346
0.97393 0.0228 0.225701 66.3276 -0.0226052 0.999739 -0.00344786 -3.51572 -0.225721 -0.00174405 0.97419 135.153
0.974452 0.0187341 0.223816 66.5098 -0.0182362 0.999825 -0.00429148 -3.5363 -0.223857 0.000100296 0.974622 135.952
0.975129 0.015823 0.221072 66.6903 -0.01566 0.999874 -0.00249004 -3.55726 -0.221083 -0.00103387 0.975255 136.756
0.975889 0.0170489 0.2176 66.867 -0.0167412 0.999855 -0.00325773 -3.57765 -0.217624 -0.000463704 0.976033 137.576
0.977029 0.0203225 0.212137 67.0374 -0.0197641 0.999793 -0.00475284 -3.59582 -0.21219 0.000450966 0.977229 138.367
0.97745 0.0231622 0.209895 67.1951 -0.0225702 0.999732 -0.00521605 -3.61946 -0.209959 0.000361063 0.97771 139.168
0.977757 0.0311182 0.207421 67.3473 -0.0307222 0.999515 -0.00513073 -3.63224 -0.20748 -0.00135584 0.978238 139.984
0.978081 0.0324946 0.205673 67.5 -0.0326202 0.999464 -0.002781 -3.65243 -0.205654 -0.00398908 0.978617 140.77
0.978439 0.0292528 0.204455 67.6656 -0.030166 0.999544 0.00135065 -3.66898 -0.204322 -0.00748911 0.978875 141.565
0.978773 0.0281392 0.203007 67.825 -0.0290474 0.999577 0.00149525 -3.68958 -0.202879 -0.00736035 0.979176 142.364
0.979305 0.0274048 0.200526 67.9814 -0.027828 0.999613 -0.000708421 -3.70422 -0.200468 -0.00488648 0.979688 143.159
0.980211 0.0230181 0.196614 68.1407 -0.0226074 0.999735 -0.00433297 -3.7237 -0.196662 -0.000197713 0.980471 143.957
0.981616 0.021248 0.18968 68.3002 -0.020599 0.999773 -0.00539238 -3.73941 -0.189752 0.00138601 0.981831 144.738
0.983005 0.0190052 0.182593 68.4373 -0.0191775 0.999816 -0.000822357 -3.75098 -0.182575 -0.00269329 0.983188 145.525
0.984055 0.0146311 0.177264 68.5761 -0.0163071 0.999835 0.00800186 -3.76658 -0.177117 -0.0107649 0.984131 146.327
0.984767 0.0138483 0.173328 68.7127 -0.0171772 0.999695 0.0177202 -3.78552 -0.17303 -0.0204276 0.984705 147.139
0.985434 0.0166249 0.169247 68.8382 -0.0203613 0.999585 0.020365 -3.78123 -0.168838 -0.0235144 0.985363 147.914
0.986204 0.0206188 0.164244 68.9602 -0.0234537 0.999607 0.0153394 -3.78398 -0.163864 -0.0189799 0.986301 148.714
0.987331 0.021996 0.157141 69.0748 -0.0232514 0.999711 0.00615524 -3.7968 -0.15696 -0.009731 0.987557 149.497
0.98835 0.0215693 0.150662 69.1936 -0.0218403 0.999762 0.000144193 -3.79984 -0.150623 -0.00343301 0.988585 150.269
0.989384 0.0206547 0.143849 69.3039 -0.0210248 0.999778 0.00105371 -3.81398 -0.143795 -0.00406693 0.989599 151.092
0.990459 0.0223344 0.135988 69.3956 -0.0231194 0.999724 0.00419583 -3.82496 -0.135857 -0.00729975 0.990702 151.896
0.991305 0.0289188 0.128371 69.4828 -0.0295677 0.999558 0.00315134 -3.84008 -0.128224 -0.00691958 0.991721 152.696
0.992429 0.0332369 0.118241 69.5627 -0.0331763 0.999446 -0.0024814 -3.85045 -0.118258 -0.00146017 0.992982 153.514
0.993476 0.0320978 0.109433 69.6513 -0.0317117 0.999483 -0.00526728 -3.86607 -0.109546 0.00176261 0.99398 154.324
0.994262 0.0319292 0.102095 69.7225 -0.0318153 0.99949 -0.00274369 -3.88181 -0.102131 -0.000520239 0.994771 155.142
0.995031 0.0341622 0.0935254 69.7931 -0.034723 0.999387 0.00437548 -3.89415 -0.0933186 -0.00760122 0.995607 155.974
0.99562 0.0365856 0.0860332 69.8449 -0.037615 0.999239 0.0103737 -3.90522 -0.0855881 -0.0135644 0.996238 156.805
0.996304 0.0363587 0.0778191 69.9044 -0.0375667 0.999195 0.0141155 -3.91311 -0.0772432 -0.0169867 0.996868 157.633
0.996744 0.036611 0.0718409 69.9556 -0.0378337 0.99916 0.0157327 -3.9188 -0.0712046 -0.0183995 0.997292 158.459
0.997016 0.0362416 0.0681611 69.9997 -0.0372712 0.999209 0.0138947 -3.92466 -0.0676036 -0.0163936 0.997578 159.286
0.997183 0.0409373 0.0628489 70.0404 -0.0415742 0.999096 0.00885934 -3.9336 -0.0624294 -0.0114473 0.997984 160.105
0.997142 0.0468602 0.0592613 70.0753 -0.0471011 0.998887 0.00267431 -3.9382 -0.05907 -0.00545795 0.998239 160.918
0.997158 0.04962 0.0566927 70.1044 -0.0496776 0.998765 -0.000393343 -3.95003 -0.0566422 -0.00242413 0.998392 161.75
0.997295 0.050529 0.053379 70.1358 -0.0509067 0.998687 0.00573856 -3.96024 -0.0530189 -0.00844039 0.998558 162.591
0.997326 0.0519696 0.0513725 70.1717 -0.0528134 0.998489 0.015207 -3.95903 -0.0505045 -0.0178795 0.998564 163.423
0.997489 0.0522547 0.0477954 70.1998 -0.0534234 0.998295 0.0235113 -3.96449 -0.0464853 -0.0260057 0.998581 164.267
0.997941 0.0478231 0.0427355 70.2325 -0.0487083 0.998614 0.0199192 -3.96304 -0.0417237 -0.0219597 0.998888 165.071
0.998502 0.0395707 0.0377777 70.2701 -0.0400448 0.999127 0.0118765 -3.9812 -0.0372748 -0.0133715 0.999216 165.893
0.998798 0.0385103 0.030325 70.2932 -0.0387183 0.99923 0.00630212 -3.9858 -0.030059 -0.00746868 0.99952 166.7
0.998812 0.0427692 0.0233518 70.2987 -0.0429522 0.99905 0.007393 -3.98086 -0.0230135 -0.00838723 0.9997 167.511
0.999144 0.0382324 0.0158329 70.3084 -0.0384399 0.999176 0.0130216 -3.98565 -0.015322 -0.0136191 0.99979 168.342
0.999465 0.0316367 0.00832504 70.3177 -0.0317778 0.999344 0.0173993 -3.99399 -0.00776912 -0.0176546 0.999814 169.192
0.99969 0.0247517 0.00259844 70.3225 -0.0248013 0.999468 0.0211681 -3.98624 -0.00207311 -0.021226 0.999773 170.009
0.999818 0.0187513 -0.00345074 70.3235 -0.0186726 0.999593 0.0215688 -3.99419 0.00385377 -0.0215004 0.999762 170.847
0.999823 0.0156694 -0.0104643 70.3142 -0.0155042 0.999757 0.0156915 -4.00259 0.0107076 -0.0155265 0.999822 171.676
0.99979 0.00946244 -0.0181591 70.3063 -0.00936902 0.999943 0.00522299 -3.99952 0.0182075 -0.00505176 0.999821 172.477
0.999696 0.00156184 -0.0246179 70.2977 -0.00153654 0.999998 0.00104632 -4.00638 0.0246195 -0.00100817 0.999696 173.315
0.999511 0.00252141 -0.031175 70.2614 -0.00226685 0.999964 0.00819812 -4.01452 0.0311945 -0.00812344 0.99948 174.159
0.999282 0.0118422 -0.0359819 70.2123 -0.0110853 0.999715 0.0211609 -4.01298 0.0362222 -0.0207469 0.999129 175.017
0.999019 0.0174787 -0.0407004 70.1619 -0.0162833 0.999432 0.0295199 -4.01962 0.0411932 -0.0288282 0.998735 175.863
0.99889 0.0163792 -0.0441732 70.1157 -0.0152139 0.999531 0.0265886 -4.0138 0.044588 -0.0258871 0.99867 176.697
0.998741 0.0191106 -0.04639 70.0673 -0.0183625 0.999695 0.0164987 -4.02088 0.0466912 -0.0156261 0.998787 177.542
0.99835 0.0290774 -0.0495265 70.0019 -0.028776 0.999563 0.00678803 -4.0125 0.0497022 -0.00535165 0.99875 178.375
0.998257 0.0290546 -0.0513747 69.9523 -0.0289214 0.999576 0.00333447 -4.01756 0.0514498 -0.00184283 0.998674 179.222
0.998299 0.0233636 -0.0534251 69.907 -0.0229493 0.999702 0.00835434 -4.03127 0.0536043 -0.00711406 0.998537 180.065
0.998297 0.0217745 -0.0541209 69.8648 -0.0209022 0.999643 0.0166325 -4.03442 0.0544638 -0.0154729 0.998396 180.929
0.99827 0.0237889 -0.0537646 69.8103 -0.0226193 0.999496 0.0222581 -4.03044 0.054267 -0.0210035 0.998306 181.815
0.998224 0.0228495 -0.0550095 69.751 -0.0216933 0.999533 0.0215249 -4.0365 0.0554756 -0.0202934 0.998254 182.646
0.99818 0.0186732 -0.057342 69.6996 -0.0179954 0.999762 0.0123139 -4.03615 0.0575583 -0.0112596 0.998279 183.491
0.998117 0.0108877 -0.0603587 69.6651 -0.0107965 0.99994 0.00183648 -4.04996 0.0603751 -0.00118136 0.998175 184.323
0.998104 0.00103052 -0.0615439 69.6225 -0.00117763 0.999997 -0.00235408 -4.06548 0.0615412 0.00242209 0.998102 185.154
0.998038 0.00265477 -0.0625635 69.5653 -0.00252715 0.999995 0.00211888 -4.07421 0.0625687 -0.00195662 0.998039 186.026
0.997889 0.00743551 -0.0645248 69.5015 -0.00671615 0.999913 0.0113584 -4.07881 0.0646036 -0.010901 0.997851 186.883
0.997849 0.00813453 -0.0650446 69.4307 -0.00714733 0.999856 0.0153956 -4.08869 0.0651605 -0.0148975 0.997764 187.72
0.997768 0.00748238 -0.0663575 69.3821 -0.0066963 0.999905 0.0120607 -4.1037 0.0664414 -0.0115894 0.997723 188.555
0.997768 0.0087624 -0.0661952 69.3208 -0.00832297 0.999942 0.0069113 -4.11349 0.0662519 -0.00634494 0.997783 189.396
0.997714 0.0147809 -0.0659452 69.2435 -0.0144133 0.999878 0.00604679 -4.11297 0.0660265 -0.00508248 0.997805 190.245
0.997615 0.0171898 -0.0668541 69.1843 -0.0166461 0.999824 0.00868114 -4.12553 0.0669916 -0.00754757 0.997725 191.079
0.997468 0.0212062 -0.0678835 69.1216 -0.0204279 0.999718 0.0121394 -4.13688 0.0681218 -0.0107219 0.99762 191.902
0.997355 0.0248108 -0.0683218 69.0571 -0.0238557 0.999607 0.0147592 -4.14319 0.0686611 -0.0130903 0.997554 192.738
0.997315 0.027336 -0.0679358 68.9897 -0.0263978 0.999544 0.014671 -4.14458 0.0683058 -0.0128383 0.997582 193.568
