1 -4.1311e-11 9.68377e-11 0 -4.12612e-11 1 -1.70424e-11 0 -2.58458e-10 -1.70424e-11 1 -2.98023e-08
0.999978 -0.000110536 -0.00665074 -0.00846317 0.000115114 1 0.000687979 -0.0135268 0.00665066 -0.000688729 0.999978 0.0727639
0.999893 0.000149686 -0.0146448 -0.0194633 -0.000145441 1 0.00029083 -0.0192957 0.0146448 -0.000288669 0.999893 0.159374
0.999746 0.000880817 -0.0225413 -0.0296621 -0.000879784 1 5.57941e-05 -0.0200094 0.0225413 -3.59484e-05 0.999746 0.25006
0.999485 0.00105514 -0.0320818 -0.0450246 -0.0011157 0.999998 -0.00186987 -0.0226575 0.0320797 0.0019047 0.999484 0.356037
0.999054 0.00147148 -0.0434746 -0.0646364 -0.00159417 0.999995 -0.00278764 -0.0277857 0.0434703 0.00285431 0.999051 0.461016
0.99838 0.00111922 -0.0568905 -0.0891452 -0.00133135 0.999992 -0.00369094 -0.0305173 0.056886 0.0037607 0.998374 0.57853
0.997362 0.00107453 -0.0725809 -0.111397 -0.00131646 0.999994 -0.0032855 -0.035417 0.0725769 0.00337238 0.997357 0.711766
0.995869 5.47949e-05 -0.0908059 -0.135687 -0.000335429 0.999995 -0.00307524 -0.0373473 0.0908053 0.00309299 0.995864 0.852614
0.993766 -0.000969771 -0.111482 -0.1719 0.00061567 0.999995 -0.0032107 -0.0432906 0.111484 0.00312205 0.993761 1.01153
0.991051 -0.00108872 -0.133482 -0.21519 0.000590259 0.999993 -0.00377382 -0.047999 0.133485 0.00366126 0.991044 1.1699
0.98754 0.00256797 -0.157344 -0.278185 -0.00341343 0.999981 -0.00510333 -0.0537118 0.157328 0.00557683 0.987531 1.33899
0.983155 0.00696571 -0.182639 -0.343326 -0.0083866 0.99994 -0.00700859 -0.0597914 0.182579 0.00842226 0.983155 1.51028
0.977591 0.0105297 -0.210248 -0.418062 -0.0124664 0.999891 -0.00788847 -0.0673549 0.210142 0.0103327 0.977616 1.68935
0.97085 0.0118401 -0.239397 -0.489635 -0.0141945 0.999866 -0.00811311 -0.0755085 0.239269 0.0112747 0.970888 1.87678
0.962753 0.0138539 -0.270027 -0.582443 -0.0164782 0.999837 -0.00745422 -0.0808229 0.26988 0.0116261 0.962824 2.0695
0.953189 0.0155776 -0.301975 -0.682338 -0.0184068 0.999809 -0.00652529 -0.0844073 0.301816 0.0117782 0.953294 2.27079
0.941811 0.0182171 -0.335648 -0.786395 -0.0209503 0.99977 -0.00452336 -0.0926223 0.335489 0.0112921 0.941977 2.46306
0.928857 0.0204609 -0.369874 -0.905583 -0.0237678 0.999708 -0.00438521 -0.0940764 0.369676 0.0128643 0.929072 2.64314
0.914697 0.0234152 -0.403461 -1.03943 -0.0272998 0.99962 -0.00387844 -0.0940414 0.403217 0.014562 0.914988 2.8465
0.898413 0.0242664 -0.438481 -1.1742 -0.0286327 0.999584 -0.00334706 -0.0927786 0.438218 0.0155619 0.898734 3.03212
0.880089 0.0202928 -0.474375 -1.30596 -0.0251051 0.999678 -0.00381237 -0.0926305 0.474145 0.0152645 0.880315 3.21037
0.859212 0.0161509 -0.511366 -1.46437 -0.0210457 0.999771 -0.003785 -0.101365 0.511188 0.0140142 0.859355 3.40294
0.834541 0.0177595 -0.55066 -1.62647 -0.0216194 0.999766 -0.000521094 -0.10758 0.550522 0.0123398 0.83473 3.57409
0.806367 0.0234505 -0.59095 -1.83366 -0.0266217 0.99964 0.00334238 -0.108977 0.590816 0.0130369 0.806701 3.75556
0.774244 0.0265686 -0.632329 -2.04258 -0.0299038 0.999538 0.00538242 -0.114107 0.63218 0.0147418 0.774681 3.91938
0.739014 0.0260817 -0.673185 -2.24135 -0.0298443 0.999537 0.00596315 -0.112537 0.673029 0.0156839 0.73945 4.06805
0.700267 0.0228096 -0.713517 -2.48404 -0.0246246 0.999666 0.00778986 -0.118313 0.713456 0.0121151 0.700595 4.24597
0.657675 0.0196441 -0.753045 -2.72235 -0.0195397 0.999768 0.00901518 -0.118985 0.753048 0.00878519 0.657907 4.39811
0.613164 0.0192528 -0.789721 -2.97559 -0.0170715 0.999792 0.0111193 -0.118592 0.789771 0.00666373 0.613366 4.52871
0.565593 0.0197858 -0.824447 -3.27437 -0.0147555 0.999795 0.0138713 -0.115523 0.824552 0.00431961 0.565769 4.67143
0.515666 0.0210254 -0.856532 -3.56855 -0.0134812 0.999774 0.0164254 -0.115445 0.856683 0.003077 0.515833 4.79208
0.463369 0.0225748 -0.885878 -3.87036 -0.0126229 0.999742 0.0188739 -0.109229 0.886075 0.00243682 0.463535 4.8795
0.409307 0.0249468 -0.912055 -4.2239 -0.0117149 0.999687 0.0220864 -0.106444 0.912321 0.00164451 0.409472 4.98453
0.35475 0.0270196 -0.934571 -4.55272 -0.0112379 0.999633 0.0246349 -0.101442 0.934894 0.00176338 0.354923 5.03976
0.299159 0.0300386 -0.95373 -4.9439 -0.008878 0.999549 0.0286969 -0.097663 0.954162 -0.000117718 0.29929 5.11916
0.245305 0.0320468 -0.968916 -5.32762 -0.00457677 0.999481 0.031899 -0.0951803 0.969435 -0.00339047 0.245324 5.1749
0.194231 0.0330848 -0.980398 -5.71794 -0.00212772 0.999443 0.033306 -0.0947893 0.980954 -0.00438303 0.194193 5.2118
0.14672 0.034068 -0.988591 -6.14822 -0.00392917 0.999419 0.0338579 -0.0868262 0.98917 -0.00108331 0.146769 5.22463
0.103848 0.0340302 -0.994011 -6.57093 -0.00593394 0.999418 0.0335954 -0.0739368 0.994575 0.00240957 0.10399 5.23195
0.0655639 0.0328454 -0.997308 -7.03387 -0.00705582 0.999448 0.032452 -0.0611481 0.997823 0.00490914 0.0657595 5.22473
0.0314022 0.0305136 -0.999041 -7.50245 -0.00663013 0.999518 0.0303198 -0.0519877 0.999485 0.00567166 0.0315894 5.21369
-0.000170524 0.0281013 -0.999605 -7.96568 -0.00623849 0.999586 0.0281018 -0.0492649 0.999981 0.00624082 4.85744e-06 5.19579
-0.0272132 0.0257797 -0.999297 -8.45613 -0.00595338 0.999646 0.0259508 -0.0429626 0.999612 0.0066554 -0.0270501 5.15622
-0.0482039 0.0237911 -0.998554 -8.96496 -0.00668775 0.999686 0.024141 -0.0338906 0.998815 0.00784177 -0.0480297 5.11488
-0.0650868 0.0227773 -0.99762 -9.50099 -0.00685809 0.999706 0.0232724 -0.0187043 0.997856 0.00835649 -0.0649114 5.06086
-0.0783621 0.0235275 -0.996647 -10.0434 -0.00601579 0.999692 0.0240724 -0.0128051 0.996907 0.00788199 -0.0781964 5.00384
-0.0877985 0.0244412 -0.995838 -10.5999 -0.00687702 0.99966 0.0251414 -0.0104359 0.996115 0.00905577 -0.0876006 4.94866
-0.0948342 0.0261015 -0.995151 -11.1605 -0.0074459 0.99961 0.026928 -0.00485866 0.995465 0.00996349 -0.0946028 4.88602
-0.0988658 0.0270685 -0.994733 -11.7499 -0.00751904 0.999581 0.0279477 0.00313662 0.995072 0.0102425 -0.0986209 4.81174
-0.101109 0.0279937 -0.994481 -12.344 -0.00690201 0.99956 0.0288384 0.0143905 0.994851 0.00977975 -0.100872 4.75003
-0.0995894 0.0299163 -0.994579 -12.9677 -0.00503405 0.99952 0.030569 0.023749 0.995016 0.0080511 -0.099391 4.68345
-0.0983181 0.0324198 -0.994627 -13.6089 -0.00456131 0.999444 0.0330277 0.033854 0.995145 0.00778402 -0.0981155 4.61823
-0.0965121 0.0325812 -0.994798 -14.2481 -0.00565298 0.99943 0.0332813 0.0442464 0.995316 0.00883562 -0.0962729 4.54954
-0.0951008 0.030261 -0.995008 -14.899 -0.00960227 0.999463 0.0313143 0.0508309 0.995421 0.0125323 -0.0947592 4.48624
-0.0936738 0.02996 -0.995152 -15.5847 -0.0102758 0.999465 0.0310571 0.0649765 0.99555 0.0131352 -0.0933158 4.41292
-0.0916585 0.0327726 -0.995251 -16.2788 -0.00945391 0.999385 0.0337794 0.0783676 0.995746 0.0125052 -0.0912922 4.34589
-0.0902986 0.036207 -0.995256 -17.0247 -0.0100071 0.999256 0.0372604 0.0945692 0.995864 0.0133242 -0.0898691 4.27441
-0.0887956 0.0383529 -0.995311 -17.7242 -0.00966138 0.999178 0.0393638 0.108382 0.996003 0.0131114 -0.0883521 4.21567
-0.0868548 0.0375893 -0.995512 -18.4845 -0.0122719 0.999172 0.0387982 0.121169 0.996145 0.0155867 -0.0863215 4.14102
-0.0850978 0.0350568 -0.995756 -19.2203 -0.015523 0.999213 0.0365051 0.136219 0.996252 0.0185636 -0.0844866 4.07148
-0.0835436 0.0344585 -0.995908 -19.9982 -0.0163767 0.99922 0.0359469 0.155902 0.99637 0.0193128 -0.0829141 4.00082
-0.081977 0.0367586 -0.995956 -20.7866 -0.0118566 0.999213 0.0378547 0.177892 0.996564 0.0149118 -0.0814767 3.93476
-0.0803607 0.0386867 -0.996015 -21.5564 -0.0105198 0.999158 0.0396575 0.189609 0.99671 0.0136648 -0.0798861 3.868
-0.0799961 0.040229 -0.995983 -22.3514 -0.00813116 0.999126 0.041009 0.208559 0.996762 0.011379 -0.079599 3.81032
-0.0789999 0.035973 -0.996225 -23.1409 -0.00799309 0.999294 0.0367177 0.222106 0.996843 0.0108636 -0.0786566 3.73748
-0.07866 0.0292813 -0.996471 -23.9351 -0.00920532 0.999505 0.0300971 0.228018 0.996859 0.0115403 -0.0783515 3.68073
-0.078699 0.0250786 -0.996583 -24.757 -0.00562185 0.999656 0.0255999 0.243091 0.996883 0.00761732 -0.078531 3.61254
-0.0787802 0.0260989 -0.99655 -25.5731 -0.00775429 0.999611 0.0267921 0.258531 0.996862 0.00983822 -0.0785472 3.54519
-0.079512 0.0323922 -0.996307 -26.4078 -0.00585517 0.999439 0.0329613 0.268266 0.996817 0.00845437 -0.0792777 3.47117
-0.0794091 0.0395998 -0.996055 -27.2547 -0.00678829 0.999166 0.0402647 0.279276 0.996819 0.00995889 -0.0790741 3.39798
-0.0794344 0.0451513 -0.995817 -28.0888 -0.0082022 0.99891 0.0459458 0.29544 0.996806 0.0118176 -0.0789775 3.32338
-0.0799883 0.0458591 -0.99574 -28.9206 -0.00873959 0.99887 0.0467054 0.311565 0.996758 0.0124382 -0.0794971 3.24692
-0.0801991 0.0428499 -0.995857 -29.7553 -0.00944537 0.998998 0.0437457 0.326406 0.996734 0.0129146 -0.079714 3.17927
-0.0807275 0.0401368 -0.995928 -30.6006 -0.0100139 0.999106 0.0410765 0.342337 0.996686 0.0132891 -0.0802534 3.10024
-0.0807202 0.0411241 -0.995888 -31.4349 -0.0114745 0.999044 0.0421845 0.359328 0.996671 0.0148324 -0.0801711 3.02656
-0.0801096 0.0435467 -0.995834 -32.2765 -0.0109773 0.998946 0.0445658 0.379644 0.996726 0.0145017 -0.0795472 2.95149
-0.0804434 0.0417725 -0.995884 -33.1041 -0.0121137 0.999007 0.042882 0.392845 0.996686 0.0155134 -0.0798575 2.8797
-0.0799652 0.0371503 -0.996105 -33.9607 -0.0138541 0.999167 0.0383767 0.405666 0.996701 0.016869 -0.0793839 2.80965
-0.0802303 0.0329885 -0.99623 -34.7668 -0.0161964 0.999277 0.0343937 0.417086 0.996645 0.0188947 -0.079638 2.74172
-0.0793603 0.0330669 -0.996297 -35.5939 -0.0164574 0.99927 0.0344764 0.430398 0.99671 0.0191325 -0.0787582 2.66832
-0.0782771 0.0360309 -0.99628 -36.4369 -0.0138765 0.99921 0.0372271 0.439543 0.996835 0.0167389 -0.0777154 2.60019
-0.0781193 0.0404772 -0.996122 -37.2666 -0.0153874 0.999007 0.0418012 0.455441 0.996825 0.0185932 -0.0774189 2.53148
-0.0769965 0.0458505 -0.995977 -38.1009 -0.0128579 0.998813 0.0469751 0.475784 0.996948 0.0164231 -0.0763156 2.46129
-0.0777491 0.0494467 -0.995746 -38.9312 -0.0134686 0.998626 0.0506413 0.495351 0.996882 0.0173486 -0.0769764 2.39106
-0.0777806 0.0494459 -0.995744 -39.7658 -0.0127297 0.998639 0.050584 0.515284 0.996889 0.01661 -0.0770453 2.32466
-0.0770042 0.0455824 -0.995988 -40.5721 -0.0132325 0.99882 0.0467351 0.534029 0.996943 0.0167782 -0.0763102 2.25471
-0.0775974 0.0413544 -0.996127 -41.4008 -0.0147819 0.998982 0.0426244 0.55307 0.996875 0.0180322 -0.0769071 2.18749
-0.0768983 0.0383031 -0.996303 -42.2454 -0.0176733 0.999052 0.0397729 0.566991 0.996882 0.0206664 -0.0761485 2.10996
-0.0777924 0.036431 -0.996304 -43.0423 -0.0215171 0.999038 0.038211 0.583365 0.996737 0.0244101 -0.0769337 2.04161
-0.0783147 0.0347665 -0.996322 -43.8876 -0.0186343 0.999166 0.0363305 0.595584 0.996755 0.021411 -0.0776015 1.96733
-0.0786876 0.0312306 -0.99641 -44.6903 -0.0152718 0.999354 0.0325289 0.601319 0.996782 0.0177766 -0.0781599 1.9023
-0.0800672 0.0300527 -0.996336 -45.5067 -0.0117573 0.999447 0.0310914 0.610972 0.99672 0.0142037 -0.0796696 1.83914
-0.0815345 0.0329832 -0.996125 -46.3279 -0.0107058 0.999366 0.0339668 0.62287 0.996613 0.0134338 -0.0811296 1.76968
-0.0840593 0.0387157 -0.995708 -47.1584 -0.00820321 0.999184 0.0395434 0.635994 0.996427 0.011492 -0.0836731 1.70067
-0.0858816 0.0426251 -0.995393 -47.9712 -0.00614627 0.999043 0.0433117 0.646343 0.996286 0.00983763 -0.0855374 1.62858
-0.0866445 0.0420341 -0.995352 -48.7641 -0.00634716 0.999066 0.0427434 0.656346 0.996219 0.0100211 -0.0862968 1.55908
-0.0881379 0.0386163 -0.995359 -49.59 -0.00919088 0.999174 0.0395781 0.670714 0.996066 0.0126366 -0.0877102 1.47176
-0.0895443 0.0348269 -0.995374 -50.3892 -0.0146617 0.999234 0.036281 0.68131 0.995875 0.0178426 -0.088965 1.39007
-0.0907486 0.0332698 -0.995318 -51.1701 -0.0186813 0.999209 0.0351032 0.695576 0.995699 0.0217794 -0.0900554 1.30425
-0.0919607 0.034394 -0.995169 -51.9748 -0.0201133 0.999135 0.0363897 0.707601 0.99556 0.0233625 -0.0911895 1.21976
-0.0926292 0.0359892 -0.99505 -52.7569 -0.0194258 0.999091 0.0379437 0.714065 0.995511 0.0228443 -0.0918459 1.13902
-0.0939046 0.035265 -0.994956 -53.5417 -0.0217757 0.999061 0.0374657 0.72248 0.995343 0.0251841 -0.0930485 1.05668
-0.0944886 0.0354224 -0.994896 -54.3223 -0.0222713 0.999041 0.0376852 0.735413 0.995277 0.0257185 -0.0936091 0.977181
-0.0942605 0.0371235 -0.994855 -55.1029 -0.0210455 0.999007 0.0392724 0.746443 0.995325 0.024639 -0.0933856 0.896801
-0.0953991 0.0400509 -0.994633 -55.8726 -0.020694 0.998895 0.0422073 0.757049 0.995224 0.0246095 -0.0944648 0.817816
-0.0943161 0.0443868 -0.994552 -56.6478 -0.0194229 0.998733 0.0464154 0.77555 0.995353 0.0236948 -0.0933345 0.749908
-0.095309 0.0461385 -0.994378 -57.4174 -0.0196769 0.998643 0.0482224 0.787521 0.995253 0.0241624 -0.0942718 0.666379
-0.0959625 0.0466032 -0.994293 -58.1724 -0.0196784 0.998619 0.0487052 0.804405 0.995191 0.0242399 -0.0949129 0.597287
-0.0959802 0.045028 -0.994364 -58.9009 -0.0182534 0.998729 0.0469875 0.820677 0.995216 0.0226604 -0.0950362 0.519953
-0.0961803 0.0410956 -0.994515 -59.6477 -0.0201015 0.998863 0.0432193 0.833427 0.995161 0.0241481 -0.0952449 0.442018
-0.0959315 0.0385864 -0.99464 -60.3466 -0.0203273 0.998964 0.0407147 0.844826 0.99518 0.0241242 -0.0950478 0.367071
-0.0946474 0.0363383 -0.994847 -61.0693 -0.0220992 0.999011 0.0385928 0.859633 0.995266 0.0256381 -0.0937507 0.292778
-0.0923814 0.0353365 -0.995097 -61.7518 -0.0239067 0.999003 0.0376947 0.861474 0.995437 0.0272717 -0.0914445 0.217535
-0.0880411 0.0363153 -0.995455 -62.4094 -0.0232952 0.998987 0.0385044 0.873262 0.995845 0.0265793 -0.087106 0.155079
-0.0830128 0.0381783 -0.995817 -63.0631 -0.0232981 0.998918 0.0402394 0.882452 0.996276 0.026541 -0.0820336 0.108956
-0.0750104 0.0395678 -0.996397 -63.7226 -0.0226185 0.998888 0.0413694 0.889929 0.996926 0.0256401 -0.074032 0.0547428
-0.0665985 0.0410226 -0.996936 -64.3532 -0.025136 0.998768 0.0427771 0.89997 0.997463 0.0279079 -0.0654853 0.0108085
-0.0551037 0.0424719 -0.997577 -64.9607 -0.0271897 0.998661 0.0440199 0.906203 0.99811 0.0295495 -0.0538751 -0.0178141
-0.0401023 0.0440874 -0.998223 -65.574 -0.0302283 0.998515 0.0453147 0.9179 0.998738 0.0319917 -0.0387101 -0.0426047
-0.0215896 0.0456686 -0.998723 -66.1574 -0.0331585 0.998374 0.0463694 0.928695 0.999217 0.0341173 -0.0200402 -0.0480744
8.04494e-05 0.0463424 -0.998926 -66.7162 -0.0333427 0.99837 0.0463139 0.938194 0.999444 0.0333032 0.0016255 -0.0379492
0.025761 0.0464821 -0.998587 -67.2584 -0.033686 0.998392 0.0456039 0.947229 0.9991 0.0324636 0.0272854 -0.00346378
0.054825 0.0464575 -0.997415 -67.7703 -0.0332611 0.998448 0.0446774 0.952034 0.997942 0.0307257 0.0562851 0.0438048
0.0892599 0.0465968 -0.994918 -68.2666 -0.0318607 0.998527 0.0439074 0.959571 0.995499 0.0277796 0.0906131 0.106002
0.126758 0.0466367 -0.990837 -68.7416 -0.0310093 0.998592 0.0430347 0.967898 0.991449 0.0252701 0.128025 0.188566
0.166842 0.0469265 -0.984866 -69.1858 -0.0315742 0.998609 0.0422324 0.971757 0.985478 0.0240503 0.168091 0.299526
0.212354 0.0474109 -0.976042 -69.6373 -0.0310148 0.998646 0.0417611 0.980549 0.976701 0.0214036 0.213537 0.42334
0.259342 0.0455897 -0.964709 -70.063 -0.0274303 0.99883 0.0398281 0.986185 0.965396 0.0161332 0.26029 0.586751
0.309397 0.0411469 -0.950042 -70.4676 -0.0202149 0.999122 0.0366893 0.981649 0.950718 0.00785343 0.309957 0.768108
0.359873 0.0363018 -0.932295 -70.8561 -0.0140946 0.99934 0.0334718 0.977686 0.932895 0.00109476 0.360147 0.985785
0.411912 0.0318024 -0.910668 -71.235 -0.00918136 0.999485 0.0307512 0.981695 0.911177 -0.00430562 0.411992 1.20016
0.462387 0.0307335 -0.886146 -71.6182 -0.0092538 0.999512 0.0298367 0.988877 0.88663 -0.00559591 0.462446 1.45599
0.510217 0.0287182 -0.859566 -71.9651 -0.00750826 0.999553 0.0289385 0.999053 0.860013 -0.00831105 0.510204 1.71372
0.555307 0.0248592 -0.831274 -72.2948 -0.000392101 0.999561 0.0296298 1.00487 0.831646 -0.0161277 0.555073 1.99573
0.598918 0.0181576 -0.800604 -72.6128 0.0111101 0.999458 0.0309789 0.995553 0.800733 -0.0274486 0.598392 2.30949
0.641332 0.0132069 -0.76715 -72.9161 0.0127787 0.999529 0.0278903 0.992652 0.767158 -0.0276901 0.640861 2.60726
0.682255 0.00764418 -0.731075 -73.1943 0.0100902 0.999752 0.0198698 0.9997 0.731045 -0.0209329 0.682008 2.93925
0.722737 0.00206582 -0.69112 -73.4616 0.00608524 0.999938 0.00935252 0.996062 0.691097 -0.010965 0.722679 3.25558
0.761969 -0.0013269 -0.647612 -73.731 0.00195912 0.999998 0.000256155 0.99767 0.64761 -0.00146393 0.761971 3.63659
0.798728 -0.00305702 -0.601685 -73.9751 0.00121592 0.999993 -0.00346662 0.996292 0.601691 0.00203728 0.798726 4.01543
0.833221 -0.00499556 -0.552918 -74.2111 0.00192324 0.999979 -0.00613648 0.992905 0.552937 0.00404965 0.833213 4.43199
0.863844 -0.00378761 -0.503746 -74.4354 -0.000748131 0.999961 -0.00880152 0.987067 0.50376 0.00798 0.863807 4.90862
0.889892 -0.00258313 -0.456164 -74.6343 -0.00114692 0.999968 -0.00789998 0.970035 0.456169 0.00755331 0.889861 5.36464
0.911654 0.00180937 -0.410955 -74.8457 -0.00544492 0.999956 -0.00767624 0.963254 0.410923 0.00923569 0.911623 5.87487
0.928994 0.00754398 -0.370017 -75.0258 -0.011705 0.999891 -0.0090016 0.953694 0.369909 0.0126935 0.928981 6.37951
0.942738 0.0117024 -0.333328 -75.2051 -0.0153741 0.999847 -0.00837979 0.944598 0.333178 0.0130246 0.942774 6.92036
0.953029 0.0123055 -0.30263 -75.3707 -0.0150226 0.999865 -0.00665207 0.931152 0.302508 0.0108859 0.953085 7.49945
0.960508 0.011799 -0.278003 -75.5197 -0.0136626 0.999895 -0.00476725 0.915375 0.277917 0.00837723 0.960569 8.05639
0.966627 0.0123476 -0.255892 -75.6775 -0.0135263 0.999904 -0.00284687 0.903233 0.255832 0.00621313 0.966701 8.66552
0.970996 0.0141052 -0.238679 -75.8125 -0.0146289 0.999893 -0.000422812 0.895189 0.238647 0.00390216 0.971099 9.27361
0.974612 0.0194898 -0.223051 -75.9619 -0.0196374 0.999806 0.00155635 0.884238 0.223038 0.00286331 0.974806 9.89967
0.977741 0.0216569 -0.208697 -76.1119 -0.0216419 0.999763 0.00235567 0.881689 0.208698 0.00221336 0.977978 10.5556
0.980259 0.0220645 -0.196483 -76.2331 -0.022014 0.999755 0.00244107 0.864634 0.196489 0.0019325 0.980504 11.2063
0.982877 0.0222055 -0.182923 -76.3551 -0.0221892 0.999752 0.00213607 0.855615 0.182925 0.00195941 0.983125 11.8803
0.985602 0.0223421 -0.167599 -76.4768 -0.022213 0.99975 0.00264535 0.847876 0.167616 0.00111562 0.985852 12.5859
0.98775 0.022846 -0.154366 -76.5833 -0.0226679 0.999739 0.00291433 0.839968 0.154392 0.000620525 0.988009 13.2818
0.989727 0.0231343 -0.141083 -76.6828 -0.0233095 0.999728 0.000411052 0.823905 0.141054 0.00288174 0.989998 14.0138
0.991064 0.0236342 -0.131277 -76.7726 -0.0244975 0.999688 -0.00496503 0.809553 0.131118 0.00813661 0.991333 14.7326
0.992271 0.0241347 -0.121722 -76.8629 -0.0256507 0.999612 -0.0109031 0.788598 0.121411 0.0139411 0.992504 15.4725
0.993306 0.0242039 -0.112949 -76.9514 -0.025651 0.999606 -0.0113762 0.775563 0.11263 0.0141973 0.993536 16.2345
0.993952 0.0245594 -0.107037 -77.0351 -0.0252962 0.999665 -0.00553076 0.758235 0.106865 0.00820493 0.99424 17.0044
0.994423 0.0286181 -0.101506 -77.1277 -0.028565 0.99959 0.00197731 0.745164 0.101521 0.000933228 0.994833 17.7671
0.99493 0.028036 -0.0965829 -77.2126 -0.0275604 0.999601 0.00625518 0.727474 0.0967197 -0.00356161 0.995305 18.5459
0.995184 0.0293479 -0.0935259 -77.2836 -0.0289445 0.999565 0.00566692 0.708959 0.0936515 -0.00293257 0.995601 19.2968
0.995523 0.028569 -0.090102 -77.3599 -0.0282627 0.99959 0.00467308 0.694059 0.0901986 -0.00210563 0.995922 20.0898
0.995781 0.0274866 -0.0875469 -77.4315 -0.027021 0.999614 0.00649904 0.685979 0.0876917 -0.00410601 0.996139 20.8484
0.996042 0.0250795 -0.0852754 -77.4932 -0.0243756 0.99966 0.00928626 0.673514 0.0854793 -0.00717087 0.996314 21.6092
0.996375 0.0217471 -0.082241 -77.5615 -0.0209497 0.999725 0.0105467 0.659988 0.0824477 -0.00878558 0.996557 22.3965
0.996617 0.0204779 -0.0795968 -77.6254 -0.01992 0.999771 0.00779653 0.647153 0.0797382 -0.00618458 0.996797 23.1334
0.996635 0.0250013 -0.0780576 -77.691 -0.0250649 0.999686 0.000165543 0.631418 0.0780372 0.00179152 0.996949 23.8827
0.996771 0.0250653 -0.0762838 -77.7573 -0.025674 0.999646 -0.00700929 0.613622 0.0760811 0.00894517 0.997061 24.6418
0.9968 0.0276049 -0.0750175 -77.8238 -0.0285093 0.999533 -0.0110125 0.592352 0.0746784 0.013116 0.997122 25.3938
0.99695 0.027947 -0.0728688 -77.8924 -0.0287236 0.999541 -0.00963047 0.572985 0.0725662 0.0116941 0.997295 26.1616
0.997003 0.0311865 -0.0708037 -77.9528 -0.031676 0.999481 -0.00580034 0.548839 0.0705861 0.00802573 0.997474 26.9136
0.997038 0.0346461 -0.0686719 -78.0164 -0.0348082 0.999393 -0.00116386 0.52735 0.0685899 0.00355076 0.997639 27.6695
0.99726 0.0333906 -0.0660177 -78.0716 -0.0333843 0.999442 0.00119781 0.508079 0.0660208 0.00100942 0.997818 28.4446
0.997418 0.0305924 -0.0649769 -78.1238 -0.0305699 0.999532 0.0013397 0.489831 0.0649875 0.000650101 0.997886 29.2051
0.997531 0.0286098 -0.0641428 -78.1773 -0.0286074 0.99959 0.000955416 0.470426 0.0641439 0.000881902 0.99794 29.9575
0.997603 0.0286248 -0.0630008 -78.2335 -0.0287088 0.999588 -0.00042747 0.456364 0.0629626 0.00223512 0.998013 30.7123
0.997712 0.0270885 -0.0619461 -78.2838 -0.0272375 0.999628 -0.00156323 0.43841 0.0618807 0.00324691 0.998078 31.4763
0.997809 0.0251604 -0.0611833 -78.3319 -0.0253131 0.999678 -0.00172133 0.420652 0.0611203 0.0032663 0.998125 32.2075
0.997747 0.0283819 -0.0607847 -78.3879 -0.0285003 0.999593 -0.00108173 0.405708 0.0607292 0.00281167 0.99815 32.9985
0.997697 0.0297823 -0.060938 -78.439 -0.0299334 0.999551 -0.0015686 0.391244 0.0608639 0.00338907 0.99814 33.7564
0.997679 0.0275214 -0.0622763 -78.5012 -0.0276866 0.999615 -0.00179161 0.374031 0.062203 0.00351167 0.998057 34.5378
0.997573 0.0267016 -0.0643035 -78.555 -0.0268413 0.999639 -0.00130944 0.357233 0.0642453 0.00303225 0.99793 35.3061
0.997333 0.0286789 -0.0671123 -78.6213 -0.0288257 0.999584 -0.00121942 0.340325 0.0670494 0.00315073 0.997745 36.1173
0.99711 0.0287794 -0.0703097 -78.691 -0.0289916 0.999578 -0.00199918 0.321407 0.0702225 0.0040318 0.997523 36.9005
0.996798 0.032751 -0.0729522 -78.7619 -0.0332837 0.999427 -0.00609776 0.304907 0.0727107 0.00850635 0.997317 37.6979
0.996555 0.0347231 -0.0753174 -78.838 -0.0355596 0.99932 -0.00979368 0.284416 0.0749261 0.0124382 0.997111 38.503
0.996477 0.0321292 -0.0774616 -78.9098 -0.0330567 0.999396 -0.0107208 0.26258 0.0770704 0.0132437 0.996938 39.3102
0.996346 0.0313596 -0.0794391 -78.9849 -0.0322353 0.999433 -0.00976451 0.240055 0.0790878 0.0122896 0.996792 40.1273
0.996237 0.0288196 -0.0817352 -79.0544 -0.0296081 0.999526 -0.00845147 0.210714 0.0814529 0.0108397 0.996618 40.9524
0.996093 0.0292648 -0.0833146 -79.1345 -0.0299274 0.99953 -0.00671487 0.190178 0.0830789 0.00918202 0.996501 41.7903
0.996043 0.0284036 -0.0842171 -79.2142 -0.0288295 0.999577 -0.00384474 0.173047 0.0840723 0.00625746 0.99644 42.6238
0.995931 0.0279636 -0.0856721 -79.2887 -0.0279811 0.999608 0.000995996 0.15537 0.0856664 0.00140526 0.996323 43.4699
0.996021 0.0277405 -0.0846893 -79.3714 -0.0275434 0.999615 0.00349548 0.137108 0.0847536 -0.00114894 0.996401 44.3273
0.996102 0.0303036 -0.0828444 -79.4577 -0.0300993 0.99954 0.00371396 0.123564 0.0829189 -0.00120592 0.996556 45.19
0.99624 0.0301602 -0.0812208 -79.5348 -0.0300411 0.999545 0.00268894 0.108624 0.0812649 -0.000238872 0.996693 46.0476
0.996435 0.0288631 -0.0792673 -79.6142 -0.02891 0.999582 0.000556209 0.093694 0.0792502 0.00173739 0.996853 46.9185
0.996674 0.0245394 -0.0777085 -79.6801 -0.0246939 0.999695 -0.00102864 0.0717478 0.0776595 0.00294414 0.996976 47.7997
0.99683 0.0238496 -0.0759008 -79.7567 -0.0240224 0.999711 -0.00136385 0.0534064 0.0758463 0.00318284 0.997114 48.6743
0.99696 0.0211259 -0.0750041 -79.824 -0.0211488 0.999776 0.000489577 0.0383456 0.0749977 0.00109816 0.997183 49.554
0.997092 0.0177267 -0.0741177 -79.8889 -0.0174992 0.99984 0.0037173 0.0188585 0.0741718 -0.00240949 0.997243 50.4231
0.997149 0.0167569 -0.0735748 -79.9556 -0.0165121 0.999856 0.00393337 -0.00172327 0.0736301 -0.00270727 0.997282 51.3127
0.997193 0.0186641 -0.072516 -80.0263 -0.0186859 0.999825 0.000377991 -0.0216378 0.0725104 0.000978095 0.997367 52.168
0.9971 0.0235995 -0.0723529 -80.0996 -0.0240123 0.9997 -0.00483985 -0.0499076 0.072217 0.00656317 0.997367 53.0212
0.997167 0.0249823 -0.0709551 -80.1689 -0.0257848 0.999613 -0.0104162 -0.0719147 0.0706675 0.0122163 0.997425 53.8867
0.997038 0.0307357 -0.0704957 -80.2499 -0.0319413 0.999361 -0.016038 -0.102504 0.0699578 0.0182422 0.997383 54.7348
0.997055 0.03254 -0.0694376 -80.3137 -0.0338233 0.999277 -0.0173867 -0.129912 0.0688215 0.0196841 0.997435 55.5531
0.997142 0.0304815 -0.0691322 -80.382 -0.0313722 0.999438 -0.0118355 -0.157714 0.0687325 0.0139705 0.997537 56.4401
0.997232 0.0257086 -0.0697728 -80.4445 -0.0259146 0.999662 -0.00204876 -0.188654 0.0696966 0.00385122 0.997561 57.2766
0.997216 0.0227485 -0.0710101 -80.5094 -0.0224278 0.999734 0.00530987 -0.206105 0.071112 -0.00370248 0.997461 58.1145
0.997033 0.0237935 -0.0732004 -80.5669 -0.0235794 0.999715 0.00378707 -0.229855 0.0732697 -0.00204982 0.99731 58.9531
0.996992 0.0178768 -0.0754188 -80.6414 -0.0178497 0.99984 0.00103374 -0.253057 0.0754253 0.000315572 0.997151 59.7935
0.996825 0.0169511 -0.0778023 -80.713 -0.0170764 0.999854 -0.00094479 -0.270478 0.0777749 0.00227037 0.996968 60.6313
0.996549 0.0186976 -0.0808726 -80.7825 -0.0189638 0.999817 -0.00252484 -0.296861 0.0808106 0.00404978 0.996721 61.4415
0.996174 0.020468 -0.0849657 -80.87 -0.0211035 0.999756 -0.00658727 -0.319052 0.0848101 0.00835514 0.996362 62.2758
0.995872 0.0209155 -0.0883324 -80.9549 -0.0218664 0.999713 -0.00981159 -0.339529 0.0881018 0.0117026 0.996043 63.0562
0.995544 0.022859 -0.0914891 -81.0434 -0.0241662 0.999621 -0.0132057 -0.371155 0.0911525 0.0153578 0.995719 63.8869
0.99506 0.0273194 -0.0954412 -81.1276 -0.0287589 0.999492 -0.0137394 -0.398521 0.0950174 0.0164163 0.99534 64.6848
0.99468 0.0308794 -0.0982805 -81.2235 -0.032233 0.999406 -0.0122144 -0.423617 0.0978449 0.0153173 0.995084 65.4725
0.994192 0.0339777 -0.102114 -81.3183 -0.0348281 0.999372 -0.00655582 -0.446528 0.101828 0.0100742 0.994751 66.2878
0.99368 0.034734 -0.106745 -81.4129 -0.0349571 0.999389 -0.000218838 -0.473398 0.106672 0.00394895 0.994286 67.0784
0.993276 0.0327461 -0.11104 -81.5079 -0.0326355 0.999463 0.00281348 -0.494749 0.111073 0.000829285 0.993812 67.8778
0.992455 0.0348327 -0.117559 -81.6144 -0.0345344 0.999393 0.00457435 -0.512534 0.117647 -0.000480021 0.993056 68.6681
0.99187 0.0297881 -0.12372 -81.7178 -0.0290599 0.999548 0.0076873 -0.524769 0.123893 -0.00402951 0.992287 69.4572
0.990995 0.0320726 -0.130004 -81.8359 -0.0312485 0.999477 0.00837413 -0.544173 0.130205 -0.00423628 0.991478 70.2524
0.990008 0.0352146 -0.136546 -81.9486 -0.0344983 0.999376 0.00760957 -0.553379 0.136729 -0.00282293 0.990605 71.0087
0.989032 0.0387841 -0.142518 -82.0681 -0.0385562 0.999247 0.00436074 -0.569211 0.14258 0.00118204 0.989783 71.771
0.988181 0.037944 -0.148525 -82.1912 -0.0382239 0.999269 0.000970443 -0.585861 0.148453 0.00471822 0.988908 72.5223
0.987321 0.0385339 -0.153986 -82.3222 -0.0390328 0.999238 -0.000216757 -0.6023 0.15386 0.00622451 0.988073 73.283
0.986527 0.039411 -0.158781 -82.4567 -0.0392524 0.999221 0.00413605 -0.612799 0.158821 0.00215223 0.987305 74.0629
0.985621 0.0393967 -0.164313 -82.5915 -0.0383716 0.999219 0.00940912 -0.627182 0.164555 -0.00296889 0.986363 74.8
0.984746 0.0343005 -0.170585 -82.7259 -0.0327989 0.999394 0.0116137 -0.640509 0.17088 -0.00584149 0.985274 75.5441
0.983488 0.0342103 -0.17771 -82.8747 -0.0333098 0.999413 0.00804882 -0.651422 0.177881 -0.00199642 0.98405 76.2932
0.981875 0.0346753 -0.18633 -83.028 -0.0350689 0.999384 0.00118391 -0.669208 0.186256 0.00537195 0.982486 77.0353
0.980242 0.0316186 -0.195259 -83.1931 -0.0324379 0.999473 -0.000998606 -0.681313 0.195125 0.00731267 0.980751 77.7644
0.978237 0.0302214 -0.205277 -83.3506 -0.0304768 0.999534 0.00191783 -0.698024 0.205239 0.0043801 0.978702 78.4763
0.975792 0.0300916 -0.216622 -83.5405 -0.0291322 0.999547 0.00762177 -0.706505 0.216753 -0.0011266 0.976226 79.2282
0.973156 0.0313805 -0.227997 -83.7254 -0.0285514 0.999469 0.0156967 -0.715876 0.228368 -0.00876572 0.973535 79.9566
0.970393 0.0322476 -0.239371 -83.9175 -0.0281803 0.999395 0.0203958 -0.734297 0.239884 -0.0130464 0.970714 80.6897
0.967451 0.0359638 -0.250489 -84.1179 -0.0330558 0.999328 0.0158083 -0.739697 0.250889 -0.00701362 0.967991 81.3803
0.964252 0.0348076 -0.262691 -84.3313 -0.034333 0.99939 0.00639795 -0.747972 0.262753 0.00284974 0.964859 82.0919
0.96072 0.0337898 -0.275455 -84.5455 -0.0346455 0.999398 0.0017603 -0.753427 0.275349 0.00785212 0.961312 82.8096
0.957481 0.032046 -0.286711 -84.7748 -0.0317286 0.99948 0.00575417 -0.755683 0.286747 0.00358743 0.958 83.5013
0.953917 0.0331336 -0.298234 -85.0115 -0.0304193 0.999443 0.0137397 -0.768907 0.298523 -0.00403442 0.954394 84.2203
0.950083 0.0325466 -0.310294 -85.2505 -0.0279846 0.999425 0.0191437 -0.775151 0.310739 -0.00950465 0.950448 84.9152
0.946211 0.0304799 -0.32211 -85.4988 -0.0260329 0.999497 0.0181057 -0.785128 0.3225 -0.00874638 0.946529 85.6087
0.942048 0.0288427 -0.334236 -85.7605 -0.0259315 0.999577 0.0131698 -0.78601 0.334475 -0.00373932 0.942397 86.3212
0.938882 0.0246147 -0.343358 -86.0157 -0.0237085 0.999696 0.00683765 -0.79647 0.343421 0.00172073 0.93918 87.0021
0.936018 0.0209715 -0.351327 -86.2908 -0.0221807 0.999754 0.000582729 -0.80672 0.351253 0.00724725 0.936253 87.7182
0.933234 0.0202441 -0.358698 -86.5746 -0.0222264 0.999752 -0.00140341 -0.821507 0.35858 0.00928228 0.933453 88.4255
0.930183 0.0250583 -0.366239 -86.8583 -0.0274094 0.999624 -0.00122037 -0.83211 0.36607 0.0111735 0.93052 89.0972
0.926993 0.0264365 -0.374146 -87.158 -0.0280843 0.999605 0.00104817 -0.849441 0.374026 0.00953597 0.927369 89.8149
0.923754 0.0265399 -0.382067 -87.4412 -0.0257337 0.999643 0.00722066 -0.857759 0.382122 0.00316189 0.924107 90.4925
0.920926 0.0291485 -0.388647 -87.7481 -0.0250938 0.999565 0.0155059 -0.868244 0.38893 -0.00452714 0.921256 91.2145
0.918244 0.0366301 -0.394318 -88.0654 -0.0300719 0.999288 0.0228006 -0.8747 0.394872 -0.0090786 0.918691 91.9063
0.915444 0.0441818 -0.400012 -88.3808 -0.0393154 0.999019 0.0203679 -0.876121 0.400519 -0.00291906 0.916284 92.5802
0.913116 0.0420767 -0.405522 -88.705 -0.0406245 0.9991 0.0121916 -0.878613 0.40567 0.00534174 0.914004 93.2797
0.910971 0.0358502 -0.410909 -89.0116 -0.0368947 0.999305 0.00539122 -0.895953 0.410816 0.0102491 0.911661 93.983
0.909109 0.0365119 -0.414955 -89.3449 -0.0381458 0.999263 0.0043531 -0.903201 0.414808 0.0118714 0.909831 94.684
0.907139 0.0409692 -0.418831 -89.6695 -0.0410086 0.999119 0.00891185 -0.901502 0.418828 0.0090914 0.90802 95.3641
0.904625 0.042135 -0.42412 -90.0128 -0.0400535 0.999102 0.0138257 -0.91281 0.424321 0.00448039 0.905501 96.0579
0.902129 0.0395816 -0.429646 -90.3495 -0.0378389 0.999204 0.0126021 -0.929133 0.429803 0.0048886 0.902909 96.7685
0.899949 0.0376266 -0.434368 -90.6905 -0.038801 0.999228 0.00616658 -0.93868 0.434264 0.0113043 0.900715 97.4347
0.89766 0.0360393 -0.439213 -91.0435 -0.0402268 0.999191 -0.000227151 -0.95055 0.43885 0.017872 0.898383 98.1272
0.89553 0.0376441 -0.443405 -91.4044 -0.04287 0.999079 -0.00176348 -0.963296 0.44293 0.020588 0.89632 98.8059
0.8936 0.0385964 -0.447201 -91.7611 -0.0420856 0.999112 0.00213404 -0.975271 0.446887 0.0169138 0.894431 99.478
0.891254 0.0412126 -0.451629 -92.1224 -0.0436374 0.999035 0.00505025 -0.992766 0.451401 0.0152068 0.892192 100.176
0.888939 0.0421405 -0.456083 -92.4815 -0.044439 0.998996 0.00568889 -1.00904 0.455865 0.0152108 0.889919 100.849
0.886514 0.0402599 -0.460946 -92.8364 -0.0425974 0.999078 0.00533597 -1.02193 0.460736 0.0149047 0.887412 101.527
0.884712 0.0388314 -0.464519 -93.2103 -0.0414657 0.99913 0.00454754 -1.03912 0.464291 0.0152383 0.885552 102.206
0.882486 0.0379359 -0.468806 -93.5603 -0.0401134 0.999181 0.00534408 -1.0495 0.468625 0.0140893 0.883285 102.856
0.880348 0.0390666 -0.472717 -93.9394 -0.0412831 0.999131 0.00568862 -1.06491 0.472529 0.0145073 0.881196 103.534
0.877993 0.0391368 -0.477071 -94.3066 -0.0414282 0.999125 0.00572014 -1.07792 0.476877 0.0147419 0.878846 104.182
0.875585 0.0367952 -0.48166 -94.6784 -0.0407505 0.999167 0.00225058 -1.09626 0.481341 0.0176573 0.876355 104.845
0.873354 0.0334542 -0.485935 -95.0448 -0.0394767 0.999218 -0.00215912 -1.11323 0.485483 0.0210688 0.873992 105.481
0.871373 0.0322683 -0.489558 -95.4153 -0.0397473 0.999198 -0.00488671 -1.1324 0.489008 0.0237168 0.871957 106.121
0.869295 0.0343049 -0.493103 -95.7864 -0.0402861 0.999187 -0.00150788 -1.14359 0.49265 0.021176 0.86997 106.764
0.86743 0.0376815 -0.496131 -96.1581 -0.0392401 0.999203 0.00728343 -1.15728 0.49601 0.0131503 0.868217 107.393
0.865999 0.0388922 -0.498532 -96.5172 -0.0353361 0.999238 0.0165718 -1.16991 0.498796 0.00326499 0.866713 108.012
0.864404 0.0378983 -0.501367 -96.8842 -0.0310764 0.999276 0.0219566 -1.18064 0.501837 -0.00339866 0.864956 108.645
0.862859 0.036229 -0.504145 -97.2284 -0.0291611 0.999335 0.0219043 -1.18903 0.504603 -0.00419888 0.863341 109.229
0.860925 0.0344511 -0.507564 -97.5804 -0.0291077 0.999406 0.018463 -1.19432 0.507898 -0.00112123 0.861416 109.815
0.859252 0.0327244 -0.510505 -97.9254 -0.0288624 0.999463 0.0154882 -1.20099 0.510738 0.00142614 0.859735 110.387
0.858114 0.0310968 -0.512517 -98.2545 -0.0276342 0.999515 0.0143769 -1.20746 0.512716 0.00182601 0.858557 110.927
0.856504 0.0298257 -0.515279 -98.593 -0.0262971 0.999554 0.0141454 -1.21499 0.515471 0.00143471 0.856906 111.482
0.855303 0.0291695 -0.517307 -98.911 -0.0248777 0.999574 0.015231 -1.22195 0.517532 -0.000157682 0.855664 111.988
0.854034 0.0287219 -0.519424 -99.2158 -0.0234596 0.999585 0.0167007 -1.2292 0.519688 -0.00207745 0.854353 112.493
0.852733 0.0280847 -0.521592 -99.518 -0.022292 0.9996 0.0173784 -1.23499 0.521872 -0.00319185 0.853018 112.971
0.851274 0.0264086 -0.524057 -99.7898 -0.0199884 0.99964 0.0179054 -1.24568 0.524341 -0.00476737 0.851495 113.416
0.850222 0.0253823 -0.525813 -100.074 -0.0194117 0.999669 0.0168686 -1.2534 0.526067 -0.00413514 0.850433 113.871
0.849175 0.0254422 -0.527498 -100.341 -0.0215069 0.999676 0.0135941 -1.26485 0.527673 -0.000198908 0.849447 114.273
0.8474 0.0239381 -0.530415 -100.592 -0.0222822 0.999706 0.00951922 -1.27312 0.530487 0.0037522 0.847685 114.672
0.845119 0.0202572 -0.534194 -100.837 -0.019132 0.999788 0.0076454 -1.27959 0.534235 0.0037589 0.845327 115.052
0.842856 0.0162864 -0.537893 -101.059 -0.0143586 0.999867 0.0077748 -1.28706 0.537948 0.00117035 0.842978 115.406
0.839537 0.0164625 -0.543053 -101.299 -0.0137021 0.999865 0.00912779 -1.29247 0.543129 -0.000222167 0.839649 115.764
0.83566 0.020359 -0.54887 -101.522 -0.0169831 0.999793 0.011228 -1.29842 0.548985 -6.12335e-05 0.835832 116.079
0.832018 0.026147 -0.554132 -101.747 -0.0212322 0.999658 0.0152897 -1.30282 0.554342 -0.000955881 0.832288 116.388
0.827697 0.0316335 -0.560283 -101.96 -0.023004 0.999483 0.0224473 -1.30405 0.560703 -0.00569085 0.827997 116.671
0.82355 0.0335885 -0.566249 -102.155 -0.0222617 0.99939 0.0269041 -1.3078 0.566807 -0.00955116 0.823795 116.953
0.818223 0.0309632 -0.574067 -102.35 -0.0179948 0.999439 0.028258 -1.31118 0.57462 -0.0127911 0.81832 117.215
0.811224 0.0289724 -0.584018 -102.531 -0.0145634 0.999463 0.029353 -1.31399 0.584555 -0.0153066 0.81121 117.452
0.80331 0.0274819 -0.594926 -102.701 -0.0115061 0.999465 0.0306326 -1.31654 0.59545 -0.0177622 0.803196 117.67
0.793186 0.0279422 -0.608337 -102.878 -0.0108154 0.999436 0.0318043 -1.31859 0.608883 -0.0186473 0.793041 117.874
0.781771 0.0295157 -0.622867 -103.052 -0.0124783 0.99942 0.0316977 -1.31989 0.623441 -0.017008 0.781685 118.062
0.767838 0.0286268 -0.640004 -103.22 -0.012506 0.999481 0.029702 -1.32406 0.640522 -0.0148024 0.767797 118.222
0.753602 0.0264374 -0.656799 -103.384 -0.0135325 0.999603 0.0247089 -1.32602 0.657192 -0.0097325 0.753661 118.372
0.738924 0.0229314 -0.673398 -103.54 -0.0131394 0.999721 0.0196258 -1.32965 0.673661 -0.00565393 0.739019 118.513
0.723682 0.0231343 -0.689746 -103.703 -0.0169745 0.999732 0.0157217 -1.32812 0.689925 0.000330594 0.723881 118.635
0.708635 0.0268479 -0.705065 -103.872 -0.0243053 0.999612 0.0136355 -1.32485 0.705157 0.00747417 0.709012 118.77
0.691464 0.0289536 -0.721831 -104.039 -0.027437 0.999528 0.0138096 -1.31781 0.72189 0.010256 0.691932 118.884
0.673237 0.0277711 -0.738905 -104.213 -0.0240959 0.999588 0.0156142 -1.31881 0.739034 0.00729247 0.673629 119.016
0.653887 0.0268523 -0.756116 -104.385 -0.0213086 0.999627 0.0170726 -1.31585 0.756292 0.00494818 0.654215 119.138
0.632449 0.0288467 -0.774065 -104.562 -0.0209663 0.999578 0.0201203 -1.31652 0.774318 0.00350417 0.632787 119.243
0.60907 0.0334513 -0.79241 -104.76 -0.0244841 0.999427 0.0233712 -1.30999 0.792738 0.00516676 0.60954 119.356
0.584052 0.0378111 -0.810836 -104.956 -0.0266066 0.99927 0.0274333 -1.30726 0.81128 0.00555112 0.584631 119.446
0.560293 0.0410526 -0.827277 -105.153 -0.0281045 0.999138 0.0305465 -1.30553 0.827818 0.00613517 0.560964 119.55
0.534055 0.0444992 -0.844278 -105.349 -0.0312506 0.998971 0.0328848 -1.30558 0.844872 0.00882186 0.534896 119.622
0.50763 0.0488961 -0.860186 -105.546 -0.0350406 0.998734 0.0360928 -1.3017 0.860862 0.0118197 0.508701 119.689
0.480393 0.0524501 -0.875483 -105.753 -0.0371859 0.998531 0.0394172 -1.30049 0.876264 0.0136199 0.481638 119.768
0.451695 0.052273 -0.89064 -105.944 -0.0358741 0.998539 0.0404119 -1.30435 0.891451 0.013697 0.45291 119.835
0.419889 0.0495533 -0.906222 -106.169 -0.0350749 0.998648 0.0383556 -1.30452 0.906898 0.0156806 0.421059 119.896
0.386502 0.0456674 -0.921157 -106.402 -0.0347373 0.998785 0.0349407 -1.29942 0.921634 0.0184938 0.387619 119.964
0.347951 0.043279 -0.936513 -106.66 -0.0337214 0.998865 0.0336316 -1.29296 0.936906 0.0198783 0.349016 120.006
0.307006 0.042232 -0.95077 -106.933 -0.0324573 0.998898 0.0338892 -1.28433 0.951154 0.0204552 0.308038 120.062
0.264289 0.0406493 -0.963587 -107.228 -0.0309215 0.998955 0.0336603 -1.27479 0.963948 0.0208995 0.265269 120.104
0.218185 0.0382945 -0.975156 -107.524 -0.0296425 0.999029 0.0325996 -1.26417 0.975457 0.0217933 0.219108 120.129
0.169165 0.0361534 -0.984924 -107.859 -0.0279712 0.999101 0.0318695 -1.25237 0.985191 0.0221583 0.170025 120.145
0.119568 0.035814 -0.99218 -108.201 -0.0266801 0.999104 0.0328488 -1.24017 0.992468 0.0225438 0.120416 120.136
0.0680582 0.0372 -0.996988 -108.543 -0.024635 0.999063 0.0355957 -1.22815 0.997377 0.0221382 0.0689108 120.109
0.0150519 0.0396529 -0.9991 -108.914 -0.0207552 0.999011 0.0393366 -1.21797 0.999671 0.0201444 0.01586 120.084
-0.0377346 0.0418621 -0.998411 -109.266 -0.0157826 0.998973 0.0424822 -1.21055 0.999163 0.0173606 -0.0370351 120.027
-0.0916989 0.0435606 -0.994834 -109.667 -0.0109292 0.998939 0.0447477 -1.19782 0.995727 0.014976 -0.0911255 119.952
-0.144737 0.0455636 -0.988421 -110.06 -0.00668072 0.998872 0.0470236 -1.18791 0.989448 0.0134094 -0.144269 119.851
-0.195564 0.0470103 -0.979564 -110.448 -0.00329105 0.998813 0.0485912 -1.17252 0.980685 0.0127265 -0.195177 119.728
-0.245424 0.0483699 -0.968208 -110.877 0.00111514 0.998768 0.0496139 -1.15543 0.969415 0.0110968 -0.245176 119.584
-0.293959 0.0500843 -0.954505 -111.298 0.00693068 0.998712 0.0502694 -1.14066 0.955793 0.00816175 -0.293927 119.417
-0.340444 0.0516301 -0.938846 -111.716 0.012767 0.998653 0.0502895 -1.12582 0.940178 0.00513449 -0.340644 119.235
-0.385093 0.053478 -0.921327 -112.172 0.0183986 0.998566 0.0502711 -1.10906 0.922695 0.00240789 -0.385525 119.01
-0.427575 0.0548982 -0.902311 -112.612 0.0228116 0.998492 0.0499403 -1.08874 0.903692 0.000770059 -0.428183 118.771
-0.466297 0.0559852 -0.882855 -113.076 0.0260594 0.998432 0.0495505 -1.07002 0.884245 9.85536e-05 -0.467024 118.492
-0.500359 0.0563506 -0.863982 -113.519 0.0278102 0.998411 0.0490125 -1.05013 0.865371 0.000496271 -0.501131 118.203
-0.528898 0.0560891 -0.84683 -113.996 0.0283051 0.998424 0.0484516 -1.02976 0.848213 0.00165629 -0.529652 117.872
-0.551826 0.0547888 -0.832157 -114.455 0.0276231 0.998493 0.0474226 -1.00885 0.833502 0.00318223 -0.552508 117.538
