1 -4.1311e-11 -1.95776e-11 0 -4.12612e-11 1 -1.70424e-11 0 -1.42043e-10 -1.70424e-11 1 -2.98023e-08
1 -0.000537326 -0.000509397 -0.00789298 0.000538322 0.999998 0.00195439 -0.0379508 0.000508346 -0.00195466 0.999998 1.29771
0.999998 -0.00219542 -0.000322266 -0.0229137 0.00219618 0.999995 0.00238401 -0.0656427 0.00031703 -0.00238471 0.999997 2.60079
0.999995 -0.00289134 -0.00116562 -0.0331017 0.00289381 0.999994 0.00212828 -0.0972801 0.00115946 -0.00213164 0.999997 3.93862
0.999994 -0.00348529 -0.000145389 -0.0394646 0.00348559 0.999992 0.0021463 -0.122928 0.000137908 -0.0021468 0.999998 5.2295
0.999991 -0.00410118 -0.00087912 -0.0511791 0.00410376 0.999987 0.00295959 -0.145202 0.000866971 -0.00296317 0.999995 6.57232
0.999987 -0.00508206 -0.000289173 -0.057251 0.00508326 0.999978 0.00432075 -0.172981 0.000267208 -0.00432216 0.999991 7.8896
0.999985 -0.00538874 -0.000247552 -0.0651619 0.00538986 0.999974 0.00479234 -0.194836 0.00022172 -0.00479361 0.999989 9.21004
0.99999 -0.00425117 -0.00108689 -0.0793535 0.00425483 0.999985 0.0033866 -0.221568 0.00107248 -0.00339119 0.999994 10.5546
0.999999 -0.00143752 -0.000891639 -0.0942705 0.0014387 0.999998 0.00132527 -0.243333 0.000889732 -0.00132655 0.999999 11.8626
0.999997 0.00195884 -0.00121303 -0.114107 -0.0019583 0.999998 0.000443989 -0.275686 0.00121389 -0.000441612 0.999999 13.2173
0.99999 0.00426608 -0.00135715 -0.135007 -0.00426536 0.999991 0.000536284 -0.301311 0.00135943 -0.000530489 0.999999 14.547
0.999987 0.00499298 -0.000653078 -0.154352 -0.00499216 0.999987 0.00124746 -0.326959 0.000659298 -0.00124419 0.999999 15.8943
0.999996 0.00270803 -0.000909502 -0.148419 -0.00270433 0.999988 0.00404042 -0.35356 0.000920432 -0.00403795 0.999992 17.2635
0.999999 -0.00155603 -0.000233349 -0.153945 0.0015574 0.999981 0.00596711 -0.379232 0.00022406 -0.00596746 0.999982 18.5993
0.999993 -0.00362508 -0.000457101 -0.166084 0.00362692 0.999985 0.00408963 -0.406497 0.000442268 -0.00409126 0.999992 19.9641
0.999988 -0.00483157 -0.000566088 -0.163719 0.00483264 0.999987 0.00189496 -0.426642 0.000556924 -0.00189768 0.999998 21.2977
0.999997 -0.00236118 1.60575e-05 -0.159167 0.00236116 0.999997 0.000939413 -0.463818 -1.82756e-05 -0.000939373 1 22.6869
1 6.97364e-05 0.000159848 -0.161572 -7.0049e-05 0.999998 0.00196122 -0.480207 -0.000159711 -0.00196123 0.999998 24.0474
0.999998 6.21618e-05 0.00175045 -0.169769 -7.28458e-05 0.999981 0.00610455 -0.499405 -0.00175004 -0.00610466 0.99998 25.4103
0.999996 -0.00208255 0.00170784 -0.173514 0.00207011 0.999972 0.0072538 -0.520937 -0.00172289 -0.00725023 0.999972 26.7923
0.999983 -0.0055219 0.00192847 -0.177136 0.00550875 0.999962 0.00675869 -0.549316 -0.00196572 -0.00674795 0.999975 28.157
0.999981 -0.00602703 0.00130261 -0.169782 0.00602207 0.999975 0.00377755 -0.56575 -0.00132534 -0.00376963 0.999992 29.5353
0.999977 -0.00619904 0.00285439 -0.202839 0.0061925 0.999978 0.00229461 -0.595047 -0.00286855 -0.00227688 0.999993 30.9179
0.999991 -0.00324194 0.00287141 -0.205458 0.00324029 0.999995 0.00057906 -0.617536 -0.00287328 -0.00056975 0.999996 32.2832
0.999994 -0.0014229 0.00324122 -0.194054 0.00142571 0.999999 -0.000866921 -0.651826 -0.00323999 0.000871536 0.999994 33.6726
0.999991 -0.000315445 0.00418315 -0.216237 0.000318752 1 -0.000790205 -0.67999 -0.0041829 0.000791531 0.999991 35.045
0.999993 -0.00156692 0.00346974 -0.207078 0.00156355 0.999998 0.00097568 -0.709877 -0.00347126 -0.000970247 0.999994 36.4366
0.999996 0.000174457 0.00291023 -0.21229 -0.000181561 0.999997 0.00244106 -0.736987 -0.00290979 -0.00244158 0.999993 37.8429
0.999993 0.0025792 0.00285535 -0.211764 -0.00258634 0.999994 0.00250129 -0.765266 -0.00284888 -0.00250865 0.999993 39.2236
0.99998 0.00527797 0.00350596 -0.228113 -0.00528662 0.999983 0.00246281 -0.791373 -0.0034929 -0.0024813 0.999991 40.6235
0.999965 0.00728823 0.00402108 -0.250722 -0.00729936 0.99997 0.00275952 -0.816443 -0.00400085 -0.00278878 0.999988 42.0295
0.99996 0.00850097 0.00271254 -0.233414 -0.00850904 0.999959 0.00297972 -0.844117 -0.0026871 -0.00300268 0.999992 43.4476
0.999968 0.00734749 0.003319 -0.252119 -0.00735726 0.999969 0.00294179 -0.871541 -0.00329728 -0.00296612 0.99999 44.8616
0.999976 0.00659312 0.00219162 -0.249792 -0.00659867 0.999975 0.00253525 -0.898114 -0.00217485 -0.00254965 0.999994 46.2434
0.999978 0.00637136 0.0018009 -0.249806 -0.0063766 0.999975 0.0029213 -0.927525 -0.00178225 -0.00293272 0.999994 47.6745
0.999981 0.00618045 0.000599475 -0.257583 -0.00618261 0.999974 0.00366455 -0.951475 -0.000576811 -0.00366819 0.999993 49.0767
0.999971 0.00754281 -0.000854322 -0.255252 -0.00753959 0.999965 0.00371119 -0.980172 0.000882284 -0.00370465 0.999993 50.5059
0.999968 0.00775614 -0.00168712 -0.273395 -0.00774918 0.999962 0.00408964 -1.00536 0.00171877 -0.00407643 0.99999 51.9423
0.999969 0.00735807 -0.00296914 -0.280221 -0.0073428 0.99996 0.00512074 -1.02874 0.0030067 -0.00509878 0.999983 53.3454
0.999974 0.00605387 -0.00396687 -0.280388 -0.00602944 0.999963 0.00614047 -1.05276 0.0040039 -0.00611639 0.999973 54.8054
0.999981 0.00445594 -0.0043876 -0.299947 -0.00442811 0.99997 0.00633239 -1.07807 0.00441569 -0.00631283 0.99997 56.2051
0.999986 0.00257995 -0.00468655 -0.312687 -0.00255305 0.99998 0.00573646 -1.10548 0.00470126 -0.00572442 0.999973 57.6215
0.99999 0.00121008 -0.00439058 -0.32564 -0.00118318 0.999981 0.00612604 -1.12829 0.0043979 -0.00612078 0.999972 59.0801
0.999994 0.000423104 -0.00332015 -0.345288 -0.000400263 0.999976 0.00687757 -1.15401 0.00332298 -0.0068762 0.999971 60.4719
0.999992 -0.00189495 -0.00338923 -0.350619 0.00192039 0.99997 0.0075177 -1.17481 0.00337489 -0.00752415 0.999966 61.942
0.99999 -0.00358387 -0.00271742 -0.360491 0.00360406 0.999966 0.00745867 -1.19868 0.0026906 -0.00746839 0.999969 63.337
0.999987 -0.00455453 -0.0022169 -0.369029 0.00456896 0.999968 0.00654547 -1.22618 0.00218701 -0.00655551 0.999976 64.7745
0.999988 -0.0045021 -0.00194136 -0.376003 0.00451409 0.99997 0.00621311 -1.25457 0.00191333 -0.00622179 0.999979 66.198
0.999996 -0.00231559 -0.00160547 -0.377184 0.00232566 0.999977 0.00629851 -1.2797 0.00159085 -0.00630222 0.999979 67.5963
1 0.000381089 -0.000151318 -0.399839 -0.000379932 0.999971 0.00756849 -1.30423 0.000154198 -0.00756843 0.999971 69.0193
0.999991 0.0042955 -8.92521e-06 -0.409468 -0.00429526 0.999952 0.00875555 -1.33015 4.65338e-05 -0.00875543 0.999962 70.4578
0.999971 0.00761209 0.000578641 -0.417548 -0.00761716 0.999927 0.00934127 -1.35398 -0.000507492 -0.00934541 0.999956 71.9259
0.999921 0.0123546 0.00217587 -0.445184 -0.0123737 0.999883 0.00899223 -1.37377 -0.00206452 -0.00901845 0.999957 73.2533
0.999875 0.0156485 0.00230639 -0.44512 -0.0156674 0.999842 0.00839865 -1.39829 -0.0021746 -0.00843374 0.999962 74.6535
0.999846 0.0172618 0.00321248 -0.459217 -0.0172879 0.999816 0.00830785 -1.41892 -0.00306848 -0.00836211 0.99996 76.1469
0.999847 0.0171405 0.00352286 -0.465382 -0.0171711 0.999813 0.00885998 -1.43986 -0.00337033 -0.00891912 0.999955 77.4692
0.99987 0.0157583 0.00354931 -0.46487 -0.0157892 0.999836 0.00886376 -1.4641 -0.00340905 -0.00891865 0.999954 78.9205
0.999878 0.0152827 0.00328882 -0.470518 -0.0153082 0.999852 0.00786714 -1.48809 -0.0031681 -0.00791652 0.999964 80.2726
0.999895 0.0142167 0.00297284 -0.472222 -0.0142401 0.999867 0.00799874 -1.50905 -0.00285873 -0.00804023 0.999964 81.6242
0.999895 0.0142475 0.00257506 -0.474423 -0.014268 0.999865 0.00814944 -1.53362 -0.00245861 -0.00818532 0.999963 83.0804
0.999896 0.0142781 0.00222129 -0.475289 -0.014295 0.999867 0.00780637 -1.55837 -0.00210954 -0.00783731 0.999967 84.4087
0.999894 0.0144935 0.00137511 -0.484334 -0.0145043 0.999861 0.0081706 -1.58005 -0.0012565 -0.00818967 0.999966 85.8818
0.999909 0.0134856 0.000561555 -0.497192 -0.0134901 0.99987 0.00885577 -1.60213 -0.000442056 -0.00886254 0.999961 87.1953
0.99993 0.0118021 -0.000678255 -0.501134 -0.0117947 0.999881 0.00996016 -1.62595 0.000795724 -0.00995146 0.99995 88.6616
0.999952 0.00961068 -0.00178606 -0.50976 -0.00959107 0.999897 0.0106792 -1.64536 0.00188851 -0.0106615 0.999941 90.0201
0.999967 0.00776248 -0.0022839 -0.516612 -0.00773738 0.999912 0.0107991 -1.66558 0.00236753 -0.0107811 0.999939 91.3571
0.999974 0.00656844 -0.00308767 -0.526355 -0.00653649 0.999926 0.0102459 -1.68738 0.00315474 -0.0102254 0.999943 92.7608
0.99998 0.00548783 -0.0031984 -0.535791 -0.00545628 0.999937 0.00979029 -1.71021 0.00325193 -0.00977264 0.999947 94.1167
0.999978 0.00583177 -0.00324342 -0.544255 -0.00580068 0.999938 0.00951341 -1.7291 0.0032987 -0.00949439 0.99995 95.511
0.99998 0.00552565 -0.00316863 -0.557952 -0.0054971 0.999945 0.00894973 -1.7513 0.00321791 -0.00893213 0.999955 96.9057
0.999971 0.00694295 -0.0030504 -0.567043 -0.0069175 0.999942 0.00827687 -1.77521 0.00310769 -0.00825553 0.999961 98.1713
0.999962 0.00831657 -0.00248273 -0.582521 -0.00829529 0.99993 0.00845958 -1.79521 0.00255291 -0.00843866 0.999961 99.5875
0.999956 0.00906914 -0.0023498 -0.593618 -0.00904555 0.99991 0.00986238 -1.82005 0.00243903 -0.00984069 0.999949 100.98
0.999952 0.00953687 -0.00246613 -0.604741 -0.00950804 0.999889 0.0114482 -1.83653 0.00257504 -0.0114242 0.999931 102.32
0.999956 0.00920074 -0.00200447 -0.620896 -0.0091799 0.999906 0.0101661 -1.86027 0.00209782 -0.0101472 0.999946 103.643
0.999951 0.00970492 -0.00208301 -0.627294 -0.00968857 0.999923 0.00772255 -1.88006 0.0021578 -0.00770198 0.999968 105.009
0.999951 0.00962168 -0.00215864 -0.636655 -0.00960745 0.999933 0.00650745 -1.90222 0.0022211 -0.0064864 0.999977 106.323
0.999977 0.00653824 -0.00200175 -0.649494 -0.00652246 0.999948 0.00779059 -1.92351 0.00205259 -0.00777735 0.999968 107.644
0.99999 0.00419355 -0.0013242 -0.652882 -0.00417997 0.99994 0.0100984 -1.94178 0.00136647 -0.0100928 0.999948 108.986
0.999997 0.00245398 -0.000644838 -0.662752 -0.00244691 0.999939 0.0107431 -1.96608 0.000671161 -0.0107415 0.999942 110.288
0.999999 0.00163236 0.000518723 -0.669059 -0.00163726 0.999953 0.00959511 -1.98454 -0.000503036 -0.00959594 0.999954 111.635
0.999992 0.00400788 0.00092858 -0.66611 -0.00401425 0.999968 0.00696284 -2.00647 -0.000900644 -0.00696651 0.999975 113.007
0.999978 0.00632891 0.00214869 -0.669169 -0.00633964 0.999967 0.00502476 -2.02779 -0.00211682 -0.00503827 0.999985 114.29
0.999948 0.00953433 0.0036469 -0.682969 -0.00955229 0.999942 0.00493833 -2.04926 -0.0035996 -0.00497291 0.999981 115.645
0.999934 0.0103013 0.00501992 -0.688929 -0.010336 0.999923 0.00693686 -2.06951 -0.00494807 -0.00698829 0.999963 116.969
0.999932 0.0101266 0.00580194 -0.685816 -0.0101816 0.999903 0.00953282 -2.08965 -0.00570485 -0.00959124 0.999938 118.367
0.99993 0.00970003 0.00678115 -0.686085 -0.00976798 0.999902 0.0100589 -2.11274 -0.00668291 -0.0101244 0.999926 119.705
0.999919 0.0100687 0.00782659 -0.685108 -0.010143 0.999903 0.00951426 -2.12683 -0.00773004 -0.00959288 0.999924 121.024
0.999894 0.0112726 0.0091973 -0.679772 -0.0113546 0.999896 0.0089167 -2.14661 -0.00909583 -0.00902019 0.999918 122.362
0.999858 0.0132206 0.010417 -0.669402 -0.0133117 0.999873 0.00872555 -2.16189 -0.0103004 -0.00886299 0.999908 123.658
0.99983 0.0142732 0.0116403 -0.672531 -0.0143626 0.999868 0.00763809 -2.18481 -0.0115297 -0.00780398 0.999903 125.075
0.999799 0.0153912 0.0128262 -0.664136 -0.0154813 0.999856 0.00695854 -2.20156 -0.0127173 -0.00715571 0.999894 126.378
0.999808 0.0141709 0.0135545 -0.656387 -0.0142664 0.999874 0.00698057 -2.22362 -0.0134538 -0.0071726 0.999884 127.734
0.9998 0.0138618 0.0144431 -0.643431 -0.0139781 0.999871 0.00797644 -2.24459 -0.0143306 -0.00817672 0.999864 129.11
0.999799 0.0126487 0.0155781 -0.627647 -0.0127915 0.999877 0.00909945 -2.263 -0.0154611 -0.00929689 0.999837 130.403
0.9998 0.0119919 0.0159949 -0.61668 -0.0121394 0.999884 0.00916014 -2.2845 -0.0158832 -0.00935247 0.99983 131.769
0.999828 0.00957853 0.0158922 -0.600002 -0.00973372 0.999905 0.00971642 -2.30159 -0.0157976 -0.00986944 0.999827 133.091
0.99985 0.00745029 0.0156515 -0.584848 -0.00761134 0.999918 0.0102556 -2.31877 -0.0155738 -0.0103732 0.999825 134.423
0.999864 0.00622396 0.0152599 -0.568926 -0.00637946 0.999928 0.0101621 -2.33638 -0.0151955 -0.0102581 0.999832 135.709
0.999891 0.00518086 0.0138525 -0.553185 -0.00532226 0.999934 0.0101904 -2.35419 -0.0137988 -0.010263 0.999852 137.096
0.999911 0.00309097 0.0129911 -0.53522 -0.0032331 0.999935 0.0109342 -2.37164 -0.0129565 -0.0109752 0.999856 138.411
0.999925 0.00210752 0.0120955 -0.521194 -0.00224646 0.999932 0.011485 -2.38995 -0.0120705 -0.0115113 0.999861 139.814
0.999944 0.000882152 0.0105386 -0.509602 -0.00100196 0.999935 0.011369 -2.40597 -0.0105278 -0.0113789 0.99988 141.157
0.999953 0.00153007 0.00954544 -0.500846 -0.00163676 0.999936 0.0111795 -2.4239 -0.00952773 -0.0111946 0.999892 142.495
0.999963 0.000656423 0.00853648 -0.494379 -0.000745339 0.999945 0.010417 -2.43552 -0.00852918 -0.010423 0.999909 143.838
0.99997 -0.000702617 0.0076999 -0.48799 0.000637718 0.999964 0.00842782 -2.45621 -0.00770555 -0.00842266 0.999935 145.216
0.99996 -0.00591456 0.00668287 -0.481191 0.00586365 0.999954 0.00761212 -2.48059 -0.00672758 -0.00757263 0.999949 146.549
0.999889 -0.0137592 0.00574698 -0.461116 0.0136986 0.999852 0.0104543 -2.49502 -0.00588997 -0.0103744 0.999929 147.939
0.99975 -0.0219987 0.00404281 -0.438582 0.0219496 0.999689 0.0118035 -2.51155 -0.00430121 -0.0117118 0.999922 149.268
0.999686 -0.0249038 0.00285069 -0.430358 0.0248772 0.99965 0.00902252 -2.53048 -0.00307439 -0.00894877 0.999955 150.604
0.999716 -0.0235748 0.00346498 -0.429855 0.0235558 0.999708 0.00541924 -2.55567 -0.00359173 -0.00533608 0.999979 151.933
0.99978 -0.02054 0.00426717 -0.429136 0.0205266 0.999784 0.00317032 -2.57473 -0.00433136 -0.00308204 0.999986 153.315
0.999799 -0.0193848 0.00521532 -0.425158 0.0193676 0.999807 0.00331637 -2.60413 -0.0052786 -0.00321469 0.999981 154.618
0.999717 -0.0230379 0.00597094 -0.420184 0.0229995 0.999715 0.00642163 -2.62466 -0.00611717 -0.00628248 0.999962 155.988
0.999563 -0.0289091 0.00618669 -0.40871 0.0288483 0.999537 0.00970681 -2.6492 -0.00646444 -0.00952409 0.999934 157.329
0.999446 -0.0326648 0.00638998 -0.401569 0.0325941 0.99941 0.0108705 -2.6657 -0.00674128 -0.0106562 0.99992 158.64
0.999383 -0.0345873 0.00602983 -0.38298 0.0345185 0.999342 0.0111638 -2.68261 -0.00641198 -0.0109488 0.99992 160.017
0.999445 -0.032609 0.00681535 -0.372927 0.0325285 0.999403 0.0116106 -2.69884 -0.00718989 -0.0113825 0.999909 161.349
0.999543 -0.0290505 0.00831074 -0.380942 0.0289598 0.999522 0.0108302 -2.71474 -0.00862139 -0.0105846 0.999907 162.736
0.99965 -0.0247259 0.00940215 -0.385672 0.0246448 0.999659 0.00864902 -2.73413 -0.0096128 -0.00841428 0.999919 164.076
0.999719 -0.0214617 0.0100977 -0.374771 0.0213807 0.999739 0.00806401 -2.75201 -0.0102681 -0.00784585 0.999917 165.452
0.999737 -0.0204464 0.0104092 -0.372648 0.0203492 0.999749 0.00935544 -2.76667 -0.0105978 -0.00914116 0.999902 166.805
0.999762 -0.0193554 0.0100777 -0.36627 0.019263 0.999772 0.00919423 -2.78656 -0.0102534 -0.00899791 0.999907 168.155
0.999812 -0.0167614 0.00973127 -0.366381 0.0166937 0.999836 0.00699284 -2.80567 -0.00984689 -0.00682908 0.999928 169.584
0.999879 -0.0123236 0.00947033 -0.359362 0.0122858 0.999916 0.00403564 -2.83349 -0.00951927 -0.0039188 0.999947 170.99
0.999934 -0.00706454 0.00910452 -0.363034 0.00703954 0.999971 0.00277531 -2.8556 -0.00912387 -0.00271103 0.999955 172.302
0.99995 -0.00319597 0.00944493 -0.363564 0.0031599 0.999988 0.00383133 -2.87763 -0.00945706 -0.00380129 0.999948 173.75
0.999951 -0.000186415 0.00995095 -0.361076 0.000128244 0.999983 0.00584603 -2.90183 -0.00995187 -0.00584446 0.999933 175.094
0.999946 0.000122896 0.0104317 -0.353182 -0.00020852 0.999966 0.00820743 -2.91866 -0.0104303 -0.00820916 0.999912 176.513
0.999956 -0.00126533 0.00928771 -0.347763 0.0011804 0.999958 0.00914454 -2.94264 -0.00929889 -0.00913317 0.999915 177.88
0.999955 -0.00503363 0.00804154 -0.339189 0.00495838 0.999944 0.00935039 -2.95451 -0.00808816 -0.00931009 0.999924 179.27
0.999968 -0.0051653 0.00613799 -0.339253 0.00513073 0.999971 0.0056339 -2.9786 -0.00616691 -0.00560223 0.999965 180.803
0.999988 -0.00210895 0.00450209 -0.336228 0.00210238 0.999997 0.00146257 -3.00606 -0.00450516 -0.00145308 0.999989 182.115
0.99999 0.00149178 0.00419179 -0.347735 -0.00149311 0.999999 0.000315942 -3.02926 -0.00419132 -0.000322197 0.999991 183.636
0.999976 0.00588949 0.00354891 -0.350214 -0.00589392 0.999982 0.00124103 -3.06034 -0.00354154 -0.00126192 0.999993 184.934
0.99996 0.00787939 0.00412966 -0.353333 -0.0078982 0.999958 0.00456066 -3.0833 -0.00409355 -0.00459309 0.999981 186.412
0.999958 0.00814136 0.00431995 -0.357465 -0.00817247 0.999941 0.00723235 -3.1061 -0.00426081 -0.00726735 0.999965 187.785
0.999961 0.00761013 0.00440742 -0.360622 -0.00764459 0.99994 0.00785421 -3.12891 -0.00434738 -0.0078876 0.999959 189.227
0.999973 0.00598146 0.00426375 -0.354106 -0.00601941 0.999942 0.00894342 -3.14408 -0.00421001 -0.00896884 0.999951 190.611
0.999986 0.00276037 0.00445416 -0.356442 -0.00280196 0.999952 0.00935815 -3.16221 -0.00442811 -0.0093705 0.999946 192
0.999988 0.00119397 0.00479454 -0.352057 -0.00123941 0.999954 0.00948499 -3.18538 -0.00478299 -0.00949082 0.999944 193.483
0.999986 -0.0021234 0.00495074 -0.346396 0.00207072 0.999942 0.0106219 -3.19875 -0.00497301 -0.0106115 0.999931 194.817
0.999963 -0.00648803 0.00559055 -0.332242 0.00641951 0.999905 0.0121887 -3.21494 -0.0056691 -0.0121524 0.99991 196.306
0.999921 -0.0110997 0.00589961 -0.32216 0.0110264 0.999863 0.0123168 -3.22784 -0.00603551 -0.0122508 0.999907 197.695
0.999942 -0.00879159 0.00614568 -0.325824 0.00874065 0.999928 0.00826688 -3.24471 -0.00621791 -0.00821269 0.999947 199.078
0.999978 -0.000819697 0.00665092 -0.330188 0.000800096 0.999995 0.00294912 -3.27344 -0.00665331 -0.00294373 0.999974 200.651
0.999931 0.00876844 0.00788085 -0.337333 -0.0087891 0.999958 0.00259084 -3.29274 -0.0078578 -0.00265992 0.999966 201.976
0.999834 0.0157956 0.00910859 -0.347731 -0.0158529 0.999855 0.00625992 -3.31536 -0.00900839 -0.00640328 0.999939 203.498
0.999791 0.0177475 0.0101236 -0.344218 -0.0178367 0.999802 0.00878995 -3.33547 -0.00996561 -0.00896869 0.99991 204.868
0.999823 0.0161251 0.00973427 -0.338403 -0.0162131 0.999828 0.00903864 -3.35389 -0.00958684 -0.00919486 0.999912 206.302
0.999885 0.0127552 0.00822832 -0.322289 -0.0128307 0.999875 0.00919429 -3.37194 -0.00811002 -0.0092988 0.999924 207.844
0.99992 0.0104127 0.00715478 -0.311281 -0.0104765 0.999905 0.00894425 -3.39231 -0.00706096 -0.00901849 0.999934 209.231
0.999909 0.0116136 0.0069412 -0.305255 -0.0116701 0.999899 0.00815687 -3.41358 -0.00684577 -0.00823713 0.999943 210.739
0.999899 0.012453 0.00686834 -0.306481 -0.0125122 0.999884 0.00863736 -3.4313 -0.00675998 -0.00872243 0.999939 212.192
0.999888 0.0133976 0.00668382 -0.304611 -0.0134608 0.999864 0.00950188 -3.44708 -0.00655561 -0.00959078 0.999933 213.589
0.999901 0.0125878 0.0063093 -0.303875 -0.0126467 0.999876 0.00937751 -3.46784 -0.00619047 -0.00945637 0.999936 215.068
0.999896 0.0130777 0.00601032 -0.298366 -0.0131265 0.999881 0.00814111 -3.48967 -0.00590314 -0.00821916 0.999949 216.558
0.999904 0.0125947 0.00569979 -0.298026 -0.01264 0.999888 0.0079878 -3.5097 -0.00559855 -0.00805909 0.999952 218.084
0.999906 0.0127219 0.00517013 -0.297497 -0.0127624 0.999888 0.0078707 -3.52779 -0.00506942 -0.00793594 0.999956 219.527
0.999903 0.0130186 0.00503541 -0.301091 -0.0130564 0.999886 0.00754298 -3.55168 -0.00493664 -0.00760798 0.999959 221.029
0.999902 0.0132152 0.00471772 -0.293303 -0.0132503 0.999884 0.00749122 -3.57362 -0.00461818 -0.00755299 0.999961 222.558
0.99989 0.0141771 0.00427652 -0.297269 -0.0142083 0.999872 0.00734626 -3.59148 -0.00417182 -0.00740622 0.999964 224.04
0.999893 0.0140942 0.00386369 -0.298092 -0.0141226 0.999873 0.00740565 -3.61331 -0.00375882 -0.00745942 0.999965 225.467
0.999884 0.0148125 0.0036004 -0.298507 -0.0148391 0.999862 0.00747878 -3.63341 -0.00348912 -0.00753134 0.999966 227.036
0.999899 0.0137835 0.00346376 -0.30693 -0.0138091 0.999877 0.00746322 -3.65816 -0.00336047 -0.0075103 0.999966 228.496
0.999908 0.0130574 0.00357494 -0.305081 -0.0130823 0.99989 0.00703341 -3.68012 -0.00348271 -0.00707953 0.999969 229.991
0.99992 0.0120654 0.00370214 -0.305641 -0.0120934 0.999898 0.00763183 -3.70159 -0.00360968 -0.007676 0.999964 231.524
0.999942 0.0100866 0.00368186 -0.305038 -0.0101172 0.999914 0.00838499 -3.72394 -0.00359697 -0.00842176 0.999958 232.969
0.999942 0.010109 0.00380372 -0.301398 -0.010142 0.99991 0.00875658 -3.74382 -0.00371486 -0.00879465 0.999954 234.501
0.999943 0.0100873 0.00356105 -0.304925 -0.0101165 0.999914 0.00829308 -3.76581 -0.00347709 -0.00832863 0.999959 236.014
0.99992 0.0118515 0.00434714 -0.302359 -0.0118848 0.9999 0.00770907 -3.78861 -0.00425534 -0.00776012 0.999961 237.532
0.999906 0.0129399 0.00460703 -0.303739 -0.0129793 0.999878 0.00863699 -3.81072 -0.00449471 -0.00869598 0.999952 239.068
0.999908 0.0126061 0.00507583 -0.30831 -0.0126596 0.999863 0.0106524 -3.82546 -0.00494085 -0.0107156 0.999931 240.515
0.999902 0.0125601 0.00618452 -0.306453 -0.0126287 0.999858 0.011175 -3.84687 -0.00604328 -0.011252 0.999918 242.051
0.999897 0.0128528 0.00640302 -0.304372 -0.0129144 0.99987 0.00966122 -3.86266 -0.00627801 -0.00974292 0.999933 243.564
0.999882 0.0133815 0.00750936 -0.301708 -0.0134453 0.999873 0.00850748 -3.88462 -0.00739457 -0.00860745 0.999936 245.094
0.999875 0.0141046 0.00715533 -0.301234 -0.0141665 0.999862 0.00867116 -3.90126 -0.00703204 -0.00877144 0.999937 246.587
0.999881 0.0135312 0.00736697 -0.300095 -0.0136034 0.999859 0.00984311 -3.92164 -0.00723274 -0.00994216 0.999924 248.099
0.999879 0.0137242 0.00727651 -0.290292 -0.013802 0.999847 0.0107459 -3.94135 -0.00712792 -0.010845 0.999916 249.646
0.999875 0.0141552 0.0070742 -0.28999 -0.0142305 0.999841 0.0107181 -3.95802 -0.00692136 -0.0108175 0.999918 251.127
0.999855 0.0154614 0.00719031 -0.280666 -0.0155384 0.999821 0.0107734 -3.97615 -0.00702246 -0.0108836 0.999916 252.64
0.99983 0.016704 0.00781669 -0.278629 -0.0167892 0.999799 0.0109715 -3.99466 -0.00763185 -0.0111009 0.999909 254.195
0.999829 0.0169554 0.00743912 -0.279776 -0.0170381 0.999792 0.0111899 -4.00643 -0.00724785 -0.0113148 0.99991 255.719
0.999849 0.0157367 0.00742245 -0.275721 -0.0158235 0.999805 0.0117828 -4.02604 -0.00723558 -0.0118985 0.999903 257.304
0.999878 0.0139053 0.00705179 -0.273713 -0.0139925 0.999824 0.0124746 -4.03853 -0.00687709 -0.0125717 0.999897 258.8
0.999916 0.0104181 0.00765335 -0.250514 -0.0105201 0.999855 0.0134088 -4.05751 -0.00751254 -0.0134882 0.999881 260.364
0.999928 0.00952367 0.00725565 -0.256611 -0.00961338 0.999877 0.0124311 -4.07305 -0.00713636 -0.0125 0.999896 261.927
0.999934 0.00876027 0.00741232 -0.235059 -0.00884682 0.999892 0.0117249 -4.08901 -0.0073088 -0.0117898 0.999904 263.465
0.999949 0.00640723 0.00782473 -0.226108 -0.00651208 0.999888 0.0134487 -4.10614 -0.00773768 -0.013499 0.999879 264.956
0.999959 0.00380705 0.00821141 -0.219077 -0.00393342 0.999873 0.0154289 -4.1135 -0.00815163 -0.0154605 0.999847 266.583
0.999961 0.00238381 0.00851683 -0.209775 -0.0025104 0.999886 0.0148834 -4.12952 -0.00848038 -0.0149042 0.999853 268.121
0.999959 0.00212165 0.00879005 -0.197677 -0.00224203 0.999904 0.013708 -4.14341 -0.00876011 -0.0137272 0.999867 269.696
0.999944 0.00288687 0.0102014 -0.188082 -0.00302983 0.999897 0.0140265 -4.15553 -0.0101599 -0.0140566 0.99985 271.186
0.999926 0.0046252 0.0112091 -0.17441 -0.004778 0.999896 0.0136438 -4.16954 -0.0111448 -0.0136964 0.999844 272.768
0.999907 0.00636701 0.01203 -0.160678 -0.00652606 0.999891 0.0132283 -4.18663 -0.0119445 -0.0133056 0.99984 274.322
0.999883 0.00719123 0.0135073 -0.146681 -0.00736787 0.999887 0.0130731 -4.20009 -0.0134117 -0.0131711 0.999823 275.895
0.99988 0.00676372 0.0139551 -0.135069 -0.00694658 0.99989 0.0130971 -4.21382 -0.013865 -0.0131924 0.999817 277.391
0.999853 0.00810032 0.0150937 -0.117242 -0.00828983 0.999887 0.0125353 -4.23143 -0.0149905 -0.0126586 0.999808 278.999
0.999843 0.00703907 0.0162821 -0.101357 -0.00723307 0.999903 0.0118868 -4.24767 -0.0161968 -0.0120027 0.999797 280.515
0.999824 0.00726328 0.0172761 -0.0810568 -0.00747674 0.999896 0.0123236 -4.26591 -0.0171848 -0.0124506 0.999775 282.059
0.999825 0.00543232 0.0178801 -0.0481624 -0.00567191 0.999894 0.0133764 -4.28215 -0.0178056 -0.0134755 0.999751 283.664
0.999827 0.00418706 0.018117 -0.0120749 -0.00443684 0.999895 0.013769 -4.29739 -0.0180574 -0.013847 0.999741 285.23
0.999826 0.0031324 0.0183848 0.0192392 -0.00333896 0.999932 0.0112156 -4.31819 -0.0183484 -0.011275 0.999768 286.856
0.999823 0.00357526 0.0184723 0.0250309 -0.00374302 0.999952 0.00905514 -4.33431 -0.018439 -0.00912268 0.999788 288.282
0.999839 0.00311337 0.0176746 0.0648585 -0.00327851 0.999951 0.00932155 -4.35027 -0.0176447 -0.00937799 0.9998 289.892
0.999842 0.00124846 0.017732 0.0956603 -0.00141352 0.999956 0.0092992 -4.3713 -0.0177196 -0.0093228 0.9998 291.493
0.999869 0.00160762 0.0160871 0.0928488 -0.00175209 0.999958 0.0089704 -4.38919 -0.016072 -0.00899741 0.99983 293.032
0.999871 0.00196208 0.0159249 0.123272 -0.00209889 0.999961 0.00857873 -4.41289 -0.0159075 -0.00861105 0.999836 294.645
0.999884 0.00190393 0.0150844 0.145992 -0.00203936 0.999958 0.00896749 -4.42868 -0.0150667 -0.00899721 0.999846 296.213
0.999887 0.00217274 0.0148775 0.17511 -0.00231066 0.999955 0.00925992 -4.45433 -0.0148567 -0.00929325 0.999847 297.734
0.999903 0.00232312 0.0137509 0.194268 -0.00246322 0.999945 0.0101799 -4.47345 -0.0137265 -0.0102128 0.999854 299.35
0.999919 0.00222216 0.0124955 0.20309 -0.00236982 0.999927 0.011815 -4.48577 -0.0124683 -0.0118436 0.999852 300.928
0.999907 0.00304365 0.0132698 0.227958 -0.00320156 0.999924 0.0118949 -4.50221 -0.0132326 -0.0119363 0.999841 302.567
0.99988 0.0039379 0.0149887 0.233823 -0.0041138 0.999923 0.0117229 -4.5165 -0.0149414 -0.0117832 0.999819 304.054
0.999872 0.00318027 0.0156556 0.287586 -0.00336163 0.999927 0.0115717 -4.53327 -0.0156177 -0.0116229 0.999811 305.685
0.999882 0.000612355 0.0153396 0.304354 -0.000771573 0.999946 0.0103758 -4.54669 -0.0153324 -0.0103864 0.999829 307.321
0.999878 -0.00057178 0.0156437 0.305571 0.000435435 0.999962 0.00871769 -4.56833 -0.0156481 -0.00870981 0.99984 308.902
0.999866 -0.00134532 0.0163251 0.331246 0.00122123 0.99997 0.00760894 -4.58707 -0.0163348 -0.00758798 0.999838 310.573
0.999905 0.000114314 0.013753 0.335974 -0.000204624 0.999978 0.00656536 -4.61456 -0.013752 -0.00656755 0.999884 312.149
0.999942 0.00107882 0.0106821 0.361327 -0.00115691 0.999973 0.00730637 -4.63561 -0.0106739 -0.00731831 0.999916 313.742
0.999941 0.00251398 0.0105575 0.384417 -0.00262398 0.999942 0.0104176 -4.65494 -0.0105307 -0.0104447 0.99989 315.408
0.999948 0.00059028 0.0102237 0.393204 -0.000731232 0.999905 0.0137884 -4.66929 -0.0102146 -0.0137951 0.999853 316.964
0.999937 -0.000319202 0.0112142 0.386187 0.000153934 0.999891 0.0147352 -4.68478 -0.0112177 -0.0147325 0.999829 318.685
0.999943 -0.00136834 0.01059 0.400933 0.00122465 0.999907 0.0135627 -4.69726 -0.0106075 -0.0135489 0.999852 320.267
0.999927 -0.00148248 0.0120188 0.406584 0.00132375 0.999912 0.0132043 -4.71126 -0.0120373 -0.0131874 0.999841 321.948
0.999937 -0.00206628 0.0110733 0.419149 0.00191403 0.999904 0.0137418 -4.72408 -0.0111007 -0.0137197 0.999844 323.555
0.999932 -0.00213084 0.0114293 0.420267 0.00197375 0.999904 0.0137387 -4.7443 -0.0114574 -0.0137152 0.99984 325.182
0.999919 -0.000527165 0.0127245 0.43653 0.000361593 0.999915 0.0130109 -4.75864 -0.0127303 -0.0130052 0.999834 326.825
0.999933 5.57485e-05 0.0116125 0.438657 -0.000198264 0.999925 0.0122718 -4.7779 -0.011611 -0.0122733 0.999857 328.482
0.999917 -0.000743 0.0128356 0.439927 0.00056258 0.999901 0.0140541 -4.79262 -0.0128448 -0.0140457 0.999819 330.08
0.999906 -0.00244211 0.0134613 0.452425 0.00223377 0.999878 0.0154704 -4.80608 -0.0134975 -0.0154389 0.99979 331.701
0.999918 -0.00219086 0.0126447 0.475715 0.00201356 0.9999 0.0140174 -4.82502 -0.0126741 -0.0139908 0.999822 333.32
0.999909 -0.00218741 0.0133302 0.517602 0.00199484 0.999894 0.0144425 -4.845 -0.0133603 -0.0144146 0.999807 334.959
0.999915 -0.000731065 0.0130249 0.498375 0.000569974 0.999923 0.0123674 -4.84945 -0.0130329 -0.0123589 0.999839 336.551
0.999917 0.00278294 0.0125514 0.512367 -0.00290106 0.999952 0.00940298 -4.88058 -0.0125246 -0.00943862 0.999877 338.239
0.999939 0.00306805 0.0106222 0.531095 -0.00317646 0.999943 0.0102041 -4.89534 -0.0105903 -0.0102372 0.999892 339.816
0.999939 0.00375407 0.0103694 0.536467 -0.00389018 0.999906 0.0131376 -4.91857 -0.0103191 -0.0131771 0.99986 341.425
0.999945 0.00465086 0.00938029 0.545551 -0.00480359 0.999855 0.0163258 -4.92777 -0.009303 -0.01637 0.999823 343.016
0.99995 0.00535961 0.00845798 0.544376 -0.00548888 0.999867 0.0153358 -4.94165 -0.00837466 -0.0153814 0.999847 344.622
0.999959 0.00558179 0.00717778 0.519394 -0.00568098 0.999888 0.0138735 -4.95815 -0.00709954 -0.0139137 0.999878 346.216
0.999978 0.00377694 0.00549951 0.528146 -0.00385862 0.999881 0.0149178 -4.96946 -0.00544251 -0.0149387 0.999874 347.812
0.999993 0.00202165 0.00321795 0.518952 -0.00207223 0.999873 0.0157926 -4.98902 -0.00318561 -0.0157992 0.99987 349.417
0.99999 0.0017924 0.00411979 0.531033 -0.00185353 0.999888 0.0148828 -5.00341 -0.00409266 -0.0148903 0.999881 351.071
0.999992 0.00148907 0.00361298 0.522342 -0.00153986 0.9999 0.0140955 -5.02167 -0.00359163 -0.0141009 0.999894 352.671
0.999993 0.00118677 0.00360787 0.52425 -0.00123793 0.999898 0.0142103 -5.02878 -0.00359064 -0.0142146 0.999893 354.248
0.999994 0.000315575 0.00334468 0.518628 -0.000362396 0.999902 0.0140073 -5.0499 -0.00333993 -0.0140084 0.999896 355.828
0.99999 -0.0004756 0.0045603 0.495402 0.000413961 0.999909 0.013508 -5.06505 -0.00456631 -0.013506 0.999898 357.427
0.999989 -0.000678571 0.00464913 0.497451 0.000618415 0.999916 0.0129285 -5.08266 -0.00465751 -0.0129255 0.999906 359
0.999988 -0.00079295 0.0048654 0.496763 0.000728969 0.999913 0.0131376 -5.10086 -0.0048754 -0.0131339 0.999902 360.636
0.99999 -0.0009818 0.00427793 0.493774 0.000929609 0.999925 0.012185 -5.11303 -0.00428958 -0.0121809 0.999917 362.211
0.999982 -0.00205806 0.00555873 0.496989 0.00199458 0.999933 0.0114026 -5.1335 -0.00558182 -0.0113913 0.99992 363.781
0.999979 -0.00398227 0.0050388 0.48407 0.00391903 0.999914 0.0124978 -5.1467 -0.00508814 -0.0124778 0.999909 365.357
0.999966 -0.00593124 0.00574201 0.493378 0.00585127 0.999887 0.0138454 -5.16529 -0.00582348 -0.0138113 0.999888 366.961
0.999964 -0.00594114 0.00600081 0.496175 0.00586215 0.999897 0.0130951 -5.17853 -0.00607799 -0.0130594 0.999896 368.558
0.999965 -0.00470647 0.00692329 0.499265 0.00462116 0.999914 0.0122872 -5.19612 -0.00698053 -0.0122548 0.999901 370.165
0.999971 -0.00325467 0.00691211 0.507418 0.00316226 0.999906 0.0133376 -5.20777 -0.00695487 -0.0133154 0.999887 371.777
0.999972 -0.00197217 0.00721329 0.508849 0.00186968 0.999898 0.0141876 -5.22203 -0.00724053 -0.0141737 0.999873 373.358
0.999976 -0.00212008 0.00656254 0.497256 0.00202796 0.9999 0.0140119 -5.2355 -0.00659159 -0.0139983 0.99988 374.987
0.999966 -0.00177107 0.00807946 0.50717 0.00166603 0.999914 0.012989 -5.2534 -0.00810177 -0.0129751 0.999883 376.61
0.999956 -0.00149562 0.00930601 0.505084 0.00137461 0.999915 0.0129958 -5.26463 -0.00932465 -0.0129824 0.999872 378.154
0.999956 -0.00111069 0.0093035 0.493726 0.000990077 0.999916 0.0129592 -5.28193 -0.00931711 -0.0129494 0.999873 379.818
0.999945 0.000185221 0.0105016 0.510809 -0.000323507 0.999913 0.0131679 -5.2956 -0.0104982 -0.0131706 0.999858 381.377
0.999945 0.000901238 0.0104777 0.517142 -0.00104524 0.999905 0.0137464 -5.30772 -0.0104643 -0.0137566 0.999851 382.978
0.999925 0.00188579 0.0121092 0.529027 -0.00204718 0.999909 0.0133291 -5.32242 -0.012083 -0.0133529 0.999838 384.644
0.999914 0.00313988 0.0127153 0.517933 -0.00329926 0.999916 0.0125333 -5.34287 -0.0126749 -0.0125741 0.999841 386.256
0.999917 0.00392648 0.0123009 0.535698 -0.00408646 0.999907 0.0130078 -5.35489 -0.0122487 -0.013057 0.99984 387.812
0.999905 0.00516395 0.012803 0.559837 -0.00533621 0.999895 0.0134566 -5.37092 -0.0127321 -0.0135237 0.999828 389.503
0.999895 0.00630003 0.0130509 0.567303 -0.006486 0.999877 0.0142563 -5.38437 -0.0129595 -0.0143394 0.999813 391.085
0.999872 0.00742557 0.0141714 0.572814 -0.00762209 0.999875 0.0138644 -5.39634 -0.0140667 -0.0139707 0.999803 392.606
0.999873 0.00750051 0.0140477 0.595736 -0.00769779 0.999872 0.0140429 -5.41093 -0.0139406 -0.0141492 0.999803 394.321
