1 -4.1311e-11 -3.68824e-10 -4.65661e-10 -4.12612e-11 1 -1.70424e-11 0 2.07203e-10 -1.70424e-11 1 -2.98023e-08
0.999999 0.000249824 0.001342 0.00196921 -0.000251124 1 0.00096864 -0.0450311 -0.00134176 -0.000968977 0.999999 1.20495
0.999997 0.000584728 0.00230627 -0.001679 -0.000587324 0.999999 0.00112556 -0.0722775 -0.00230561 -0.00112691 0.999997 2.41759
0.999994 0.000193545 0.00359163 -0.0113952 -0.000200147 0.999998 0.00183779 -0.0991391 -0.00359127 -0.0018385 0.999992 3.61061
0.99999 -0.000323944 0.0045546 -0.0053365 0.000317757 0.999999 0.00135898 -0.12731 -0.00455503 -0.00135751 0.999989 4.80955
0.999984 -0.000634381 0.00559989 -0.0065972 0.000625086 0.999998 0.00166148 -0.150031 -0.00560094 -0.00165795 0.999983 6.01849
0.999975 -0.000798157 0.00696572 -0.00518162 0.000791867 0.999999 0.000905855 -0.180363 -0.00696644 -0.000900317 0.999975 7.21572
0.999973 -0.000399661 0.00740222 0.00775547 0.000391577 0.999999 0.00109353 -0.205095 -0.00740265 -0.0010906 0.999972 8.41088
0.999985 -0.000945336 0.0053731 0.00728655 0.000930624 0.999996 0.00273987 -0.232425 -0.00537567 -0.00273482 0.999982 9.63052
0.999986 -0.0016668 0.00509883 -0.0016732 0.00165134 0.999994 0.00303477 -0.257604 -0.00510386 -0.00302631 0.999982 10.8403
0.999989 -0.00312826 0.00341742 -0.00964138 0.00311932 0.999992 0.00261731 -0.286813 -0.00342558 -0.00260662 0.999991 12.0381
0.999996 -0.00277285 0.000371359 -0.00175735 0.002772 0.999994 0.00225437 -0.310988 -0.000377607 -0.00225333 0.999997 13.2377
0.999996 -0.00249988 -0.00106635 -0.00501992 0.0025025 0.999994 0.00246149 -0.337069 0.00106019 -0.00246415 0.999996 14.4196
0.999997 -0.000798812 -0.00237579 -0.0206062 0.000803163 0.999998 0.00183139 -0.363112 0.00237433 -0.00183329 0.999996 15.6092
0.999997 -0.00170424 -0.001461 -0.0434658 0.001707 0.999997 0.00188873 -0.387115 0.00145778 -0.00189122 0.999997 16.7965
0.999994 -0.00191358 -0.00285027 -0.0370442 0.00192192 0.999994 0.00292354 -0.41488 0.00284465 -0.002929 0.999992 18.0024
0.999987 -0.00229391 -0.00452662 -0.0527662 0.0023079 0.999993 0.00308848 -0.438633 0.0045195 -0.00309888 0.999985 19.1798
0.999985 -0.00225755 -0.00492551 -0.0675673 0.00226913 0.999995 0.00234575 -0.465849 0.00492019 -0.00235689 0.999985 20.3909
0.99999 -0.00194762 -0.00410695 -0.0915552 0.0019537 0.999997 0.00147707 -0.49031 0.00410406 -0.00148508 0.999991 21.5797
0.99998 -0.00189522 -0.00610771 -0.0910867 0.00190524 0.999997 0.00163632 -0.515476 0.00610459 -0.00164793 0.99998 22.7933
0.999982 -0.0017217 -0.00578348 -0.112426 0.00172926 0.999998 0.00130211 -0.540361 0.00578122 -0.00131209 0.999982 23.9763
0.999983 -0.00136314 -0.00567859 -0.1301 0.00136554 0.999999 0.00041929 -0.569328 0.00567801 -0.000427037 0.999984 25.1767
0.999993 -0.000837642 -0.00373482 -0.148059 0.000840457 0.999999 0.000752301 -0.594346 0.00373419 -0.000755435 0.999993 26.3885
0.999993 -0.00210312 -0.00311383 -0.158464 0.00211297 0.999993 0.00316131 -0.618432 0.00310715 -0.00316787 0.99999 27.5477
0.999995 -0.00260022 -0.00165799 -0.181936 0.0026059 0.999991 0.0034343 -0.64438 0.00164905 -0.00343861 0.999993 28.7353
0.999995 -0.00265137 0.00178614 -0.187923 0.00264721 0.999994 0.00232652 -0.668874 -0.0017923 -0.00232178 0.999996 29.9474
0.999993 -0.00267613 0.00268323 -0.193179 0.00267364 0.999996 0.000932984 -0.694923 -0.00268571 -0.000925804 0.999996 31.1092
0.999986 -0.00250138 0.00470306 -0.187344 0.00249783 0.999997 0.000760731 -0.720735 -0.00470495 -0.000748973 0.999989 32.3401
0.999993 -0.00258604 0.00266884 -0.194389 0.00258143 0.999995 0.00173138 -0.746064 -0.0026733 -0.00172448 0.999995 33.5292
0.999996 -0.0028007 -0.000624394 -0.192091 0.00280179 0.999995 0.001741 -0.771417 0.000619515 -0.00174274 0.999998 34.7248
0.999993 -0.00363881 0.000506801 -0.204766 0.00363794 0.999992 0.00170997 -0.802145 -0.000513019 -0.00170812 0.999998 35.9462
0.999991 -0.00347031 0.00228252 -0.221472 0.00346615 0.999992 0.00182261 -0.822563 -0.00228882 -0.00181468 0.999996 37.1499
0.999977 -0.0042396 0.0053098 -0.21238 0.00422857 0.999989 0.00208606 -0.85246 -0.00531858 -0.00206356 0.999984 38.3606
0.99998 -0.00409002 0.00485574 -0.218179 0.00407419 0.999986 0.00326484 -0.873916 -0.00486903 -0.00324499 0.999983 39.5449
0.999987 -0.00320386 0.0039153 -0.221893 0.00318789 0.999987 0.00407751 -0.902233 -0.00392831 -0.00406497 0.999984 40.7183
0.999961 -0.00230245 0.00852318 -0.219983 0.00227277 0.999991 0.00349021 -0.924293 -0.00853114 -0.0034707 0.999958 41.934
0.999994 -0.000534293 0.00355268 -0.197775 0.000520571 0.999992 0.00386221 -0.950403 -0.00355472 -0.00386034 0.999986 43.1306
0.999989 0.00250753 -0.00401616 -0.196901 -0.00248434 0.99998 0.00576859 -0.970177 0.00403054 -0.00575855 0.999975 44.3414
0.99997 0.00260867 -0.00722038 -0.228288 -0.002542 0.999954 0.00922691 -0.992907 0.00724412 -0.00920829 0.999931 45.5514
0.999967 0.00359528 -0.00732167 -0.245008 -0.00350592 0.99992 0.0121814 -1.00506 0.00736488 -0.0121553 0.999899 46.7567
0.999989 0.00385031 -0.00274089 -0.25305 -0.00380769 0.999874 0.0153896 -1.01546 0.0027998 -0.015379 0.999878 47.9594
0.999995 0.00285168 0.00110071 -0.263181 -0.0028695 0.999859 0.0165359 -1.02608 -0.0010534 -0.016539 0.999863 49.1353
0.999958 0.00164315 0.00900991 -0.262059 -0.00177425 0.999892 0.0145623 -1.03551 -0.00898501 -0.0145777 0.999853 50.3484
0.999933 0.00263192 0.0112409 -0.246215 -0.00277803 0.999912 0.0130025 -1.04901 -0.0112057 -0.0130329 0.999852 51.563
0.999917 0.00327505 0.0124885 -0.237558 -0.00342894 0.999918 0.012321 -1.05211 -0.0124472 -0.0123628 0.999846 52.7701
0.999918 0.00277944 0.0125026 -0.230913 -0.00293222 0.999921 0.0122181 -1.0719 -0.0124676 -0.0122537 0.999847 53.9711
0.999956 0.00268779 0.00901031 -0.239969 -0.00279126 0.99993 0.0114904 -1.08321 -0.0089788 -0.0115151 0.999893 55.1812
0.999968 0.00391405 0.00705474 -0.233556 -0.00399525 0.999925 0.0115341 -1.09417 -0.00700907 -0.0115619 0.999909 56.4014
0.999977 0.00316251 0.00592601 -0.221447 -0.00323821 0.999913 0.0128085 -1.11054 -0.00588499 -0.0128274 0.999901 57.5945
0.999987 0.00371335 0.0035066 -0.22735 -0.0037592 0.999906 0.0131606 -1.12327 -0.0034574 -0.0131736 0.999907 58.8101
0.999973 0.0044603 0.00584568 -0.225292 -0.0045351 0.999907 0.0128456 -1.13609 -0.00578784 -0.0128718 0.9999 60.0498
0.999985 0.00482423 0.00248415 -0.226309 -0.00485527 0.999908 0.0126433 -1.15013 -0.00242293 -0.0126552 0.999917 61.2592
0.999955 0.00448719 -0.00836036 -0.220191 -0.00438087 0.99991 0.0126917 -1.16133 0.00841656 -0.0126545 0.999885 62.4823
0.999969 0.00353294 -0.00701663 -0.239315 -0.00344814 0.999921 0.0120613 -1.17872 0.00705869 -0.0120368 0.999903 63.6784
0.999964 0.00346006 -0.00777825 -0.269547 -0.00335982 0.999912 0.0128643 -1.19283 0.00782207 -0.0128377 0.999887 64.8872
0.999949 0.00225336 -0.00988243 -0.268972 -0.00210885 0.999891 0.0146095 -1.2025 0.00991428 -0.0145879 0.999845 66.0807
0.999955 0.00320463 -0.00888176 -0.293242 -0.00308884 0.999911 0.0130193 -1.22052 0.00892268 -0.0129912 0.999876 67.2447
0.999932 0.00586996 -0.0100921 -0.325938 -0.00575005 0.999913 0.0118703 -1.23243 0.0101609 -0.0118115 0.999879 68.4375
0.999929 0.00724196 -0.00945365 -0.338769 -0.00712926 0.999904 0.0119007 -1.24579 0.00953893 -0.0118325 0.999885 69.6376
0.999944 0.00874618 -0.00594287 -0.354493 -0.00867178 0.999885 0.0124312 -1.26173 0.00605091 -0.012379 0.999905 70.7945
0.999903 0.0105296 -0.00909078 -0.363264 -0.0104173 0.99987 0.0123144 -1.272 0.00921927 -0.0122185 0.999883 71.994
0.999891 0.0106012 -0.0102801 -0.35985 -0.0104566 0.999847 0.0140157 -1.29092 0.0104271 -0.0139067 0.999849 73.1699
0.999894 0.0119221 -0.00839558 -0.399735 -0.0118136 0.999848 0.0128566 -1.29356 0.00854758 -0.012756 0.999882 74.3273
0.999931 0.00983659 -0.00649748 -0.408187 -0.0097545 0.999874 0.0125485 -1.30892 0.00662009 -0.0124842 0.9999 75.5096
0.999961 0.00869651 -0.00184794 -0.406181 -0.00868209 0.999933 0.00767321 -1.33448 0.00191454 -0.00765687 0.999969 76.6737
0.999953 0.00968032 -6.61485e-05 -0.426144 -0.00967968 0.999932 0.00656894 -1.34934 0.000129733 -0.00656799 0.999978 77.8517
0.999961 0.00872307 0.00129316 -0.425513 -0.0087357 0.999911 0.0101016 -1.36532 -0.00120493 -0.0101125 0.999948 79.0517
0.999959 0.0076001 0.00500531 -0.435134 -0.00765652 0.999906 0.0113527 -1.38423 -0.00491856 -0.0113906 0.999923 80.2198
0.999914 0.00913946 0.00936537 -0.431372 -0.00922312 0.999918 0.00892919 -1.39447 -0.00928299 -0.00901481 0.999916 81.371
0.999886 0.00757032 0.0130463 -0.43382 -0.00765993 0.999947 0.00683207 -1.41699 -0.0129939 -0.00693123 0.999892 82.595
0.999826 0.00726792 0.0171866 -0.404472 -0.00732109 0.999969 0.00303279 -1.44105 -0.017164 -0.00315808 0.999848 83.7522
0.999777 0.00633093 0.0201324 -0.391048 -0.00637872 0.999977 0.00231041 -1.46796 -0.0201173 -0.00243831 0.999795 84.8595
0.999708 0.00576169 0.0234723 -0.361379 -0.00585921 0.999974 0.00408794 -1.48991 -0.0234481 -0.00422427 0.999716 86.0366
0.999684 0.00676571 0.0242206 -0.309124 -0.00687381 0.999967 0.00438272 -1.51493 -0.0241902 -0.00454782 0.999697 87.2062
0.999493 0.00664786 0.0311314 -0.316565 -0.00673574 0.999974 0.00271874 -1.54156 -0.0311125 -0.00292705 0.999512 88.3464
0.999419 0.00722524 0.0333154 -0.269073 -0.00724208 0.999974 0.000384776 -1.56834 -0.0333118 -0.000625826 0.999445 89.4984
0.999232 0.00794782 0.0383797 -0.210255 -0.00796126 0.999968 0.000197445 -1.59697 -0.0383769 -0.000502843 0.999263 90.6101
0.999166 0.00585267 0.0404084 -0.207007 -0.00594564 0.99998 0.00218086 -1.62445 -0.0403948 -0.00241929 0.999181 91.7436
0.999045 0.00481799 0.0434175 -0.160634 -0.00493115 0.999985 0.00249963 -1.64244 -0.0434048 -0.00271134 0.999054 92.9021
0.998912 0.00440124 0.0464306 -0.0994872 -0.00459759 0.999981 0.00412302 -1.66779 -0.0464115 -0.004332 0.998913 94.0675
0.998835 0.00226509 0.0482047 -0.063743 -0.00252059 0.999983 0.00524023 -1.68838 -0.048192 -0.00535563 0.998824 95.2278
0.998745 0.00131922 0.0500671 -0.0236019 -0.00147019 0.999995 0.00297869 -1.71018 -0.0500629 -0.00304856 0.998741 96.385
0.998696 -2.77552e-05 0.0510497 0.0333048 4.44707e-05 1 -0.000326305 -1.73461 -0.0510497 0.000328149 0.998696 97.5243
0.998609 0.00076486 0.0527159 0.0880588 -0.000596989 0.999995 -0.00320012 -1.75996 -0.0527181 0.0031642 0.998604 98.681
0.998376 0.000712551 0.0569704 0.133236 -0.000477673 0.999991 -0.0041363 -1.78868 -0.0569729 0.00410236 0.998367 99.869
0.998315 0.00115199 0.0580096 0.212764 -0.000941376 0.999993 -0.00365787 -1.8162 -0.0580134 0.0035971 0.998309 101.048
0.998365 0.000728215 0.0571611 0.268193 -0.000618536 0.999998 -0.00193641 -1.84425 -0.0571624 0.00189789 0.998363 102.23
0.998531 -9.09076e-05 0.0541806 0.331561 0.000104221 1 -0.000242908 -1.87364 -0.0541806 0.000248198 0.998531 103.422
0.998615 0.000248246 0.0526137 0.386309 -0.000284887 1 0.000688901 -1.89628 -0.0526135 -0.000702936 0.998615 104.607
0.998754 0.000365826 0.0498992 0.437415 -0.000431376 0.999999 0.00130287 -1.9209 -0.0498987 -0.00132277 0.998753 105.799
0.998958 0.000958542 0.0456419 0.483438 -0.00102374 0.999999 0.00140508 -1.9447 -0.0456405 -0.00145034 0.998957 107.002
0.999 0.00229521 0.0446439 0.527261 -0.00235106 0.999997 0.00119848 -1.96782 -0.044641 -0.00130224 0.999002 108.215
0.999162 0.00263276 0.0408364 0.572304 -0.00268688 0.999996 0.0012704 -1.99343 -0.0408329 -0.00137906 0.999165 109.447
0.999346 0.00298877 0.0360327 0.598433 -0.00306863 0.999993 0.00216101 -2.01329 -0.036026 -0.00227017 0.999348 110.642
0.999467 0.00302613 0.0325018 0.637745 -0.00312939 0.99999 0.00312665 -2.03822 -0.0324921 -0.00322669 0.999467 111.873
0.999542 0.00298182 0.0301214 0.658886 -0.00309902 0.999988 0.0038452 -2.06198 -0.0301095 -0.00393679 0.999539 113.083
0.999729 0.00354168 0.0229973 0.69601 -0.00363909 0.999985 0.00419543 -2.08436 -0.022982 -0.00427799 0.999727 114.32
0.999819 0.00443857 0.0184969 0.709279 -0.00451728 0.999981 0.00421533 -2.10544 -0.0184779 -0.00429812 0.99982 115.546
0.999891 0.00505586 0.0138628 0.715848 -0.00511129 0.999979 0.00396594 -2.12649 -0.0138425 -0.00403636 0.999896 116.754
0.999956 0.00591246 0.0072468 0.731275 -0.0059388 0.999976 0.0036196 -2.15117 -0.00722522 -0.00366248 0.999967 118.001
0.999963 0.00762236 0.00404506 0.7143 -0.00763654 0.999965 0.00350422 -2.17234 -0.0040182 -0.00353498 0.999986 119.212
0.999948 0.0098509 0.00252037 0.705425 -0.00985974 0.999945 0.00352027 -2.19266 -0.00248555 -0.00354494 0.999991 120.444
0.999938 0.0109925 0.00147131 0.705709 -0.0109978 0.999933 0.00361073 -2.21952 -0.00143152 -0.00362669 0.999992 121.704
0.999915 0.0129289 0.00163758 0.693088 -0.0129352 0.999909 0.00389422 -2.2417 -0.00158708 -0.00391508 0.999991 122.917
0.999895 0.0144818 0.00086122 0.668951 -0.0144858 0.999884 0.00481523 -2.26037 -0.000791386 -0.00482719 0.999988 124.183
0.999891 0.014697 0.00118701 0.6696 -0.0147034 0.999877 0.00551559 -2.28552 -0.0011058 -0.00553245 0.999984 125.426
0.999838 0.0179087 -0.00191182 0.654251 -0.0178943 0.999813 0.00731609 -2.30274 0.00204248 -0.00728069 0.999971 126.68
0.999812 0.0193353 -0.0012806 0.654744 -0.0193217 0.999764 0.00992727 -2.31353 0.00147224 -0.00990066 0.99995 127.953
0.999845 0.0175997 -0.000789461 0.627318 -0.0175907 0.999793 0.0101974 -2.33391 0.000968767 -0.0101819 0.999948 129.185
0.999834 0.0181915 0.0010034 0.621186 -0.0181996 0.999796 0.00879368 -2.34951 -0.000843222 -0.00881048 0.999961 130.464
0.999875 0.0156741 0.0021039 0.622422 -0.0156936 0.999831 0.00959878 -2.36193 -0.0019531 -0.0096306 0.999952 131.696
0.999922 0.0124666 0.000908872 0.617013 -0.0124762 0.999857 0.0114439 -2.38053 -0.000766076 -0.0114543 0.999934 132.963
0.999955 0.00949613 0.000572394 0.620964 -0.00950286 0.999868 0.013205 -2.39079 -0.000446922 -0.0132098 0.999913 134.225
0.999974 0.00719355 0.000331526 0.620479 -0.00719756 0.999872 0.0142796 -2.4038 -0.000228763 -0.0142817 0.999898 135.505
0.999994 0.00326696 -0.000636182 0.618892 -0.00325857 0.999913 0.0127763 -2.41796 0.000677866 -0.0127741 0.999918 136.779
0.999993 0.00130516 0.00355037 0.60869 -0.00134641 0.999931 0.0116419 -2.42663 -0.00353493 -0.0116466 0.999926 138.052
0.999998 -0.000651219 0.00169464 0.62711 0.000631152 0.99993 0.011815 -2.44486 -0.00170222 -0.0118139 0.999929 139.36
0.999991 -0.000630373 0.00409248 0.62009 0.000580658 0.999926 0.0121377 -2.45551 -0.00409983 -0.0121353 0.999918 140.621
0.999994 -1.88111e-05 0.00338458 0.622023 -2.91114e-05 0.9999 0.0141586 -2.46899 -0.0033845 -0.0141586 0.999894 141.885
0.999993 0.00194824 0.00324783 0.622214 -0.00199906 0.999874 0.015719 -2.47562 -0.0032168 -0.0157254 0.999871 143.176
0.999991 0.00192203 0.00385956 0.633182 -0.00197761 0.999894 0.0144492 -2.49362 -0.00383138 -0.0144567 0.999888 144.457
0.999955 0.00294388 0.00896797 0.629146 -0.00305139 0.999923 0.0119984 -2.50265 -0.00893196 -0.0120252 0.999888 145.722
0.999958 0.00245436 0.00878911 0.629887 -0.00254074 0.999949 0.00983009 -2.51562 -0.00876453 -0.00985201 0.999913 147.004
0.999964 0.0018412 0.00824598 0.639069 -0.00189248 0.999979 0.00621551 -2.5416 -0.00823436 -0.00623089 0.999947 148.276
0.999965 0.00222016 0.00806877 0.675634 -0.0022421 0.999994 0.00271134 -2.56428 -0.0080627 -0.00272933 0.999964 149.518
0.99996 0.00187902 0.0087239 0.661742 -0.00189558 0.999996 0.00189053 -2.59187 -0.00872032 -0.00190699 0.99996 150.782
0.999956 0.0014133 0.00924637 0.682379 -0.00143317 0.999997 0.00214252 -2.61804 -0.00924331 -0.00215568 0.999955 152.078
0.99996 0.00245177 0.00865569 0.680339 -0.00247298 0.999994 0.0024413 -2.64607 -0.00864965 -0.00246261 0.99996 153.331
0.999964 0.00281893 0.00800998 0.680214 -0.00284768 0.99999 0.00358103 -2.67252 -0.0079998 -0.00360371 0.999961 154.587
0.999971 0.00397104 0.00647753 0.692357 -0.00399635 0.999984 0.00389857 -2.69819 -0.00646195 -0.00392434 0.999971 155.862
0.999945 0.00401987 0.00965443 0.696435 -0.00405648 0.999985 0.00377464 -2.72129 -0.00963911 -0.0038136 0.999946 157.086
0.999976 0.00442429 0.00536885 0.705334 -0.00444712 0.999981 0.00424756 -2.74996 -0.00534995 -0.00427134 0.999977 158.355
0.999974 0.00413566 0.00582257 0.704557 -0.00416729 0.999977 0.0054316 -2.77348 -0.00579997 -0.00545573 0.999968 159.627
0.999961 0.00451935 0.00760008 0.699225 -0.00456157 0.999974 0.00554785 -2.79513 -0.00757481 -0.0055823 0.999956 160.904
0.999975 0.00488025 0.00503931 0.711089 -0.00490475 0.999976 0.00486085 -2.8197 -0.00501547 -0.00488545 0.999976 162.164
0.99998 0.0059391 0.00227101 0.69903 -0.00594775 0.999975 0.00382078 -2.84268 -0.00224826 -0.00383421 0.99999 163.416
0.999978 0.00659647 0.000830589 0.708403 -0.00659935 0.999972 0.00352321 -2.86612 -0.000807325 -0.00352861 0.999994 164.676
0.999981 0.00590484 0.00169678 0.689559 -0.00590918 0.999979 0.0025666 -2.89173 -0.00168159 -0.00257658 0.999995 165.979
0.999972 0.00660188 0.00345502 0.68497 -0.00660788 0.999977 0.00172658 -2.91989 -0.00344354 -0.00174936 0.999993 167.233
0.999978 0.0065211 0.000900059 0.68067 -0.0065232 0.999976 0.0023519 -2.94535 -0.000884701 -0.00235772 0.999997 168.504
0.999978 0.00657029 0.00113453 0.680204 -0.00657388 0.999973 0.00319778 -2.97204 -0.00111349 -0.00320517 0.999994 169.795
0.999975 0.00697255 0.00138046 0.682231 -0.00697742 0.999969 0.00355376 -2.99614 -0.00135564 -0.00356331 0.999993 171.041
0.999973 0.00704139 0.00200131 0.662939 -0.007049 0.999968 0.00382249 -3.02288 -0.00197433 -0.0038365 0.999991 172.327
0.999977 0.00682607 0.000616355 0.65892 -0.00682865 0.999968 0.00428235 -3.04518 -0.000587103 -0.00428645 0.999991 173.586
0.999965 0.0076104 -0.00332918 0.651121 -0.00759737 0.999964 0.00390725 -3.06896 0.00335879 -0.00388183 0.999987 174.83
0.999947 0.0088858 -0.00528295 0.652575 -0.0088689 0.999956 0.00321396 -3.09369 0.00531127 -0.00316694 0.999981 176.11
0.999962 0.00874414 -0.0005451 0.612465 -0.00874243 0.999957 0.00305173 -3.11843 0.000571761 -0.00304685 0.999995 177.366
0.999957 0.00849203 -0.00366893 0.613589 -0.00848309 0.999961 0.00244592 -3.143 0.00368956 -0.00241469 0.99999 178.658
0.999973 0.00726763 -0.00137185 0.596159 -0.00726629 0.999973 0.0009813 -3.16909 0.00137894 -0.000971306 0.999999 179.869
0.999991 0.00411738 -0.00123418 0.596597 -0.00411552 0.99999 0.00150186 -3.20418 0.00124035 -0.00149676 0.999998 181.162
0.999986 0.00452647 -0.00282412 0.580751 -0.00451348 0.999979 0.00458787 -3.226 0.00284483 -0.00457506 0.999985 182.437
0.999994 0.00260759 -0.002198 0.590765 -0.00258793 0.999957 0.00889953 -3.24698 0.00222111 -0.00889379 0.999958 183.689
0.999991 0.00347611 -0.00262047 0.576629 -0.00345378 0.999958 0.00848059 -3.27122 0.00264984 -0.00847146 0.999961 184.963
0.999983 0.00577825 -0.000654187 0.564534 -0.00577465 0.999969 0.00537564 -3.28925 0.000685229 -0.00537178 0.999985 186.23
0.999978 0.00665652 0.000366427 0.556018 -0.00665777 0.999972 0.00352841 -3.31376 -0.00034293 -0.00353077 0.999994 187.456
0.999966 0.00629434 -0.00531263 0.560089 -0.00627068 0.99997 0.00445738 -3.3382 0.00534053 -0.00442392 0.999976 188.709
0.999973 0.00602892 -0.00429114 0.546164 -0.00600566 0.999967 0.00541243 -3.36219 0.00432363 -0.00538651 0.999976 189.973
0.999973 0.00608205 0.00406031 0.531634 -0.00610994 0.999958 0.00689353 -3.38808 -0.00401821 -0.00691815 0.999968 191.198
0.999981 0.00533419 0.00324543 0.541068 -0.0053599 0.999954 0.00796523 -3.41194 -0.00320279 -0.00798247 0.999963 192.476
0.999984 0.00551386 -0.000982763 0.535268 -0.00550617 0.999956 0.00765327 -3.43032 0.00102492 -0.00764774 0.99997 193.707
0.999979 0.00430932 0.0048247 0.529137 -0.00433791 0.999973 0.00593116 -3.45639 -0.00479901 -0.00595196 0.999971 194.918
0.999966 0.00502541 0.00654306 0.532355 -0.00505292 0.999978 0.00419508 -3.47627 -0.00652184 -0.004228 0.99997 196.159
0.999967 0.00350703 0.00737316 0.5418 -0.00353583 0.999986 0.00389765 -3.50846 -0.00735939 -0.00392358 0.999965 197.388
0.999965 0.00399377 0.00735634 0.549435 -0.00402791 0.999981 0.00463195 -3.53155 -0.0073377 -0.00466141 0.999962 198.595
0.999978 0.00221194 0.00630163 0.528942 -0.00225351 0.999976 0.00659663 -3.55497 -0.00628689 -0.00661069 0.999958 199.79
0.999947 0.00367062 0.00959662 0.542905 -0.00373768 0.999969 0.00697913 -3.58209 -0.00957071 -0.00701463 0.99993 201.007
0.999912 0.00392518 0.012697 0.543131 -0.00401147 0.999969 0.00677816 -3.60386 -0.01267 -0.00682849 0.999897 202.228
0.999915 0.00418878 0.0123642 0.54388 -0.00427935 0.999964 0.00730794 -3.62327 -0.0123332 -0.00736023 0.999897 203.395
0.99988 0.00388709 0.0149917 0.559081 -0.00399264 0.999967 0.00701697 -3.64734 -0.0149639 -0.00707599 0.999863 204.594
0.999898 0.00451165 0.0135856 0.573671 -0.00460566 0.999966 0.00689589 -3.67049 -0.0135541 -0.00695775 0.999884 205.737
0.99991 0.00461791 0.0126343 0.572753 -0.004706 0.999965 0.00695164 -3.69071 -0.0126017 -0.00701047 0.999896 206.912
0.999931 0.0033251 0.011225 0.582369 -0.00340958 0.999966 0.00751482 -3.7168 -0.0111997 -0.00755257 0.999909 208.068
0.999871 0.00317577 0.0157323 0.588464 -0.00330073 0.999963 0.00792343 -3.7362 -0.0157066 -0.00797434 0.999845 209.212
0.999837 0.00189439 0.0179404 0.599007 -0.0020596 0.999956 0.0091952 -3.75973 -0.0179222 -0.00923066 0.999797 210.347
0.999867 0.00267392 0.0160815 0.618977 -0.00281714 0.999957 0.00889014 -3.78035 -0.0160571 -0.00893426 0.999831 211.462
0.99989 0.00277539 0.0145386 0.61808 -0.00289286 0.999963 0.00806498 -3.80201 -0.0145157 -0.00810616 0.999862 212.559
0.999892 0.00324628 0.0143006 0.63333 -0.00335054 0.999968 0.00727217 -3.82336 -0.0142765 -0.00731931 0.999871 213.639
0.999922 0.00303866 0.0120753 0.635884 -0.00312162 0.999972 0.00685729 -3.8456 -0.0120541 -0.00689445 0.999904 214.715
0.999923 0.00197273 0.0122847 0.640795 -0.0020584 0.999974 0.00696526 -3.86895 -0.0122706 -0.00699001 0.9999 215.771
0.999918 0.00180628 0.0126428 0.641915 -0.00190077 0.99997 0.00746599 -3.88995 -0.0126289 -0.00748941 0.999892 216.822
0.999951 -0.000169085 0.00992479 0.660973 7.76261e-05 0.999958 0.00921482 -3.90946 -0.00992592 -0.00921359 0.999908 217.862
0.999971 0.000744502 0.00762814 0.657498 -0.000827058 0.999941 0.010825 -3.92652 -0.00761963 -0.010831 0.999912 218.871
0.999994 0.000669244 0.00344329 0.658172 -0.000708572 0.999934 0.0114335 -3.94776 -0.00343541 -0.0114359 0.999929 219.878
0.999999 0.00117863 -0.000516301 0.656092 -0.00117289 0.999939 0.0109706 -3.96363 0.0005292 -0.01097 0.99994 220.874
0.999999 0.0011959 -3.09725e-05 0.627231 -0.0011955 0.999941 0.0108305 -3.97994 4.39227e-05 -0.0108305 0.999941 221.844
0.999998 0.00141217 -0.00108974 0.626778 -0.00139966 0.999934 0.0113947 -3.99776 0.00110576 -0.0113932 0.999934 222.782
0.999991 0.00191789 -0.00386158 0.609877 -0.00187489 0.999937 0.0111088 -4.01394 0.00388264 -0.0111014 0.999931 223.703
0.999965 0.00180537 -0.00820557 0.608866 -0.00171789 0.999942 0.0106564 -4.03277 0.00822433 -0.0106419 0.99991 224.621
0.99994 0.00168791 -0.0107943 0.593382 -0.00157841 0.999947 0.010144 -4.05071 0.0108109 -0.0101263 0.99989 225.484
0.999897 0.00261427 -0.0140812 0.572668 -0.00247475 0.999948 0.00991599 -4.06533 0.0141064 -0.00988012 0.999852 226.35
0.999833 0.0030199 -0.0180261 0.548353 -0.0028544 0.999954 0.00919995 -4.0855 0.0180531 -0.00914695 0.999795 227.179
0.999795 0.00473728 -0.0196691 0.522979 -0.00455209 0.999945 0.00944967 -4.09706 0.0197127 -0.0093582 0.999762 227.971
0.999745 0.00606113 -0.0217467 0.504281 -0.0058474 0.999934 0.00987818 -4.1152 0.0218051 -0.0097485 0.999715 228.805
0.999746 0.0057677 -0.0217679 0.470114 -0.00553387 0.999927 0.0107868 -4.13051 0.0218285 -0.0106636 0.999705 229.563
0.999718 0.00570166 -0.0230703 0.446778 -0.00544024 0.99992 0.0113782 -4.14285 0.0231333 -0.0112495 0.999669 230.336
0.999765 0.00534917 -0.0210346 0.420239 -0.00511795 0.999926 0.0110308 -4.15776 0.021092 -0.0109206 0.999718 231.089
0.999789 0.00577712 -0.0197073 0.40058 -0.00559346 0.999941 0.00936144 -4.17041 0.0197602 -0.00924923 0.999762 231.816
0.999815 0.00620924 -0.0182003 0.383576 -0.0060809 0.999956 0.00709862 -4.18407 0.0182436 -0.00698663 0.999809 232.539
0.999856 0.00602491 -0.0158618 0.37071 -0.00593273 0.999965 0.00585175 -4.19983 0.0158965 -0.0057568 0.999857 233.271
0.999866 0.00656853 -0.0150025 0.357481 -0.00649132 0.999966 0.00518974 -4.21182 0.0150361 -0.00509166 0.999874 233.987
0.999886 0.00626069 -0.0137259 0.342523 -0.00619243 0.999968 0.00501002 -4.22705 0.0137568 -0.00492445 0.999893 234.72
0.999913 0.00598639 -0.011776 0.33561 -0.00592443 0.999968 0.00528877 -4.24028 0.0118073 -0.00521854 0.999917 235.427
0.999935 0.00596311 -0.00975243 0.324314 -0.00591563 0.999971 0.00488955 -4.25496 0.0097813 -0.00483153 0.99994 236.158
0.999954 0.00588447 -0.00764051 0.317954 -0.00585018 0.999973 0.00450223 -4.27073 0.0076668 -0.00445732 0.999961 236.835
0.999976 0.00598607 -0.00361892 0.312367 -0.00596733 0.999969 0.00516701 -4.28472 0.00364974 -0.00514529 0.99998 237.54
0.999985 0.00531032 -0.00138493 0.313503 -0.0053021 0.999969 0.00586732 -4.29546 0.00141604 -0.00585988 0.999982 238.24
0.999991 0.00365778 0.00194491 0.317164 -0.00367047 0.999972 0.00656086 -4.31032 -0.00192086 -0.00656794 0.999977 238.94
0.999986 0.00342978 0.00396104 0.320415 -0.00345508 0.999974 0.00639722 -4.32657 -0.003939 -0.00641082 0.999972 239.645
0.999965 0.00300757 0.00778365 0.321788 -0.00305427 0.999977 0.00599459 -4.3401 -0.00776545 -0.00601815 0.999952 240.315
0.999931 0.0027348 0.0113853 0.330194 -0.00279609 0.999982 0.00537101 -4.34812 -0.0113704 -0.00540247 0.999921 241.012
0.999896 0.00374404 0.0139449 0.346842 -0.00380886 0.999982 0.00462452 -4.35662 -0.0139273 -0.00467715 0.999892 241.706
0.99982 0.00341741 0.0186702 0.342207 -0.00349271 0.999986 0.0040022 -4.36809 -0.0186563 -0.00406669 0.999818 242.401
0.999768 0.00341645 0.0212742 0.357527 -0.00351884 0.999982 0.00477707 -4.38134 -0.0212575 -0.00485082 0.999762 243.123
0.9997 0.00385473 0.0241993 0.383641 -0.0039913 0.999976 0.00559791 -4.38858 -0.0241771 -0.00569282 0.999692 243.825
0.999648 0.00335275 0.0263083 0.409248 -0.00350526 0.999977 0.00575301 -4.40078 -0.0262884 -0.0058432 0.999637 244.534
0.999585 0.00317338 0.028644 0.423546 -0.00330526 0.999984 0.00455794 -4.41407 -0.028629 -0.00465073 0.999579 245.268
0.999524 0.00376483 0.0306281 0.437794 -0.00383862 0.99999 0.00235065 -4.42658 -0.0306189 -0.0024671 0.999528 245.957
0.999474 0.0031173 0.0322853 0.450621 -0.00313045 0.999995 0.000356534 -4.4402 -0.032284 -0.000457413 0.999479 246.682
0.999472 0.00287681 0.0323541 0.477255 -0.00287246 0.999996 -0.000181081 -4.45442 -0.0323544 8.80491e-05 0.999477 247.4
0.999486 0.00244762 0.0319772 0.499735 -0.00244377 0.999997 -0.000159489 -4.47176 -0.0319775 8.12619e-05 0.999489 248.135
0.999477 0.00335235 0.0321729 0.525389 -0.00333766 0.999994 -0.000510299 -4.48986 -0.0321745 0.00040265 0.999482 248.88
0.999502 0.00447984 0.0312219 0.554684 -0.00444017 0.999989 -0.00133988 -4.50608 -0.0312275 0.00120058 0.999512 249.626
0.999486 0.00403538 0.031811 0.567382 -0.00392898 0.999987 -0.00340657 -4.51962 -0.0318243 0.00327983 0.999488 250.333
0.999498 -2.51222e-06 0.0316955 0.607194 0.000176865 0.999985 -0.00549809 -4.54322 -0.031695 0.00550094 0.999482 251.092
0.999494 -0.00194905 0.0317375 0.622372 0.00215197 0.999977 -0.00636084 -4.56324 -0.0317244 0.00642592 0.999476 251.852
0.999452 -0.00205022 0.0330295 0.643229 0.00216111 0.999992 -0.00332183 -4.57605 -0.0330224 0.00339139 0.999449 252.612
0.999559 0.00329032 0.0295063 0.669204 -0.00337775 0.99999 0.00291367 -4.58649 -0.0294964 -0.00301205 0.99956 253.414
0.999615 0.00159422 0.0277075 0.675801 -0.00176807 0.999979 0.00625101 -4.60807 -0.0276969 -0.0062976 0.999597 254.18
0.999575 -0.00119408 0.0291252 0.699065 0.00107975 0.999992 0.00394091 -4.61751 -0.0291296 -0.00390779 0.999568 254.997
0.999324 0.00117004 0.036734 0.722874 -0.00112128 0.999999 -0.00134815 -4.63581 -0.0367355 0.00130605 0.999324 255.736
0.998899 0.00288763 0.0468214 0.747085 -0.00264688 0.999983 -0.00520311 -4.64437 -0.0468356 0.00507345 0.99889 256.544
0.998834 0.00563275 0.0479565 0.799265 -0.00542437 0.999975 -0.00447418 -4.66214 -0.0479805 0.00420883 0.998839 257.408
0.998756 0.00451474 0.0496515 0.823562 -0.00438956 0.999987 -0.00262976 -4.68053 -0.0496627 0.00240854 0.998763 258.248
0.998644 0.000580814 0.0520499 0.880664 -0.000608614 1 0.000518241 -4.6988 -0.0520495 -0.000549217 0.998644 259.122
0.9985 -0.00158257 0.0547342 0.922715 0.00146512 0.999997 0.00218601 -4.71617 -0.0547374 -0.00210254 0.998499 259.923
0.998322 -0.00205015 0.0578746 0.969049 0.00189667 0.999995 0.00270677 -4.73355 -0.0578799 -0.00259246 0.99832 260.776
0.998187 0.000374292 0.0601886 1.02373 -0.000410483 1 0.00058892 -4.75163 -0.0601884 -0.000612557 0.998187 261.58
0.998061 0.0012596 0.0622302 1.06111 -0.00117496 0.999998 -0.00139672 -4.77025 -0.0622318 0.0013209 0.998061 262.444
0.997916 0.00178369 0.0645049 1.11532 -0.00167047 0.999997 -0.00180916 -4.7868 -0.0645079 0.00169764 0.997916 263.284
0.997787 0.00246069 0.0664521 1.16059 -0.00246246 0.999997 -5.52197e-05 -4.80795 -0.066452 -0.000108538 0.99779 264.116
0.997558 0.00306596 0.0697709 1.20976 -0.00322857 0.999992 0.00221801 -4.82626 -0.0697636 -0.00243786 0.997561 264.975
0.997366 0.00425619 0.072412 1.26741 -0.00439729 0.999989 0.00178934 -4.84551 -0.0724035 -0.00210305 0.997373 265.79
0.997098 0.00386838 0.0760257 1.31751 -0.00397647 0.999991 0.00127051 -4.86169 -0.0760201 -0.00156914 0.997105 266.626
0.99697 0.00261636 0.0777484 1.38103 -0.00267693 0.999996 0.000674896 -4.88131 -0.0777464 -0.000880977 0.996973 267.46
0.996843 -0.000506351 0.0793991 1.43945 0.000387804 0.999999 0.00150847 -4.89642 -0.0793998 -0.00147292 0.996842 268.268
0.996722 -0.00226937 0.0808696 1.5096 0.00212416 0.999996 0.00188157 -4.91707 -0.0808735 -0.00170362 0.996723 269.163
0.996785 -0.00286106 0.0800703 1.5787 0.00274947 0.999995 0.00150387 -4.93476 -0.0800742 -0.00127889 0.996788 270.013
0.996687 -0.0034324 0.0812554 1.63123 0.00327458 0.999992 0.00207544 -4.95178 -0.0812619 -0.00180249 0.996691 270.85
0.996609 -0.0031852 0.0822173 1.69954 0.00300203 0.999993 0.00235148 -4.96775 -0.0822242 -0.00209669 0.996612 271.748
0.996625 -0.00284153 0.0820373 1.76486 0.00263401 0.999993 0.00263771 -4.98595 -0.0820442 -0.00241272 0.996626 272.608
0.996728 -0.00327827 0.0807662 1.82818 0.00315282 0.999994 0.00168067 -5.00568 -0.0807712 -0.00142053 0.996732 273.457
0.996965 -0.00290711 0.0778031 1.88912 0.0028712 0.999996 0.000573365 -5.02411 -0.0778044 -0.000348236 0.996969 274.282
0.997131 -0.00180926 0.0756789 1.9453 0.00180342 0.999998 0.00014545 -5.04286 -0.0756791 -8.551e-06 0.997132 275.131
0.997171 -0.00119414 0.0751629 1.99629 0.00120383 0.999999 -8.35856e-05 -5.06255 -0.0751627 0.000173832 0.997171 275.992
0.99725 -0.000341155 0.0741095 2.05194 0.000367398 1 -0.000340503 -5.08084 -0.0741094 0.000366794 0.99725 276.812
0.997403 0.00045372 0.0720186 2.10459 -0.000458735 1 5.31076e-05 -5.10308 -0.0720185 -8.60076e-05 0.997403 277.706
0.997646 3.81258e-05 0.0685681 2.15255 -0.000155451 0.999999 0.00170576 -5.12092 -0.0685679 -0.00171241 0.997645 278.534
0.99787 -0.00138687 0.0652146 2.20395 0.00112696 0.999991 0.00402212 -5.13968 -0.0652196 -0.00394006 0.997863 279.366
0.99812 -0.00287616 0.0612154 2.24893 0.0025235 0.99998 0.00583735 -5.16146 -0.061231 -0.0056719 0.998108 280.235
0.998363 -0.00297667 0.0571114 2.28895 0.00254329 0.999967 0.00765964 -5.17684 -0.0571323 -0.00750186 0.998338 281.059
0.998625 -0.00368815 0.0522865 2.33044 0.00327135 0.999962 0.00805485 -5.1922 -0.0523143 -0.00787273 0.9986 281.896
0.99885 -0.003981 0.0477793 2.36185 0.00358641 0.999959 0.00834152 -5.20692 -0.0478106 -0.00816057 0.998823 282.701
0.999061 -0.00521648 0.0430085 2.39104 0.00483947 0.999949 0.00886537 -5.2238 -0.0430525 -0.00864891 0.999035 283.493
0.999174 -0.00553432 0.040255 2.41283 0.00520452 0.999952 0.00829316 -5.2363 -0.040299 -0.0080768 0.999155 284.306
0.999292 -0.00493261 0.0372932 2.4317 0.00462372 0.999954 0.00836421 -5.25357 -0.0373328 -0.00818586 0.999269 285.032
0.999461 -0.004455 0.0325216 2.45014 0.00419618 0.999959 0.00802223 -5.2649 -0.032556 -0.00788144 0.999439 285.796
0.999541 -0.00519819 0.0298541 2.46153 0.00495945 0.999955 0.00806523 -5.28174 -0.0298947 -0.00791347 0.999522 286.549
0.999653 -0.00648537 0.0255287 2.47412 0.00629876 0.999953 0.00738338 -5.29888 -0.0255754 -0.00722002 0.999647 287.264
0.999725 -0.00529912 0.0228475 2.48253 0.00516011 0.999968 0.00613885 -5.3149 -0.0228793 -0.00601926 0.99972 287.973
0.999857 -0.0032887 0.0165625 2.48428 0.00321608 0.999985 0.00440957 -5.33194 -0.0165768 -0.00435568 0.999853 288.633
0.999973 -0.00243405 0.00696061 2.47756 0.00241833 0.999995 0.00226542 -5.34686 -0.00696609 -0.00224852 0.999973 289.28
0.999989 -0.00254393 -0.00386541 2.46868 0.00254967 0.999996 0.00148003 -5.36379 0.00386163 -0.00148986 0.999991 289.916
0.999852 -0.00244567 -0.0170492 2.45074 0.00245786 0.999997 0.000694437 -5.37898 0.0170474 -0.000736239 0.999854 290.542
0.999424 -0.00139257 -0.0339222 2.41706 0.00144915 0.999998 0.00164336 -5.39757 0.0339198 -0.00169157 0.999423 291.146
0.998574 0.000919169 -0.0533781 2.36801 -0.000795511 0.999997 0.00233783 -5.4112 0.0533801 -0.00229203 0.998572 291.745
0.997101 0.00362748 -0.0760072 2.29307 -0.00347238 0.999992 0.00217272 -5.42898 0.0760145 -0.00190249 0.997105 292.317
0.99483 0.00474453 -0.101446 2.22356 -0.00456538 0.999988 0.00199807 -5.44192 0.101454 -0.00152459 0.994839 292.882
0.991556 0.00617502 -0.129532 2.12617 -0.00593573 0.99998 0.00223328 -5.45566 0.129544 -0.00144555 0.991573 293.438
0.987001 0.00759986 -0.160537 2.00385 -0.00713831 0.999969 0.00345158 -5.46606 0.160558 -0.00226075 0.987024 293.979
0.981315 0.00756317 -0.19226 1.87837 -0.00666763 0.999964 0.00530457 -5.47893 0.192293 -0.00392353 0.98133 294.495
0.973531 0.00780478 -0.228423 1.72916 -0.00634255 0.999954 0.00713484 -5.49105 0.228468 -0.00549721 0.973536 295.004
0.964113 0.00912272 -0.265337 1.56031 -0.00685246 0.999932 0.00948061 -5.49964 0.265405 -0.00732217 0.964109 295.492
0.952739 0.0111768 -0.303584 1.37798 -0.00786833 0.999896 0.0121191 -5.50744 0.303687 -0.00915763 0.952728 295.987
0.93903 0.0120684 -0.343623 1.17852 -0.00773162 0.999872 0.0139882 -5.51512 0.343747 -0.0104786 0.939004 296.426
0.922978 0.0123988 -0.384653 0.960442 -0.00682388 0.999851 0.015855 -5.5209 0.384792 -0.012009 0.922925 296.888
0.904599 0.0123784 -0.426084 0.715293 -0.00569026 0.99984 0.0169663 -5.52167 0.426225 -0.0129232 0.904525 297.321
0.883034 0.0119915 -0.469156 0.466732 -0.00398418 0.999829 0.0180564 -5.52686 0.469293 -0.0140752 0.88293 297.702
0.858971 0.0116246 -0.511892 0.185068 -0.00210989 0.999814 0.0191645 -5.52993 0.51202 -0.0153817 0.858836 298.109
0.831641 0.0121887 -0.555179 -0.114916 -0.000739866 0.999783 0.0208415 -5.53272 0.555313 -0.0169219 0.831469 298.489
0.801125 0.0136936 -0.59834 -0.41649 -0.00100803 0.999768 0.021531 -5.53128 0.598496 -0.0166459 0.800953 298.81
0.767468 0.0131407 -0.640952 -0.749542 0.000776799 0.99977 0.0214273 -5.53295 0.641086 -0.0169427 0.767282 299.174
0.729886 0.0119364 -0.683465 -1.08551 0.00496498 0.999729 0.0227621 -5.53268 0.683551 -0.0200071 0.729629 299.461
0.68809 0.0118565 -0.725528 -1.44136 0.0108308 0.999587 0.0266071 -5.53405 0.725544 -0.0261661 0.687678 299.766
0.641696 0.0127062 -0.766854 -1.81595 0.0151432 0.999458 0.0292319 -5.53344 0.76681 -0.0303706 0.641156 300.013
0.592241 0.0166914 -0.805588 -2.18868 0.0145906 0.999399 0.0314336 -5.53414 0.805629 -0.0303703 0.591642 300.195
0.540206 0.0231404 -0.841214 -2.59886 0.00986008 0.999379 0.0338231 -5.52842 0.841475 -0.0265659 0.539643 300.413
0.485853 0.0276962 -0.873601 -2.99642 0.00676992 0.999349 0.0354479 -5.52199 0.874014 -0.0231367 0.48535 300.578
0.429855 0.0304068 -0.902386 -3.37857 0.00618561 0.99931 0.0366193 -5.52041 0.902877 -0.0213228 0.42937 300.689
0.372787 0.0326312 -0.927343 -3.78961 0.00741877 0.999245 0.0381436 -5.51193 0.927887 -0.0210992 0.372263 300.807
0.314375 0.0361723 -0.948609 -4.18049 0.0098007 0.999097 0.0413455 -5.50773 0.949248 -0.022295 0.313737 300.89
0.255762 0.0399481 -0.965914 -4.60853 0.0115758 0.998948 0.0443795 -5.49612 0.96667 -0.0225318 0.255031 300.937
0.194413 0.0433926 -0.979959 -5.01802 0.0143289 0.998789 0.0470691 -5.49537 0.980815 -0.0231926 0.193556 300.967
0.130561 0.0474106 -0.990306 -5.42153 0.0144417 0.998659 0.0497145 -5.47884 0.991335 -0.0207925 0.129701 300.995
0.0660656 0.0530621 -0.996404 -5.88026 0.0166231 0.998388 0.05427 -5.46613 0.997677 -0.0201487 0.0650771 300.949
-0.000376335 0.0600285 -0.998197 -6.3208 0.0186019 0.998024 0.0600111 -5.44716 0.999827 -0.0185457 -0.00149223 300.889
-0.067558 0.0666448 -0.995487 -6.74756 0.0209901 0.997641 0.0653645 -5.42979 0.997495 -0.0164795 -0.0687975 300.837
-0.134106 0.0728759 -0.988284 -7.22857 0.023222 0.99725 0.070386 -5.40713 0.990695 -0.0135107 -0.135429 300.696
-0.200343 0.0790426 -0.976532 -7.66317 0.0276565 0.996799 0.0750091 -5.38672 0.979335 -0.0119799 -0.201888 300.577
-0.264726 0.0831141 -0.960735 -8.14553 0.0318546 0.996489 0.0774298 -5.36236 0.963797 -0.0101061 -0.266444 300.379
-0.326493 0.0859012 -0.941288 -8.59072 0.0360282 0.996269 0.0784221 -5.33613 0.944513 -0.00830869 -0.32837 300.165
-0.38682 0.0869159 -0.91805 -9.03871 0.0399605 0.996193 0.0774767 -5.30956 0.921289 -0.00671622 -0.38882 299.952
-0.442799 0.0870595 -0.892384 -9.5056 0.0427043 0.996193 0.0759972 -5.27577 0.895603 -0.00445713 -0.444831 299.649
-0.4954 0.0872022 -0.864277 -9.95026 0.0450538 0.996189 0.0746869 -5.24343 0.867496 -0.001939 -0.497441 299.361
-0.542407 0.0875128 -0.835546 -10.4078 0.0469688 0.996163 0.073845 -5.20895 0.838802 0.000809403 -0.544436 298.99
-0.583898 0.0883737 -0.807003 -10.8754 0.0488057 0.996081 0.0737665 -5.17192 0.810359 0.00368583 -0.585923 298.613
-0.622082 0.0921465 -0.777511 -11.324 0.0539092 0.995735 0.0748768 -5.1363 0.781094 0.00466445 -0.624396 298.217
-0.659572 0.0991684 -0.745071 -11.8022 0.062399 0.995061 0.0772034 -5.10076 0.749047 0.00442951 -0.662502 297.753
-0.696027 0.104853 -0.710318 -12.2542 0.0692663 0.994471 0.0789246 -5.06232 0.714666 0.00573258 -0.699442 297.293
-0.729266 0.106915 -0.675826 -12.7167 0.073032 0.994237 0.0784804 -5.02314 0.680322 0.00787623 -0.732872 296.762
-0.760644 0.103491 -0.640867 -13.1368 0.0730312 0.994586 0.0739315 -4.97749 0.645048 0.00943225 -0.764084 296.196
-0.788799 0.100488 -0.606382 -13.5886 0.0742875 0.9949 0.0682369 -4.94396 0.610146 0.00877863 -0.792241 295.595
-0.815004 0.095416 -0.571546 -13.9919 0.073301 0.995403 0.0616517 -4.89378 0.574801 0.00835154 -0.818251 294.946
-0.838808 0.0923118 -0.536545 -14.3852 0.0734094 0.995698 0.0565438 -4.86545 0.539456 0.008042 -0.841976 294.291
-0.860314 0.0906283 -0.501643 -14.7757 0.0731934 0.995834 0.0543839 -4.82466 0.504482 0.0100703 -0.863364 293.551
-0.880911 0.0881361 -0.465004 -15.1356 0.0718208 0.996023 0.0527263 -4.79339 0.467802 0.0130503 -0.883737 292.83
-0.899592 0.0866686 -0.428046 -15.4976 0.0720132 0.996132 0.0503471 -4.75775 0.430754 0.014467 -0.902354 292.016
-0.916489 0.0890815 -0.390016 -15.827 0.0759231 0.995906 0.0490598 -4.72545 0.39279 0.0153515 -0.9195 291.209
-0.931657 0.0928135 -0.351284 -16.1242 0.0808367 0.99554 0.0486427 -4.70338 0.354232 0.0169216 -0.935004 290.356
-0.944836 0.0930825 -0.314038 -16.4148 0.0818653 0.99545 0.0487511 -4.65849 0.317147 0.020353 -0.948158 289.452
-0.955895 0.0969342 -0.277252 -16.6634 0.0866528 0.995026 0.0491291 -4.63262 0.280635 0.0229376 -0.959541 288.543
-0.965803 0.0960192 -0.240841 -16.9061 0.0870498 0.995065 0.0476344 -4.59941 0.244226 0.0250403 -0.969395 287.579
-0.973902 0.0937586 -0.206696 -17.1005 0.0867584 0.995314 0.0426956 -4.56394 0.20973 0.0236487 -0.977473 286.626
-0.980477 0.0923987 -0.173572 -17.2606 0.0869612 0.99546 0.0386917 -4.53809 0.17636 0.0228422 -0.984061 285.583
-0.98554 0.0915452 -0.142584 -17.4062 0.0870337 0.995496 0.037576 -4.51045 0.145382 0.024623 -0.989069 284.566
-0.98974 0.0896017 -0.111293 -17.5095 0.0860387 0.995626 0.0364245 -4.48258 0.11407 0.0264753 -0.99312 283.494
-0.992697 0.0885506 -0.0819268 -17.604 0.0860263 0.995718 0.0338506 -4.4567 0.0845735 0.0265556 -0.996063 282.378
