1 -4.1311e-11 -1.35993e-10 -4.65661e-10 -4.12612e-11 1 -1.70424e-11 0 -2.56277e-11 -1.70424e-11 1 -2.98023e-08
0.999942 -0.00238901 0.0105099 0.00350545 0.00237725 0.999997 0.00113097 -0.0203439 -0.0105125 -0.00110592 0.999944 0.29048
0.999848 -0.00418378 0.016918 0.0180548 0.00415627 0.99999 0.00166081 -0.0307056 -0.0169247 -0.00159024 0.999856 0.587126
0.999797 -0.00703708 0.0188601 0.0246858 0.00702533 0.999975 0.000689408 -0.0379248 -0.0188644 -0.00055677 0.999822 0.882514
0.999792 -0.00831682 0.0186242 0.0317675 0.00833025 0.999965 -0.000643983 -0.0423006 -0.0186182 0.000798994 0.999826 1.18908
0.999877 -0.0105738 0.0115818 0.0294285 0.0105979 0.999942 -0.0020251 -0.0469904 -0.0115597 0.00214759 0.999931 1.50989
0.999935 -0.0113941 -0.000562196 0.0129918 0.0113924 0.999931 -0.00300094 -0.0577017 0.00059635 0.00299434 0.999995 1.83582
0.999815 -0.0107769 -0.0159363 -0.00695195 0.0107261 0.999937 -0.00326786 -0.0650171 0.0159705 0.00309632 0.999868 2.16973
0.99938 -0.00679389 -0.0345323 -0.0459264 0.006692 0.999973 -0.00306522 -0.0715649 0.0345522 0.00283223 0.999399 2.50823
0.998537 -0.00332857 -0.0539766 -0.0914077 0.00309155 0.999985 -0.00447406 -0.0768756 0.0539907 0.00430064 0.998532 2.86068
0.997288 -0.00272896 -0.0735546 -0.145713 0.00234298 0.999983 -0.00533333 -0.083883 0.0735679 0.00514653 0.997277 3.20363
0.995512 -0.00381877 -0.0945623 -0.200106 0.00342899 0.999985 -0.00428407 -0.0907092 0.0945772 0.00394058 0.99551 3.5986
0.993595 -0.0048844 -0.112896 -0.253841 0.00452201 0.999984 -0.00346578 -0.0992703 0.112911 0.00293306 0.993601 3.9908
0.991694 -0.00430635 -0.12855 -0.329956 0.0039431 0.999987 -0.0030801 -0.106975 0.128562 0.00254763 0.991698 4.37417
0.989511 -0.00327426 -0.144423 -0.410616 0.00295376 0.999993 -0.00243353 -0.11468 0.14443 0.00198141 0.989513 4.78481
0.987449 -0.00255573 -0.157919 -0.488274 0.00219888 0.999995 -0.00243441 -0.121211 0.157924 0.00205661 0.987449 5.20752
0.985313 -0.0040279 -0.17071 -0.575431 0.00351681 0.999988 -0.00329624 -0.129534 0.170721 0.00264748 0.985316 5.63385
0.983509 -0.00696382 -0.180726 -0.659853 0.00615135 0.999968 -0.00505568 -0.141934 0.180756 0.0038606 0.983521 6.08125
0.982062 -0.00634933 -0.188449 -0.763095 0.00508739 0.999961 -0.00717941 -0.149901 0.188488 0.00609191 0.982057 6.5496
0.980453 -0.00631213 -0.196653 -0.875686 0.00460009 0.999947 -0.00916146 -0.155312 0.196701 0.00807776 0.98043 7.01152
0.979101 -0.00677406 -0.203262 -0.979346 0.00449751 0.999922 -0.0116599 -0.165388 0.203325 0.0105021 0.979055 7.50573
0.977129 -0.0106607 -0.212382 -1.08338 0.00797232 0.999877 -0.0135107 -0.177743 0.2125 0.0115086 0.977093 7.99768
0.97528 -0.0163842 -0.220365 -1.20373 0.0135646 0.999806 -0.0143022 -0.195296 0.220556 0.0109595 0.975313 8.50753
0.973346 -0.0171457 -0.2287 -1.33863 0.0137704 0.999772 -0.0163464 -0.216952 0.228928 0.0127614 0.97336 9.03826
0.971256 -0.0137463 -0.237639 -1.4908 0.00900577 0.999738 -0.0210227 -0.224674 0.237865 0.0182783 0.971126 9.57312
0.969252 -0.0107855 -0.245832 -1.63884 0.00501697 0.999697 -0.0240794 -0.241667 0.246018 0.0221057 0.969013 10.1064
0.96694 -0.0135998 -0.254643 -1.79416 0.00711387 0.999627 -0.0263743 -0.264086 0.254906 0.0236909 0.966676 10.6855
0.964377 -0.0154603 -0.264079 -1.96287 0.00843148 0.99958 -0.0277291 -0.291649 0.264396 0.0245147 0.964103 11.2269
0.962532 -0.0152391 -0.27074 -2.13555 0.00728354 0.999512 -0.0303649 -0.315198 0.271071 0.0272553 0.962174 11.8148
0.959991 -0.0144918 -0.279656 -2.31644 0.00516646 0.999407 -0.0340541 -0.338228 0.279984 0.0312468 0.959496 12.3936
0.958091 -0.0154862 -0.286045 -2.50245 0.00443276 0.99922 -0.0392494 -0.369713 0.286429 0.0363365 0.957412 13.0084
0.956105 -0.0161614 -0.292577 -2.70193 0.00275003 0.998929 -0.0461921 -0.408113 0.293011 0.0433599 0.955126 13.6185
0.95469 -0.0166809 -0.297134 -2.91536 0.000492344 0.998515 -0.0544742 -0.445414 0.297601 0.0518597 0.953281 14.2396
0.953481 -0.0166803 -0.300991 -3.11863 -0.00246166 0.998004 -0.0631056 -0.488292 0.301443 0.0609109 0.951537 14.8568
0.952306 -0.0159077 -0.304731 -3.33431 -0.0063707 0.997386 -0.0719748 -0.536197 0.305079 0.0704833 0.949715 15.5008
0.951018 -0.0147803 -0.308781 -3.55037 -0.0101457 0.996826 -0.0789624 -0.595562 0.308968 0.0782275 0.94785 16.1437
0.94936 -0.0138414 -0.313885 -3.79826 -0.0136768 0.996262 -0.0852984 -0.657457 0.313892 0.0852718 0.945622 16.8158
0.947589 -0.012489 -0.319249 -4.03784 -0.0175988 0.995678 -0.0911872 -0.72715 0.319008 0.0920264 0.943274 17.4654
0.94605 -0.010239 -0.323858 -4.28351 -0.0223119 0.99507 -0.0966372 -0.801215 0.323251 0.0986495 0.941157 18.1468
0.944329 -0.00783437 -0.328909 -4.55081 -0.0265458 0.994643 -0.0999071 -0.879484 0.32793 0.103076 0.939062 18.8523
0.942777 -0.00712267 -0.333348 -4.79683 -0.0282879 0.994459 -0.101253 -0.956493 0.332222 0.104888 0.937351 19.5451
0.940767 -0.00610182 -0.338999 -5.06963 -0.0297233 0.994504 -0.100387 -1.04582 0.337749 0.104517 0.935415 20.2815
0.938292 -0.00644927 -0.345783 -5.34575 -0.029615 0.994655 -0.0989126 -1.12968 0.344573 0.103049 0.933087 20.9943
0.935721 -0.00658826 -0.352679 -5.62655 -0.0295814 0.994838 -0.097069 -1.21531 0.351498 0.101262 0.930696 21.7252
0.933419 -0.00643457 -0.358732 -5.88765 -0.0292033 0.995159 -0.0938372 -1.29624 0.357599 0.0980655 0.928712 22.4164
0.928718 -0.00339199 -0.370772 -6.25619 -0.0317631 0.995555 -0.0886687 -1.38162 0.369424 0.0941251 0.924482 23.2269
0.925742 -0.00217113 -0.378149 -6.53841 -0.0315161 0.996062 -0.082873 -1.45983 0.37684 0.0886368 0.922028 23.9359
0.922302 0.0013664 -0.386467 -6.87271 -0.0346478 0.996259 -0.0791646 -1.53856 0.384913 0.0864039 0.9189 24.706
0.917935 0.00175777 -0.396727 -7.21199 -0.0351601 0.996416 -0.0769375 -1.61255 0.39517 0.0845726 0.914707 25.4366
0.914344 0.00396944 -0.404918 -7.54432 -0.0379839 0.996384 -0.0760038 -1.69004 0.403152 0.084874 0.911189 26.2134
0.910165 0.00372521 -0.414229 -7.92423 -0.0382648 0.99644 -0.0751163 -1.7613 0.412475 0.0842186 0.907068 26.976
0.906298 0.00443151 -0.422615 -8.30747 -0.0390021 0.996555 -0.0731901 -1.83472 0.420835 0.082815 0.903349 27.7532
0.902312 0.00443193 -0.431061 -8.68771 -0.0386957 0.996743 -0.0707512 -1.90748 0.429344 0.0805199 0.899545 28.5369
0.899067 0.00421584 -0.437791 -9.0848 -0.0372104 0.997071 -0.0668153 -1.97905 0.436227 0.0763618 0.896591 29.324
0.895407 0.00489036 -0.445221 -9.50063 -0.0361024 0.997445 -0.0616514 -2.04221 0.443782 0.0712767 0.893296 30.1247
0.891055 0.005169 -0.453866 -9.89185 -0.0348239 0.997766 -0.0570049 -2.10925 0.452558 0.0665999 0.889244 30.9163
0.888378 0.00461356 -0.45909 -10.3268 -0.0335818 0.997924 -0.0549551 -2.17549 0.457884 0.0642379 0.886688 31.7393
0.883002 0.00478369 -0.469345 -10.7691 -0.0339672 0.997977 -0.0537326 -2.24152 0.468139 0.0633883 0.881379 32.5984
0.881941 0.00480925 -0.471336 -11.2315 -0.0330614 0.998116 -0.0516787 -2.29378 0.4702 0.0611606 0.880438 33.3985
0.877314 0.0029485 -0.479908 -11.6539 -0.0309912 0.998242 -0.0505216 -2.35367 0.478915 0.0591962 0.875863 34.2177
0.874942 0.00205726 -0.484224 -12.1603 -0.0303157 0.998262 -0.0505361 -2.41735 0.483279 0.0588958 0.873483 35.0621
0.872603 0.000926505 -0.488429 -12.5932 -0.0294721 0.998276 -0.0507598 -2.47317 0.48754 0.0586882 0.871126 35.8573
0.872293 0.00128004 -0.488981 -13.1266 -0.0301077 0.99824 -0.051096 -2.53533 0.488055 0.0592928 0.870797 36.7969
0.871834 0.00158932 -0.4898 -13.5735 -0.0299941 0.998291 -0.0501495 -2.59354 0.488883 0.0584131 0.870391 37.6046
0.870591 0.00201825 -0.492003 -14.0899 -0.0295724 0.998398 -0.0482322 -2.65369 0.491118 0.0565402 0.869256 38.4895
0.870514 -0.000482287 -0.492144 -14.6251 -0.0265608 0.998496 -0.0479598 -2.71542 0.491427 0.0548214 0.869192 39.4082
0.871206 -0.00258755 -0.490911 -15.1483 -0.0244885 0.998512 -0.0487222 -2.78146 0.490307 0.0544687 0.869846 40.324
0.868869 -0.00309077 -0.495033 -15.6102 -0.0243551 0.998503 -0.0489816 -2.83893 0.494443 0.0546152 0.867493 41.1747
0.867375 -0.00450562 -0.497635 -16.1974 -0.0220518 0.998629 -0.0474777 -2.9056 0.497167 0.0521547 0.866086 42.1257
0.86434 -0.0038973 -0.502892 -16.7455 -0.0210155 0.998817 -0.0438607 -2.96965 0.502468 0.0484791 0.863236 43.0577
0.861309 -0.00456708 -0.508062 -17.2593 -0.0178738 0.999068 -0.039282 -3.02867 0.507768 0.0429149 0.860425 43.9088
0.858137 -0.00540263 -0.513393 -17.7899 -0.0157996 0.999193 -0.0369239 -3.08857 0.513178 0.0397971 0.857359 44.8185
0.85179 -0.00825835 -0.523818 -18.3395 -0.0141376 0.999149 -0.0387417 -3.15202 0.523693 0.0404054 0.850948 45.7583
0.846541 -0.010841 -0.532213 -18.9402 -0.0138443 0.999006 -0.0423703 -3.21501 0.532143 0.0432363 0.84555 46.6696
0.83902 -0.0107633 -0.543994 -19.5304 -0.0144585 0.99901 -0.042066 -3.27901 0.543908 0.0431595 0.838034 47.5956
0.834087 -0.00814076 -0.551573 -20.116 -0.0147897 0.999202 -0.0371124 -3.33373 0.551434 0.0391126 0.833301 48.4714
0.827361 -0.00523784 -0.561647 -20.6522 -0.0152245 0.99938 -0.0317472 -3.39043 0.561465 0.0348172 0.826768 49.3154
0.823937 -0.00470545 -0.566661 -21.2779 -0.0171347 0.999301 -0.0332122 -3.44363 0.566422 0.0370743 0.823281 50.1675
0.820479 -0.00632286 -0.571642 -21.9112 -0.0187375 0.999104 -0.0379449 -3.50073 0.57137 0.0418441 0.819625 51.09
0.81704 -0.00762642 -0.57653 -22.4903 -0.0221917 0.998756 -0.0446611 -3.56407 0.576154 0.0492841 0.815854 51.9175
0.814113 -0.00824056 -0.580648 -23.0977 -0.022944 0.998662 -0.0463422 -3.62667 0.580253 0.0510501 0.812835 52.7907
0.811431 -0.00719256 -0.584404 -23.7767 -0.0218091 0.998855 -0.0425748 -3.69567 0.584042 0.0472919 0.810345 53.6869
0.807817 -0.00616548 -0.589402 -24.3707 -0.0191797 0.999141 -0.0367387 -3.74897 0.589122 0.0409826 0.807004 54.49
0.804644 -0.00468843 -0.593739 -25.0638 -0.0189957 0.999254 -0.0336337 -3.80825 0.593454 0.0383416 0.803954 55.3951
0.801437 -0.00260926 -0.598073 -25.6913 -0.0221515 0.999175 -0.0340429 -3.86426 0.597668 0.0405315 0.800718 56.2486
0.79708 -0.00426321 -0.603859 -26.3592 -0.0217258 0.999125 -0.0357313 -3.91844 0.603483 0.0416 0.79629 57.111
0.794231 -0.00594448 -0.607587 -27.0229 -0.0219119 0.999022 -0.0384171 -3.98179 0.607221 0.0438254 0.793324 57.9629
0.789516 -0.0070677 -0.613689 -27.6762 -0.0212808 0.999017 -0.0388833 -4.03777 0.613361 0.0437588 0.788589 58.8324
0.78407 -0.00810597 -0.62062 -28.3365 -0.0195955 0.999093 -0.0378055 -4.09486 0.620364 0.0418034 0.7832 59.6503
0.779585 -0.00809825 -0.626244 -29.0689 -0.0194997 0.999118 -0.0371944 -4.15753 0.625993 0.0412078 0.778739 60.5291
0.774335 -0.00914509 -0.63271 -29.739 -0.0191326 0.9991 -0.037856 -4.21717 0.632487 0.0414186 0.773463 61.3429
0.769383 -0.00999038 -0.63871 -30.4394 -0.0191966 0.999065 -0.0387509 -4.27548 0.6385 0.0420753 0.768471 62.1883
0.763439 -0.0116942 -0.645774 -31.1373 -0.0179837 0.999064 -0.0393524 -4.33246 0.64563 0.0416566 0.762514 62.9757
0.75814 -0.0124299 -0.651973 -31.8688 -0.0183929 0.999013 -0.0404342 -4.39433 0.651832 0.0426465 0.757164 63.8085
0.75161 -0.0146835 -0.659445 -32.5814 -0.0171311 0.99898 -0.041769 -4.45616 0.659386 0.042691 0.750592 64.6311
0.745252 -0.0151295 -0.666612 -33.3095 -0.0169769 0.998988 -0.0416528 -4.51751 0.666567 0.0423588 0.744241 65.4296
0.738791 -0.015959 -0.673746 -34.0632 -0.0150595 0.999079 -0.0401785 -4.58036 0.673767 0.0398298 0.73787 66.2838
0.732855 -0.0163809 -0.680187 -34.74 -0.0141079 0.999129 -0.0392622 -4.63639 0.680238 0.0383695 0.731986 66.9638
0.725737 -0.0180085 -0.687737 -35.5828 -0.0129417 0.999123 -0.0398189 -4.70208 0.687851 0.0377985 0.724867 67.8109
0.719313 -0.019723 -0.694406 -36.3558 -0.0126225 0.999061 -0.0414514 -4.76896 0.694571 0.0385817 0.718388 68.6582
0.714407 -0.0189181 -0.699475 -37.0936 -0.0144498 0.999022 -0.041778 -4.82588 0.699581 0.0399537 0.713435 69.3451
0.707453 -0.018861 -0.706508 -37.7781 -0.0137506 0.999087 -0.0404407 -4.88004 0.706626 0.0383248 0.706548 70.0857
0.70328 -0.0187552 -0.710666 -38.6857 -0.0144593 0.999068 -0.0406754 -4.94988 0.710766 0.0388819 0.702353 70.9274
0.697499 -0.0189495 -0.716336 -39.4625 -0.0152057 0.999034 -0.0412337 -5.01217 0.716425 0.0396529 0.696536 71.7346
0.693397 -0.0205862 -0.720261 -40.3222 -0.0157266 0.998921 -0.0436908 -5.08217 0.720384 0.0416223 0.692326 72.5136
0.688661 -0.0230134 -0.724719 -41.1603 -0.0156084 0.998794 -0.0465485 -5.15193 0.724916 0.0433678 0.687471 73.315
0.683047 -0.022445 -0.73003 -42.017 -0.0177041 0.998725 -0.0472708 -5.22411 0.73016 0.0452126 0.681779 74.1039
0.678373 -0.0227227 -0.734366 -42.8517 -0.0159918 0.998828 -0.0456782 -5.28976 0.734543 0.0427307 0.677215 74.8918
0.673006 -0.0232449 -0.739272 -43.7623 -0.0146946 0.998889 -0.0447855 -5.36545 0.739491 0.0410042 0.671916 75.6761
0.666494 -0.023571 -0.745138 -44.5934 -0.0147762 0.998886 -0.0448145 -5.43608 0.745364 0.0408789 0.665403 76.4287
0.661963 -0.0249465 -0.749121 -45.491 -0.0134882 0.998888 -0.0451828 -5.50434 0.749415 0.0400136 0.66089 77.21
0.65718 -0.0252512 -0.75331 -46.344 -0.0131496 0.998902 -0.0449552 -5.57637 0.753619 0.0394494 0.656127 77.9817
0.653693 -0.0267791 -0.756285 -47.2479 -0.0107587 0.998944 -0.0446705 -5.64419 0.756683 0.0373375 0.652715 78.7306
0.650383 -0.0293038 -0.759041 -48.1691 -0.00778864 0.998946 -0.0452394 -5.71642 0.759566 0.0353348 0.649469 79.5045
0.643799 -0.0335168 -0.764461 -49.098 -0.00524896 0.998823 -0.0482126 -5.79662 0.765177 0.0350518 0.642865 80.3504
0.640467 -0.0381618 -0.767037 -49.9874 -0.000824441 0.99873 -0.0503775 -5.86562 0.767985 0.0328975 0.639622 81.0763
0.633623 -0.0422129 -0.772489 -50.9181 0.00524171 0.998722 -0.0502759 -5.94538 0.773624 0.0278068 0.633034 81.8311
0.626073 -0.0459744 -0.778408 -51.8473 0.0104962 0.998667 -0.0505412 -6.02515 0.779694 0.0234721 0.625721 82.5495
0.614773 -0.0470753 -0.787298 -52.7633 0.0129864 0.998686 -0.0495743 -6.10476 0.788597 0.0202528 0.614577 83.3436
0.605601 -0.0458136 -0.794449 -53.7402 0.0141273 0.998803 -0.0468291 -6.17811 0.795643 0.0171363 0.605523 84.0939
0.597403 -0.0462128 -0.800609 -54.752 0.0150091 0.998808 -0.0464537 -6.25769 0.801801 0.0157352 0.597384 84.8091
0.586857 -0.0466421 -0.808346 -55.7225 0.0124131 0.99874 -0.0486162 -6.3347 0.809596 0.0184967 0.586696 85.5493
0.576849 -0.0496046 -0.815343 -56.7005 0.014557 0.99862 -0.0504559 -6.4103 0.816721 0.0172365 0.576775 86.1947
0.566788 -0.0500822 -0.82234 -57.7032 0.0127987 0.998565 -0.0519933 -6.48786 0.823764 0.0189444 0.566616 86.9153
0.557379 -0.0512164 -0.828677 -58.746 0.0166123 0.998584 -0.0505438 -6.57383 0.830092 0.0144058 0.55744 87.6125
0.548139 -0.0513075 -0.834812 -59.7777 0.0183324 0.998614 -0.0493377 -6.65281 0.836186 0.0117398 0.54832 88.2634
0.537373 -0.0516193 -0.841763 -60.8319 0.0182818 0.998604 -0.0495663 -6.73607 0.843146 0.0112466 0.537566 88.9425
0.526925 -0.0524569 -0.848291 -61.9067 0.0172661 0.998548 -0.0510235 -6.81859 0.849736 0.0122389 0.527066 89.5999
0.5176 -0.0531342 -0.853971 -62.9492 0.0164399 0.998503 -0.0521626 -6.89878 0.855465 0.0129602 0.517699 90.2226
0.507636 -0.0536902 -0.859897 -64.0653 0.0148157 0.998453 -0.053595 -6.98825 0.861444 0.0144668 0.507646 90.8778
0.497632 -0.0534021 -0.865743 -65.142 0.0138755 0.998465 -0.0536132 -7.07286 0.867277 0.0146671 0.497609 91.4759
0.48923 -0.0518718 -0.870611 -66.2841 0.0134923 0.99856 -0.0519133 -7.15869 0.87205 0.013651 0.489226 92.0957
0.481633 -0.0499043 -0.874951 -67.3849 0.0140116 0.998688 -0.0492489 -7.24442 0.876261 0.0114604 0.4817 92.6907
0.473892 -0.0501422 -0.879154 -68.5313 0.014239 0.998683 -0.0492842 -7.329 0.880468 0.0108371 0.473982 93.3023
0.467023 -0.0527364 -0.882671 -69.6693 0.0154157 0.998554 -0.0515035 -7.41642 0.884111 0.0104464 0.467161 93.9016
0.459713 -0.0561475 -0.886291 -70.8334 0.0177554 0.998381 -0.0540389 -7.50743 0.88789 0.00910595 0.459966 94.5072
0.453924 -0.0592645 -0.889067 -71.937 0.0195361 0.998208 -0.0565653 -7.59456 0.890826 0.0083074 0.454268 95.0455
0.447557 -0.0622911 -0.892083 -73.1151 0.0211447 0.998029 -0.0590806 -7.69284 0.894006 0.00757909 0.447992 95.6311
0.443705 -0.0630285 -0.893954 -74.2023 0.0226287 0.997994 -0.0591323 -7.78736 0.895887 0.00600834 0.444241 96.195
0.439598 -0.0611787 -0.896109 -75.3475 0.0253337 0.998125 -0.0557158 -7.88355 0.897837 0.0017908 0.440323 96.7308
0.437303 -0.0598514 -0.897321 -76.4854 0.0300777 0.998198 -0.0519218 -7.97837 0.898811 -0.00428381 0.438315 97.2728
0.432283 -0.0582532 -0.899854 -77.607 0.0301947 0.998287 -0.05012 -8.06699 0.901232 -0.00550477 0.433301 97.8455
0.429986 -0.0579619 -0.900973 -78.7757 0.0312991 0.998294 -0.0492854 -8.158 0.902293 -0.00700764 0.431067 98.3857
0.428344 -0.0576191 -0.901777 -79.8719 0.0340071 0.998286 -0.0476322 -8.24381 0.902976 -0.0102639 0.429569 98.9118
0.425625 -0.0570794 -0.903098 -81.0154 0.0367333 0.998276 -0.0457829 -8.32544 0.904154 -0.0136874 0.426988 99.4247
0.422117 -0.0569426 -0.904751 -82.1791 0.0373371 0.998271 -0.0454086 -8.41565 0.905772 -0.0146131 0.423513 99.9975
0.42066 -0.0572979 -0.905407 -83.2144 0.0394496 0.998215 -0.0448426 -8.4892 0.906361 -0.0168545 0.422169 100.481
0.418764 -0.0563919 -0.906342 -84.2788 0.0428272 0.998186 -0.0423186 -8.56863 0.907085 -0.0210946 0.42042 100.948
0.415626 -0.0560216 -0.907809 -85.4727 0.0454629 0.998133 -0.0407811 -8.65228 0.908399 -0.0243219 0.417397 101.503
0.414874 -0.0565126 -0.908122 -86.509 0.0468837 0.998071 -0.0406915 -8.72666 0.90867 -0.0256943 0.416723 101.964
0.413055 -0.0573358 -0.9089 -87.5993 0.0476265 0.998011 -0.041313 -8.80188 0.90946 -0.0262232 0.414964 102.475
0.412359 -0.0584694 -0.909143 -88.6097 0.0478447 0.997951 -0.0424801 -8.87804 0.909764 -0.0259807 0.414312 102.933
0.413121 -0.0593199 -0.908742 -89.6801 0.0472727 0.997928 -0.0436512 -8.95656 0.909449 -0.0249254 0.415069 103.389
0.415967 -0.0589062 -0.90747 -90.7519 0.0446267 0.99802 -0.044328 -9.03555 0.908284 -0.0220585 0.417772 103.887
0.419339 -0.0590067 -0.90591 -91.7804 0.0428833 0.998059 -0.0451585 -9.11561 0.906816 -0.0199117 0.421056 104.371
0.42362 -0.0590667 -0.903912 -92.7841 0.0409939 0.9981 -0.0460096 -9.19094 0.904912 -0.0175644 0.425236 104.842
0.431899 -0.0588897 -0.899997 -93.798 0.0397287 0.99814 -0.0462461 -9.26634 0.901046 -0.0157821 0.433436 105.324
0.439403 -0.0579513 -0.896419 -94.7983 0.0387792 0.99821 -0.0455232 -9.34069 0.897453 -0.0147593 0.440864 105.794
0.446903 -0.0565143 -0.892796 -95.7791 0.0374166 0.99831 -0.044464 -9.41341 0.8938 -0.0135343 0.448262 106.314
0.45567 -0.0563595 -0.888363 -96.7973 0.0375486 0.998322 -0.0440756 -9.48763 0.889356 -0.0132728 0.457022 106.788
0.465073 -0.0558464 -0.883509 -97.7225 0.0361327 0.998374 -0.044087 -9.5548 0.884534 -0.0114198 0.466335 107.29
0.474007 -0.0563172 -0.878718 -98.7313 0.0350512 0.998368 -0.0450779 -9.62774 0.879823 -0.00943288 0.475208 107.842
0.485825 -0.0576949 -0.87215 -99.674 0.0329689 0.998319 -0.0476762 -9.69898 0.873434 -0.00559152 0.48691 108.33
0.497731 -0.0572965 -0.865437 -100.635 0.029622 0.998356 -0.0490603 -9.77336 0.866826 -0.00121723 0.49861 108.904
0.510809 -0.0560706 -0.857864 -101.551 0.0281047 0.998427 -0.0485232 -9.84622 0.859235 0.000676066 0.511581 109.424
0.522715 -0.0537475 -0.850812 -102.477 0.0266952 0.998553 -0.0466799 -9.91755 0.852089 0.00168772 0.523394 109.978
0.534577 -0.0518499 -0.843528 -103.41 0.026413 0.998654 -0.0446462 -9.99013 0.844707 0.0015867 0.535226 110.568
0.545658 -0.0504134 -0.836491 -104.24 0.0253036 0.998725 -0.0436849 -10.0545 0.837626 0.00267077 0.546237 111.131
0.557141 -0.0507177 -0.828868 -105.161 0.0249028 0.998705 -0.0443709 -10.1268 0.830045 0.00407977 0.557682 111.733
0.568406 -0.0508576 -0.821175 -106.016 0.0240789 0.998688 -0.0451844 -10.1935 0.822396 0.00591011 0.568886 112.34
0.579123 -0.0531404 -0.813507 -106.876 0.026655 0.998574 -0.0462542 -10.2648 0.814805 0.00510287 0.579713 112.952
0.591347 -0.0525555 -0.804703 -107.697 0.0267947 0.998604 -0.0455287 -10.3344 0.805972 0.00536146 0.59193 113.53
0.602071 -0.0509399 -0.796816 -108.566 0.0267225 0.998689 -0.0436541 -10.4055 0.797996 0.00498995 0.602643 114.165
0.611132 -0.0487932 -0.790023 -109.354 0.0272069 0.998803 -0.0406417 -10.4674 0.791061 0.00334336 0.611729 114.781
0.621058 -0.0476203 -0.782317 -110.166 0.026576 0.998858 -0.0397035 -10.5358 0.783314 0.0038673 0.621614 115.418
0.630932 -0.0467227 -0.77443 -110.952 0.0245702 0.998888 -0.0402472 -10.5981 0.775449 0.00636534 0.631378 116.041
0.640559 -0.0457172 -0.766547 -111.692 0.0220353 0.998909 -0.0411617 -10.6559 0.767592 0.00947543 0.640868 116.663
0.647543 -0.0449203 -0.760704 -112.414 0.0213151 0.998938 -0.040844 -10.7167 0.761731 0.0102338 0.647813 117.289
0.659945 -0.0433807 -0.75006 -113.102 0.0215114 0.999013 -0.0388523 -10.775 0.751006 0.00950551 0.660227 117.897
0.666052 -0.0421795 -0.744712 -113.885 0.0221621 0.999078 -0.0367652 -10.8359 0.745576 0.00798317 0.666373 118.568
0.674716 -0.0414129 -0.736915 -114.646 0.0222195 0.999112 -0.0358037 -10.8978 0.737743 0.00778343 0.675037 119.26
0.682423 -0.040589 -0.729829 -115.274 0.0210887 0.999135 -0.0358474 -10.9509 0.730653 0.00907195 0.682689 119.864
0.690567 -0.0389656 -0.722218 -116.001 0.0195069 0.999188 -0.0352569 -11.0076 0.723005 0.010259 0.690766 120.562
0.697398 -0.036484 -0.715754 -116.657 0.0188889 0.999292 -0.0325323 -11.0558 0.716435 0.00916815 0.697594 121.162
0.706127 -0.0340242 -0.707267 -117.32 0.0181992 0.999387 -0.0299073 -11.1106 0.707851 0.00824666 0.706313 121.854
0.712384 -0.0328443 -0.701021 -117.988 0.0178226 0.999429 -0.0287139 -11.1592 0.701563 0.00796127 0.712563 122.461
0.719543 -0.0308493 -0.693762 -118.593 0.0156317 0.999479 -0.0282309 -11.2086 0.694272 0.00946867 0.719651 123.145
0.728454 -0.0285004 -0.684502 -119.186 0.0138201 0.999542 -0.0269102 -11.2491 0.684956 0.0101429 0.728514 123.782
0.736733 -0.0258755 -0.675688 -119.831 0.0130358 0.999625 -0.0240672 -11.3005 0.676058 0.00892296 0.736795 124.464
0.745984 -0.0220943 -0.665597 -120.418 0.0105757 0.999717 -0.0213323 -11.3352 0.66588 0.00887438 0.746006 125.099
0.755707 -0.0194428 -0.654621 -120.98 0.0085418 0.999767 -0.0198331 -11.3765 0.654854 0.00939641 0.755697 125.76
0.766129 -0.0194751 -0.642392 -121.548 0.00786547 0.99975 -0.0209284 -11.4151 0.642639 0.0109812 0.766091 126.427
0.775488 -0.0196139 -0.631057 -122.103 0.00726824 0.999728 -0.0221409 -11.4529 0.63132 0.0125833 0.77542 127.086
0.7859 -0.0185809 -0.618074 -122.595 0.00647978 0.999741 -0.0218156 -11.4888 0.618319 0.0131399 0.785817 127.747
0.795263 -0.0176613 -0.606007 -123.135 0.00658499 0.999768 -0.0204955 -11.5224 0.606229 0.0123087 0.795195 128.421
0.807065 -0.0155254 -0.590258 -123.654 0.00624135 0.999823 -0.0177643 -11.5559 0.590429 0.0106529 0.807019 129.128
0.815341 -0.0142294 -0.578806 -124.154 0.00663672 0.999862 -0.0152317 -11.5914 0.578943 0.00857769 0.815323 129.818
0.825455 -0.0127698 -0.564324 -124.619 0.00676537 0.999896 -0.0127302 -11.6195 0.564428 0.00669036 0.825455 130.538
0.834202 -0.0122117 -0.551324 -125.072 0.00764504 0.999915 -0.0105802 -11.6451 0.551407 0.00461112 0.834224 131.246
0.841826 -0.0123578 -0.539608 -125.54 0.00896714 0.99992 -0.00891017 -11.6716 0.539675 0.00266208 0.841869 131.969
0.848318 -0.0125455 -0.529338 -125.978 0.009272 0.999918 -0.00883904 -11.6986 0.529406 0.00259029 0.848365 132.66
0.855174 -0.0112558 -0.518219 -126.405 0.0081154 0.999932 -0.00832652 -11.7205 0.518278 0.00291506 0.855207 133.413
0.86196 -0.00976348 -0.506882 -126.847 0.00680242 0.999947 -0.0076932 -11.7423 0.50693 0.00318321 0.861981 134.149
0.867686 -0.00886323 -0.497034 -127.27 0.00595017 0.999955 -0.00744406 -11.7625 0.497077 0.00350168 0.867699 134.858
0.873261 -0.00944243 -0.487161 -127.701 0.00668888 0.99995 -0.00739143 -11.7869 0.487207 0.00319608 0.873281 135.625
0.878918 -0.0102914 -0.476862 -128.095 0.00737658 0.999941 -0.00798433 -11.8095 0.476916 0.00349996 0.878942 136.395
0.883679 -0.0109057 -0.467966 -128.524 0.0079464 0.999934 -0.00829749 -11.8313 0.468026 0.00361367 0.883707 137.165
0.887427 -0.0100577 -0.460839 -128.926 0.00744518 0.999944 -0.00748654 -11.8509 0.460889 0.00321273 0.887452 137.933
0.891111 -0.0082094 -0.453711 -129.347 0.0070564 0.999966 -0.00423416 -11.8714 0.45373 0.000571546 0.891139 138.741
0.893803 -0.00473869 -0.448434 -129.715 0.00506154 0.999987 -0.000478563 -11.8873 0.448431 -0.00184203 0.893816 139.523
0.896859 -0.00163974 -0.442314 -130.137 0.00304642 0.999992 0.0024699 -11.9 0.442307 -0.00356263 0.896857 140.333
0.900475 0.00106406 -0.434906 -130.534 0.00108821 0.999988 0.00469975 -11.9114 0.434906 -0.00470527 0.900464 141.207
0.903628 0.00289 -0.428309 -130.969 8.71725e-05 0.999976 0.0069312 -11.9178 0.428319 -0.00630056 0.903606 142.004
0.907609 0.00426448 -0.419795 -131.358 -0.000211036 0.999953 0.00970173 -11.927 0.419817 -0.00871679 0.907567 142.91
0.910912 0.00430472 -0.412579 -131.77 0.000708617 0.999928 0.0119974 -11.9316 0.412601 -0.011221 0.910843 143.765
0.914225 0.00414601 -0.405186 -132.165 0.00111034 0.999918 0.0127368 -11.9368 0.405206 -0.0120942 0.914146 144.686
0.917481 0.0034648 -0.397764 -132.532 0.0017335 0.999918 0.0127085 -11.931 0.397775 -0.0123493 0.9174 145.551
0.922846 0.00104144 -0.385167 -132.979 0.00417737 0.99991 0.0127124 -11.9405 0.385146 -0.0133406 0.922759 146.539
0.925935 -0.000632571 -0.377683 -133.328 0.0052815 0.999923 0.0112735 -11.9404 0.377647 -0.0124332 0.925866 147.407
0.931404 -0.0014127 -0.363986 -133.735 0.00533269 0.999938 0.00976488 -11.9483 0.363949 -0.0110361 0.931353 148.402
0.935606 9.42263e-05 -0.353047 -134.062 0.00314219 0.999958 0.00859396 -11.9508 0.353033 -0.0091499 0.935566 149.347
0.94169 0.00365104 -0.336461 -134.422 -0.000370333 0.999952 0.00981429 -11.9568 0.336481 -0.00911742 0.941646 150.315
0.948325 0.0073751 -0.317216 -134.776 -0.00351289 0.999913 0.0127456 -11.9555 0.317282 -0.0109726 0.948268 151.299
0.954549 0.0106503 -0.297865 -135.095 -0.0066565 0.999874 0.0144193 -11.959 0.297981 -0.0117812 0.954499 152.349
0.96108 0.0123808 -0.275993 -135.417 -0.00844913 0.999845 0.0154299 -11.9627 0.276141 -0.0124975 0.961036 153.406
0.966664 0.0138077 -0.255676 -135.687 -0.00992705 0.999815 0.0164623 -11.9599 0.255856 -0.0133754 0.966622 154.436
0.972502 0.0144084 -0.23245 -135.967 -0.0102046 0.999762 0.019277 -11.9616 0.232673 -0.0163749 0.972417 155.538
0.977427 0.0164767 -0.21063 -136.194 -0.011957 0.999671 0.0227137 -11.9503 0.210935 -0.0196825 0.977302 156.607
0.982075 0.0184647 -0.187586 -136.437 -0.0136483 0.999544 0.026935 -11.9454 0.187998 -0.023892 0.981879 157.738
0.986123 0.0203894 -0.16476 -136.61 -0.0156128 0.999421 0.0302343 -11.93 0.165281 -0.0272424 0.98587 158.82
0.989403 0.0219793 -0.14352 -136.798 -0.0178092 0.999383 0.0302764 -11.9176 0.144097 -0.0273996 0.989184 159.949
0.992476 0.0219886 -0.120446 -136.941 -0.0187096 0.999425 0.0282873 -11.8993 0.120998 -0.025821 0.992317 161.172
0.994913 0.0217817 -0.0983512 -137.074 -0.0191882 0.999445 0.0272391 -11.8819 0.0988899 -0.0252133 0.994779 162.236
0.996679 0.0203863 -0.0788397 -137.172 -0.0181579 0.999418 0.0288794 -11.8687 0.0793825 -0.0273519 0.996469 163.461
0.99811 0.020973 -0.0577708 -137.251 -0.0192186 0.999342 0.0307582 -11.8519 0.0583779 -0.0295898 0.997856 164.704
0.999073 0.0211978 -0.0374637 -137.294 -0.0200129 0.999296 0.0317225 -11.8349 0.0381098 -0.0309434 0.998794 165.867
0.999623 0.0226085 -0.0155628 -137.346 -0.0220962 0.999233 0.0323397 -11.8121 0.016282 -0.0319837 0.999356 167.113
0.999734 0.0228372 0.00325927 -137.343 -0.0229315 0.999204 0.0326577 -11.7932 -0.00251086 -0.0327238 0.999461 168.311
0.999406 0.0250369 0.0236631 -137.321 -0.025794 0.999147 0.0322523 -11.7708 -0.0228354 -0.0328435 0.9992 169.57
0.998692 0.0261246 0.0439545 -137.297 -0.0275035 0.999139 0.031065 -11.7491 -0.0431051 -0.0322332 0.99855 170.824
0.997556 0.0263427 0.0647232 -137.223 -0.0282526 0.999187 0.0287734 -11.7313 -0.0639126 -0.0305317 0.997488 172.132
0.996103 0.0282827 0.0835453 -137.141 -0.0305732 0.999187 0.0262639 -11.7155 -0.0827346 -0.0287158 0.996158 173.406
0.994473 0.0285962 0.101028 -137.012 -0.0311708 0.999226 0.0239974 -11.7 -0.100264 -0.0270139 0.994594 174.71
0.992284 0.0281495 0.12075 -136.876 -0.0309262 0.999297 0.0211836 -11.6956 -0.120069 -0.0247545 0.992457 176.038
0.989847 0.0297669 0.138986 -136.691 -0.0322678 0.999355 0.0157748 -11.6876 -0.138427 -0.0200994 0.990169 177.319
0.987044 0.0313466 0.15736 -136.503 -0.0332624 0.999401 0.00955528 -11.6945 -0.156967 -0.0146657 0.987495 178.614
0.984197 0.033891 0.173801 -136.261 -0.0350618 0.999378 0.00366999 -11.6986 -0.173569 -0.00970578 0.984774 180.011
0.980485 0.0355688 0.193348 -136.037 -0.0361987 0.999345 -0.000275007 -11.7202 -0.193231 -0.00672931 0.98113 181.337
0.976996 0.0378984 0.209862 -135.742 -0.0380808 0.99927 -0.00317328 -11.7369 -0.209829 -0.00489145 0.977726 182.638
0.972993 0.03725 0.227808 -135.412 -0.0374329 0.999293 -0.00351903 -11.765 -0.227778 -0.00510351 0.9737 184.041
0.968734 0.0359628 0.24548 -135.097 -0.0361372 0.99934 -0.00379546 -11.7904 -0.245454 -0.00519416 0.969394 185.386
0.964183 0.0356317 0.262832 -134.743 -0.0345782 0.999365 -0.00863403 -11.829 -0.262973 -0.000763486 0.964803 186.717
0.959817 0.037203 0.278149 -134.337 -0.0347499 0.999301 -0.013746 -11.8636 -0.278466 0.00352801 0.96044 188.187
0.954857 0.0395441 0.294423 -133.943 -0.0370797 0.999215 -0.01395 -11.8966 -0.294744 0.00240314 0.955573 189.492
0.948493 0.0411233 0.314117 -133.535 -0.0386318 0.999153 -0.0141555 -11.9424 -0.314434 0.00129143 0.949279 190.834
0.943336 0.045439 0.328713 -133.059 -0.0419785 0.998963 -0.0176205 -11.9798 -0.329173 0.00282316 0.944266 192.243
0.936682 0.0462889 0.347108 -132.579 -0.041504 0.998913 -0.0212109 -12.0318 -0.347712 0.00546151 0.937585 193.567
0.930202 0.0470075 0.364026 -132.057 -0.0410076 0.998866 -0.0241983 -12.0836 -0.36475 0.00758148 0.931075 194.959
0.922921 0.0470181 0.382109 -131.502 -0.0388347 0.998822 -0.0291053 -12.1467 -0.383027 0.0120228 0.923659 196.333
0.914875 0.0502566 0.400598 -130.949 -0.0394706 0.998603 -0.0351369 -12.2175 -0.401804 0.016334 0.91558 197.632
0.905707 0.0536626 0.420494 -130.356 -0.041042 0.998396 -0.0390124 -12.2907 -0.421913 0.0180758 0.906456 198.981
0.894054 0.0566188 0.444366 -129.719 -0.0430711 0.998249 -0.0405337 -12.3672 -0.445883 0.0171 0.894928 200.306
0.880626 0.0610752 0.46986 -129.005 -0.0460751 0.997996 -0.0433701 -12.4596 -0.471567 0.016544 0.881675 201.649
0.867331 0.0653171 0.493427 -128.33 -0.0485334 0.997726 -0.0467628 -12.5465 -0.49536 0.0166112 0.868529 202.924
0.851964 0.0692037 0.519008 -127.581 -0.0503689 0.997462 -0.0503183 -12.6472 -0.521173 0.0167275 0.853287 204.252
0.837696 0.0706192 0.541552 -126.8 -0.0499956 0.997357 -0.0527215 -12.7438 -0.543844 0.0170893 0.839012 205.496
0.821418 0.0716782 0.565804 -125.931 -0.0490134 0.997273 -0.055182 -12.8518 -0.568216 0.0175955 0.822691 206.81
0.806318 0.0738009 0.58686 -125.069 -0.0475065 0.99706 -0.0601143 -12.9661 -0.589571 0.0205916 0.807454 208.017
0.790278 0.0764863 0.607956 -124.153 -0.0459768 0.996784 -0.0656394 -13.09 -0.611021 0.0239216 0.791253 209.262
0.77283 0.0781703 0.62978 -123.221 -0.0441535 0.996603 -0.0695189 -13.214 -0.633075 0.0259194 0.773657 210.467
0.757865 0.0797643 0.647517 -122.268 -0.0427893 0.996438 -0.0726646 -13.3474 -0.651007 0.0273631 0.758578 211.616
0.741421 0.0803601 0.666211 -121.303 -0.0410806 0.996377 -0.0744672 -13.4807 -0.669781 0.0278432 0.742036 212.738
0.725305 0.0806992 0.683681 -120.239 -0.0389458 0.996325 -0.0762856 -13.624 -0.687325 0.0287039 0.725783 213.888
0.71187 0.0813121 0.697588 -119.226 -0.0365265 0.996217 -0.0788465 -13.7627 -0.701361 0.030648 0.712147 214.957
0.695525 0.0826756 0.71373 -118.106 -0.0337491 0.996021 -0.0824867 -13.9165 -0.717709 0.0332838 0.695547 216.06
0.682502 0.0846541 0.725964 -117.036 -0.0315546 0.995757 -0.0864488 -14.0676 -0.730202 0.036094 0.682277 217.119
0.668218 0.087746 0.738773 -115.871 -0.0312782 0.995456 -0.0899418 -14.2316 -0.743307 0.0369933 0.667926 218.151
0.651729 0.0875351 0.753384 -114.736 -0.0291494 0.995475 -0.0904471 -14.3938 -0.757891 0.0369863 0.651331 219.195
0.636251 0.0892088 0.766307 -113.588 -0.0305149 0.995425 -0.0905453 -14.5591 -0.770878 0.0342258 0.636062 220.16
0.619116 0.090239 0.780098 -112.42 -0.0326347 0.995474 -0.0892528 -14.726 -0.784621 0.0297996 0.619259 221.122
0.599486 0.0907679 0.795222 -111.236 -0.0342698 0.995549 -0.0877988 -14.8845 -0.799651 0.0253821 0.599928 222.075
0.582366 0.0922325 0.807678 -110.016 -0.0365435 0.995509 -0.0873325 -15.055 -0.812105 0.0213441 0.583121 223.005
0.564256 0.095638 0.820042 -108.836 -0.0384466 0.995234 -0.0896155 -15.2243 -0.824705 0.0190382 0.565243 223.856
0.547257 0.0994314 0.831037 -107.591 -0.0411114 0.994913 -0.0919659 -15.3983 -0.835954 0.0161639 0.548561 224.71
0.528614 0.0994334 0.843019 -106.424 -0.0415153 0.994956 -0.0913221 -15.5598 -0.847847 0.0132759 0.530075 225.447
0.505712 0.0983133 0.857082 -105.138 -0.0414083 0.995107 -0.0897132 -15.7327 -0.861708 0.00987876 0.507308 226.258
0.485963 0.0963231 0.868655 -103.916 -0.0415935 0.995331 -0.0871007 -15.8927 -0.872989 0.00619729 0.4877 226.963
0.465245 0.0948603 0.880084 -102.684 -0.0413912 0.995485 -0.0854179 -16.0522 -0.884214 0.00331252 0.467071 227.672
0.442846 0.093869 0.89167 -101.426 -0.0406041 0.995584 -0.0846424 -16.2098 -0.895678 0.00127812 0.444702 228.322
0.421506 0.0935827 0.901984 -100.184 -0.0406435 0.995611 -0.0843036 -16.3614 -0.905914 -0.00112524 0.42346 228.925
0.402247 0.0931848 0.910777 -98.9216 -0.0381687 0.995649 -0.0850111 -16.5143 -0.914735 -0.000567685 0.404053 229.505
0.379719 0.0931851 0.920397 -97.6722 -0.0355154 0.995649 -0.0861517 -16.6653 -0.92442 2.51915e-05 0.381376 230.038
0.359174 0.0926105 0.928664 -96.4328 -0.0333493 0.995702 -0.0863975 -16.8176 -0.932675 6.14064e-05 0.360719 230.533
0.337663 0.0906515 0.936892 -95.156 -0.0300083 0.995882 -0.0855441 -16.967 -0.940789 0.00077056 0.338993 231.022
0.319046 0.0899017 0.943466 -93.8969 -0.0265797 0.995948 -0.0859144 -17.1111 -0.947366 0.00233355 0.320143 231.448
0.297689 0.0943332 0.949991 -92.6552 -0.0271405 0.99554 -0.0903515 -17.261 -0.954277 0.00111342 0.298921 231.874
0.278875 0.10404 0.954675 -91.4313 -0.0308063 0.994572 -0.0993892 -17.4196 -0.959833 -0.00169288 0.280566 232.251
0.260676 0.11216 0.958889 -90.1941 -0.0340342 0.993679 -0.106977 -17.5864 -0.964826 -0.00474877 0.262845 232.595
0.240493 0.116188 0.963672 -88.9965 -0.0357482 0.993197 -0.110826 -17.7498 -0.969992 -0.00779652 0.243011 232.915
0.220882 0.116926 0.968266 -87.7729 -0.0372148 0.993075 -0.111432 -17.9151 -0.97459 -0.0114204 0.223704 233.223
0.200455 0.116554 0.972745 -86.5104 -0.0392524 0.993056 -0.110899 -18.0861 -0.978916 -0.0159523 0.203638 233.512
0.180966 0.116825 0.976526 -85.3219 -0.0420554 0.992931 -0.110994 -18.2544 -0.98259 -0.0209821 0.1846 233.765
0.162243 0.115676 0.979947 -84.1116 -0.0406443 0.993046 -0.110493 -18.416 -0.985913 -0.0219026 0.165817 233.968
0.143578 0.11546 0.982881 -82.8874 -0.0415875 0.992998 -0.110573 -18.5785 -0.988765 -0.0249996 0.147374 234.17
0.125177 0.115886 0.985343 -81.6998 -0.0391574 0.992958 -0.111807 -18.7458 -0.991361 -0.0245878 0.128833 234.334
0.105691 0.11894 0.98726 -80.4987 -0.0436591 0.992419 -0.114888 -18.9065 -0.99344 -0.0309603 0.110083 234.499
0.0877051 0.120258 0.988861 -79.3356 -0.0453336 0.99214 -0.116636 -19.074 -0.995115 -0.0345991 0.0924674 234.6
0.0697411 0.117906 0.990573 -78.1358 -0.0445016 0.99237 -0.114987 -19.2351 -0.996572 -0.0360627 0.074456 234.715
0.0545706 0.114081 0.991972 -76.9842 -0.0409196 0.992873 -0.111933 -19.3961 -0.997671 -0.0344828 0.0588498 234.798
0.0408071 0.109509 0.993148 -75.8191 -0.0406816 0.993334 -0.107858 -19.5533 -0.998339 -0.0360015 0.0449901 234.851
0.0280104 0.106792 0.993887 -74.6782 -0.0378724 0.993676 -0.105702 -19.7019 -0.99889 -0.0346801 0.0318777 234.891
0.017892 0.106022 0.994203 -73.5549 -0.0372059 0.993744 -0.105304 -19.8507 -0.999148 -0.0351061 0.0217247 234.925
0.00853152 0.108246 0.994088 -72.4298 -0.0387017 0.993415 -0.107841 -20.0076 -0.999214 -0.0375529 0.0126646 234.932
0.00215102 0.11053 0.99387 -71.3368 -0.038587 0.993142 -0.110365 -20.1468 -0.999253 -0.0381131 0.00640127 234.98
-0.00288096 0.114431 0.993427 -70.2571 -0.0384147 0.992685 -0.114457 -20.287 -0.999258 -0.038492 0.00153596 234.981
-0.00921685 0.121914 0.992498 -69.1777 -0.0398648 0.991706 -0.122187 -20.4572 -0.999163 -0.0406919 -0.00428034 234.996
-0.0131064 0.124767 0.992099 -68.1307 -0.0425246 0.991217 -0.125218 -20.6062 -0.999009 -0.0438298 -0.00768567 234.982
-0.017671 0.117569 0.992908 -67.0482 -0.0404686 0.992165 -0.118201 -20.7525 -0.999025 -0.0422703 -0.0127747 235.003
-0.0193861 0.107721 0.993992 -65.9873 -0.0379026 0.993385 -0.108395 -20.8938 -0.999093 -0.0397762 -0.015175 234.985
-0.021044 0.104221 0.994332 -64.9535 -0.0366516 0.993803 -0.104941 -21.028 -0.999107 -0.0386523 -0.0170938 234.987
-0.0216408 0.105264 0.994209 -63.9135 -0.037686 0.993649 -0.106025 -21.1626 -0.999055 -0.0397622 -0.0175364 234.986
-0.0211891 0.108698 0.993849 -62.8847 -0.0378658 0.993272 -0.109442 -21.2972 -0.999058 -0.0399518 -0.0169306 234.981
-0.0179398 0.110829 0.993678 -61.8752 -0.0403409 0.992948 -0.111476 -21.433 -0.999025 -0.0420857 -0.0133423 234.966
-0.0173288 0.11175 0.993585 -60.8651 -0.0414698 0.992799 -0.112385 -21.5638 -0.99899 -0.0431512 -0.0125698 234.992
-0.0128853 0.112746 0.99354 -59.8567 -0.0435837 0.992615 -0.113206 -21.7001 -0.998967 -0.0447608 -0.00787626 234.975
-0.00974751 0.114442 0.993382 -58.8468 -0.0454298 0.992353 -0.11477 -21.8351 -0.99892 -0.0462479 -0.00447387 234.999
-0.00549874 0.115024 0.993348 -57.8689 -0.0476529 0.992204 -0.115155 -21.9645 -0.998849 -0.0479691 2.53338e-05 235.014
0.00118786 0.114605 0.99341 -56.8672 -0.0485532 0.992246 -0.114412 -22.0961 -0.99882 -0.0480974 0.00674307 235.037
0.00777186 0.112706 0.993598 -55.8594 -0.047417 0.992552 -0.112216 -22.2323 -0.998845 -0.0462413 0.0130581 235.067
0.0156561 0.111932 0.993593 -54.8963 -0.0451477 0.99278 -0.111129 -22.3617 -0.998858 -0.0431186 0.0205965 235.096
0.0229637 0.11297 0.993333 -53.9069 -0.0448969 0.992709 -0.111861 -22.4908 -0.998728 -0.0420288 0.0278682 235.14
0.0290648 0.112739 0.993199 -52.9458 -0.0443362 0.992787 -0.111395 -22.6186 -0.998594 -0.040797 0.0338535 235.182
0.0370004 0.111856 0.993035 -51.9627 -0.0462854 0.992841 -0.110109 -22.7444 -0.998243 -0.041889 0.0419128 235.23
0.0425639 0.109979 0.993022 -50.9976 -0.0466497 0.993058 -0.107983 -22.8687 -0.998004 -0.041728 0.0473989 235.301
0.0493119 0.107744 0.992955 -50.0326 -0.0459679 0.993356 -0.105505 -22.991 -0.997725 -0.0404414 0.0539371 235.365
0.0565669 0.108314 0.992506 -49.0728 -0.0468054 0.993293 -0.105732 -23.1142 -0.997301 -0.0404737 0.0612572 235.435
0.063074 0.110752 0.991845 -48.082 -0.0463925 0.993074 -0.107939 -23.2408 -0.99693 -0.039206 0.0677752 235.502
0.0701356 0.112341 0.991192 -47.1367 -0.0466518 0.992921 -0.109236 -23.3562 -0.996446 -0.0385796 0.07488 235.584
0.0766463 0.113866 0.990535 -46.1531 -0.0479475 0.992729 -0.110408 -23.487 -0.995905 -0.0390313 0.0815486 235.676
0.0828451 0.114931 0.989913 -45.2247 -0.050282 0.992544 -0.111029 -23.6035 -0.995293 -0.0405766 0.0880064 235.764
0.0914991 0.114375 0.989215 -44.2702 -0.0514687 0.992598 -0.110005 -23.7255 -0.994474 -0.0408482 0.0967086 235.86
0.0975089 0.112298 0.988879 -43.3162 -0.0523461 0.992817 -0.107584 -23.8485 -0.993857 -0.0412736 0.102687 235.969
0.103111 0.110013 0.988567 -42.3758 -0.0520529 0.9931 -0.105089 -23.9677 -0.993307 -0.040622 0.108126 236.08
0.111095 0.109607 0.987747 -41.4253 -0.0520518 0.993177 -0.104355 -24.0886 -0.992446 -0.0398207 0.116042 236.202
0.116968 0.110728 0.986944 -40.4949 -0.0523939 0.993069 -0.105206 -24.2063 -0.991753 -0.0394042 0.121959 236.326
0.124485 0.111643 0.98592 -39.5363 -0.0508964 0.99306 -0.106026 -24.3233 -0.990915 -0.0369812 0.129304 236.456
0.133636 0.11264 0.984608 -38.6174 -0.0491418 0.993051 -0.106936 -24.4417 -0.989811 -0.0340949 0.138242 236.591
0.142339 0.114617 0.98316 -37.6925 -0.0484307 0.99289 -0.108739 -24.5599 -0.988633 -0.0321372 0.146878 236.732
0.151987 0.116051 0.981546 -36.7611 -0.0499567 0.992716 -0.109637 -24.6811 -0.987119 -0.0323714 0.156678 236.884
