1 -4.1311e-11 -1.95776e-11 0 -4.12612e-11 1 -1.70424e-11 0 -1.42043e-10 -1.70424e-11 1 -2.98023e-08
0.99986 0.000540166 0.0167368 0.00222352 -0.000530419 1 -0.000586804 -0.014929 -0.0167371 0.000577844 0.99986 0.128502
0.99929 0.00390922 0.0374854 0.033181 -0.00389449 0.999992 -0.000466012 -0.0178852 -0.0374869 0.000319694 0.999297 0.276057
0.997832 0.00606721 0.0655361 0.0400555 -0.00615489 0.99998 0.00113605 -0.0227786 -0.0655279 -0.00153696 0.99785 0.44477
0.995162 0.00504463 0.0981229 0.0871211 -0.00539604 0.99998 0.00331634 -0.02554 -0.0981042 -0.00382977 0.995169 0.627184
0.990564 0.00176035 0.137037 0.180177 -0.00252867 0.999982 0.00543276 -0.0269953 -0.137025 -0.00572802 0.990551 0.830415
0.984239 -0.00167934 0.176838 0.232848 0.000636536 0.999982 0.00595352 -0.0296889 -0.176845 -0.00574712 0.984222 1.02989
0.975286 -0.00200274 0.220935 0.333954 0.000385379 0.999973 0.00736341 -0.0303168 -0.220944 -0.00709629 0.975261 1.24527
0.963387 -0.00183241 0.268107 0.421116 -0.000943135 0.999947 0.0102232 -0.0263549 -0.268111 -0.0101018 0.963335 1.45878
0.948963 -0.00575047 0.315335 0.547027 0.000471286 0.999858 0.0168152 -0.0226552 -0.315387 -0.0158084 0.948831 1.69212
0.931763 -0.015425 0.362741 0.667643 0.00673581 0.99966 0.025207 -0.0323921 -0.363006 -0.0210435 0.931549 1.94606
0.909799 -0.0209604 0.414519 0.817362 0.00917795 0.999496 0.030396 -0.0346605 -0.414948 -0.0238499 0.909533 2.17354
0.884569 -0.0228296 0.465851 1.00924 0.00789605 0.999391 0.0339832 -0.0309132 -0.466343 -0.0263821 0.884211 2.43086
0.856587 -0.0249282 0.5154 1.1899 0.00593416 0.999242 0.0384677 -0.0206509 -0.515968 -0.0298925 0.856086 2.62059
0.823751 -0.0303318 0.56614 1.42847 0.00722962 0.999049 0.0430063 -0.0150972 -0.566906 -0.0313335 0.823187 2.90414
0.788376 -0.0357471 0.614155 1.6679 0.00926313 0.998887 0.0462496 -0.0109688 -0.615124 -0.0307731 0.787829 3.10177
0.749961 -0.0403863 0.660248 1.93713 0.0105734 0.998739 0.0490812 -0.00170157 -0.661398 -0.0298279 0.749442 3.31784
0.709173 -0.0438401 0.703671 2.22496 0.0115927 0.998655 0.0505348 0.00978968 -0.70494 -0.0276805 0.708727 3.53428
0.667473 -0.0454453 0.743246 2.54035 0.0107189 0.998619 0.0514338 0.0232317 -0.744556 -0.0263639 0.667039 3.77578
0.62423 -0.0460057 0.779885 2.86432 0.00661416 0.99854 0.0536102 0.0433258 -0.781213 -0.0283068 0.623623 3.98621
0.582099 -0.0468296 0.811768 3.22958 0.00378835 0.998486 0.0548845 0.0576343 -0.813109 -0.028873 0.581395 4.19005
0.542522 -0.0478425 0.838678 3.62298 0.00140655 0.998427 0.0560455 0.0745187 -0.84004 -0.0292263 0.541736 4.38646
0.502361 -0.050608 0.863176 4.03328 0.000933452 0.998317 0.0579881 0.0906297 -0.864657 -0.0283252 0.501563 4.61035
0.465585 -0.0503464 0.88357 4.45518 -0.00232182 0.998308 0.0581077 0.110536 -0.885 -0.0291055 0.46468 4.79255
0.428992 -0.0496542 0.901943 4.91031 -0.00330299 0.998395 0.0565352 0.134206 -0.903302 -0.0272322 0.428139 4.97975
0.394896 -0.0483216 0.917454 5.42702 -0.0022468 0.998562 0.0535606 0.153873 -0.918723 -0.0232122 0.394219 5.16493
0.366731 -0.0466963 0.929155 5.92413 -3.31443e-05 0.998739 0.0502065 0.173864 -0.930327 -0.018443 0.366267 5.32909
0.340263 -0.0446684 0.939269 6.49427 0.000600081 0.998881 0.047286 0.197809 -0.94033 -0.015526 0.339909 5.49155
0.3184 -0.0441202 0.946929 7.07327 0.00179035 0.998943 0.0459416 0.220852 -0.947955 -0.0129325 0.318142 5.6917
0.304938 -0.0447366 0.951321 7.66273 0.00305098 0.998937 0.0459978 0.245705 -0.952367 -0.011124 0.30475 5.86023
0.292699 -0.0462034 0.955088 8.29924 0.00424703 0.998885 0.0470206 0.264453 -0.956195 -0.00970662 0.292569 6.06341
0.282905 -0.0481633 0.957938 8.95915 0.0033926 0.998782 0.0492149 0.290892 -0.959142 -0.0106733 0.282724 6.26207
0.271446 -0.0496863 0.96117 9.62646 0.00138619 0.998686 0.0512341 0.316812 -0.962453 -0.0125749 0.271158 6.43472
0.260573 -0.0514041 0.964085 10.3578 0.000572655 0.99859 0.0530891 0.349134 -0.965454 -0.0132815 0.260235 6.63768
0.251312 -0.053552 0.966424 11.0255 -0.00038242 0.998463 0.0554268 0.372741 -0.967906 -0.014299 0.250905 6.80034
0.240431 -0.0551856 0.969096 11.791 -0.000493581 0.998376 0.0569754 0.405782 -0.970666 -0.014177 0.240013 6.98883
0.22721 -0.0566137 0.972199 12.5621 -0.00118116 0.998292 0.0584092 0.435687 -0.973845 -0.0144195 0.226755 7.19082
0.219397 -0.0594467 0.973823 13.3484 -0.00238637 0.998106 0.0614667 0.466743 -0.975633 -0.0158095 0.218839 7.33963
0.206272 -0.0630333 0.976462 14.0931 -0.00459425 0.99785 0.0653844 0.507204 -0.978484 -0.0179731 0.205539 7.50526
0.195806 -0.0667399 0.978369 14.9051 -0.00450665 0.99761 0.0689543 0.542569 -0.980632 -0.0179109 0.195037 7.66939
0.181432 -0.0692811 0.98096 15.7298 -0.00578584 0.997423 0.0715139 0.582287 -0.983387 -0.0186506 0.180564 7.81532
0.169753 -0.0700544 0.982994 16.5532 -0.00619605 0.997375 0.0721493 0.616626 -0.985467 -0.0183382 0.168873 7.93344
0.152908 -0.0691302 0.98582 17.3411 -0.00804015 0.99743 0.0711915 0.656743 -0.988208 -0.0188118 0.151959 8.05618
0.137331 -0.0680387 0.988186 18.1411 -0.0090679 0.99751 0.0699409 0.696366 -0.990484 -0.0185658 0.136372 8.15617
0.115624 -0.0665684 0.99106 19.009 -0.0116268 0.997593 0.0683637 0.733282 -0.993225 -0.0194274 0.114572 8.26734
0.0903308 -0.065094 0.993782 19.839 -0.0164551 0.997628 0.0668416 0.772127 -0.995776 -0.0223907 0.0890454 8.34918
0.0618394 -0.0648459 0.995977 20.6629 -0.0199997 0.997606 0.0661937 0.806675 -0.997886 -0.0240126 0.0603945 8.37722
0.0264944 -0.0645181 0.997565 21.5487 -0.0237075 0.997594 0.0651497 0.845237 -0.999368 -0.0253758 0.0249011 8.41564
-0.00708256 -0.0639019 0.997931 22.4079 -0.0247918 0.997661 0.0637086 0.879153 -0.999668 -0.0242892 -0.00865023 8.39874
-0.042393 -0.0629077 0.997119 23.2391 -0.0260724 0.997746 0.0618387 0.910417 -0.998761 -0.0233758 -0.0439376 8.34942
-0.0735197 -0.0609617 0.995429 24.0644 -0.0285282 0.99785 0.059003 0.940457 -0.996886 -0.0240599 -0.0751008 8.25629
-0.106932 -0.0578123 0.992584 24.9185 -0.0305582 0.998028 0.0548373 0.97389 -0.993797 -0.0244677 -0.108487 8.18835
-0.137662 -0.0533912 0.989039 25.8152 -0.0279609 0.998358 0.0500024 0.993942 -0.990085 -0.020771 -0.138928 8.0387
-0.170837 -0.0478897 0.984135 26.6071 -0.023263 0.998736 0.044562 1.01204 -0.985025 -0.0152811 -0.171735 7.89705
-0.203485 -0.0418141 0.978185 27.4288 -0.0170725 0.999087 0.0391561 1.02648 -0.978929 -0.00873242 -0.204013 7.66231
-0.228857 -0.0359891 0.972795 28.2585 -0.0109546 0.999348 0.0343943 1.03707 -0.973399 -0.0027852 -0.229102 7.45512
-0.259187 -0.0291013 0.965389 29.1156 -0.00280315 0.999564 0.0293789 1.04856 -0.965823 0.00490851 -0.259156 7.1787
-0.285581 -0.0184337 0.958177 29.9921 0.00345488 0.999789 0.020264 1.04441 -0.958348 0.00909741 -0.285457 6.91318
-0.309701 -0.00350865 0.950827 30.7378 0.00760663 0.999952 0.00616753 1.03253 -0.950804 0.00914269 -0.30966 6.65169
-0.337267 0.0133974 0.941314 31.5037 0.00884725 0.9999 -0.0110613 1.012 -0.941367 0.00459742 -0.337352 6.36089
-0.360674 0.0273678 0.93229 32.3445 0.00686018 0.99962 -0.0266903 0.979992 -0.932667 -0.00323082 -0.360725 6.03025
-0.385423 0.0383041 0.921945 33.0451 0.0110819 0.999258 -0.0368834 0.939745 -0.922674 -0.00399882 -0.385561 5.73964
-0.407177 0.0434007 0.912317 33.8694 0.0148373 0.999053 -0.0409049 0.891146 -0.913229 -0.00311921 -0.407436 5.34664
-0.431186 0.0428596 0.901244 34.5975 0.0175323 0.999081 -0.0391242 0.841224 -0.902093 -0.00106891 -0.431541 5.00193
-0.450888 0.0395328 0.891705 35.3276 0.0215536 0.99921 -0.0334003 0.796342 -0.892321 0.0041597 -0.451383 4.62257
-0.467768 0.0386723 0.883005 36.1388 0.0289447 0.999177 -0.0284268 0.750478 -0.883377 0.0122612 -0.468502 4.13283
-0.481769 0.0394053 0.875412 36.8452 0.0329907 0.999096 -0.0268169 0.705506 -0.875677 0.0159608 -0.482634 3.76742
-0.491887 0.0424945 0.869622 37.5162 0.0355603 0.998955 -0.0287004 0.656406 -0.869933 0.0168067 -0.492884 3.37039
-0.502625 0.0451792 0.863323 38.2114 0.0369145 0.998844 -0.0307797 0.61171 -0.863716 0.0163985 -0.503712 2.96814
-0.513539 0.0440661 0.856934 38.8895 0.0306206 0.998986 -0.0330206 0.560073 -0.85752 0.00928244 -0.514368 2.58396
-0.524961 0.0434739 0.850015 39.608 0.0293973 0.999025 -0.0329395 0.521221 -0.850618 0.00769624 -0.525727 2.15429
-0.532916 0.0450234 0.84497 40.2879 0.0319739 0.998942 -0.033062 0.479538 -0.845564 0.0093977 -0.533792 1.71705
-0.540629 0.0477786 0.839903 40.9552 0.0352388 0.998796 -0.0341349 0.431582 -0.840522 0.0111428 -0.541662 1.27522
-0.54387 0.0511355 0.83761 41.6489 0.036173 0.998643 -0.0374789 0.389751 -0.838389 0.00991521 -0.544982 0.825093
-0.543897 0.0522712 0.837522 42.2999 0.0352494 0.9986 -0.039433 0.347645 -0.838411 0.00807462 -0.544978 0.400237
-0.540905 0.0532544 0.839396 43.0548 0.0379196 0.998523 -0.0389147 0.302534 -0.840229 0.0107805 -0.542125 -0.0676813
-0.534776 0.0520695 0.843388 43.7926 0.0362642 0.998594 -0.0386572 0.251333 -0.844215 0.00991181 -0.535913 -0.544623
-0.527945 0.0508427 0.847755 44.5426 0.0338577 0.998673 -0.0388087 0.207758 -0.848603 0.00821415 -0.528966 -0.985916
-0.52145 0.0503354 0.851796 45.2939 0.0323591 0.998707 -0.0392074 0.158907 -0.852668 0.00711858 -0.522405 -1.43963
-0.514289 0.0488184 0.856227 46.1393 0.0294643 0.998795 -0.0392495 0.106379 -0.857111 0.00504248 -0.515107 -1.92841
-0.510337 0.046561 0.858713 46.9109 0.0250639 0.998914 -0.0392673 0.0581274 -0.859609 0.00148314 -0.51095 -2.37983
-0.508309 0.0436337 0.860069 47.7808 0.0202964 0.999045 -0.0386889 0.00668912 -0.860936 -0.00220959 -0.508709 -2.86577
-0.509135 0.0410644 0.859707 48.6189 0.0174679 0.999148 -0.0373801 -0.045851 -0.860509 -0.00401424 -0.509419 -3.3527
-0.509718 0.0398236 0.859419 49.4684 0.0159202 0.999194 -0.0368582 -0.0987882 -0.860194 -0.00510519 -0.509941 -3.85748
-0.509898 0.0399151 0.859309 50.3428 0.0166516 0.999194 -0.0365321 -0.148228 -0.860074 -0.00431873 -0.510151 -4.36217
-0.51004 0.0388459 0.859273 51.1773 0.0161439 0.999236 -0.0355907 -0.199446 -0.859999 -0.00428073 -0.510278 -4.86706
-0.509736 0.0381338 0.859485 52.0863 0.0164884 0.999267 -0.0345569 -0.251367 -0.860173 -0.00344343 -0.509991 -5.39632
-0.51054 0.0376295 0.85903 52.9868 0.0159456 0.999285 -0.0342965 -0.314615 -0.859706 -0.00381196 -0.510774 -5.92481
-0.510411 0.0361701 0.85917 53.8652 0.0141218 0.999333 -0.0336814 -0.362178 -0.859815 -0.00505835 -0.510581 -6.44787
-0.510975 0.0352378 0.858873 54.7431 0.013949 0.999368 -0.0327033 -0.422864 -0.859483 -0.00473013 -0.511143 -6.94713
-0.509585 0.0345826 0.859725 55.6462 0.0124343 0.999384 -0.0328302 -0.478653 -0.86033 -0.0060397 -0.509701 -7.48053
-0.509356 0.0332365 0.859914 56.5433 0.0122307 0.999433 -0.0313844 -0.536043 -0.860469 -0.00546851 -0.509473 -7.98694
-0.506646 0.0311235 0.861592 57.4353 0.0126855 0.999509 -0.028646 -0.592082 -0.862061 -0.00358363 -0.506792 -8.51864
-0.505124 0.0298412 0.862531 58.2945 0.0133385 0.999553 -0.0267704 -0.644956 -0.862944 -0.00201752 -0.505296 -8.99384
-0.501857 0.0294397 0.864449 59.2131 0.0134197 0.999565 -0.0262504 -0.698537 -0.864846 -0.00157331 -0.502034 -9.5302
-0.499549 0.0299739 0.865767 60.1092 0.0144006 0.999551 -0.0262965 -0.748621 -0.866166 -0.000668793 -0.499756 -10.0488
-0.498687 0.030193 0.866256 60.9588 0.0138148 0.999543 -0.0268857 -0.801723 -0.866672 -0.00144038 -0.498876 -10.5391
-0.499119 0.0317759 0.865951 61.8675 0.013471 0.999491 -0.0289116 -0.854119 -0.866429 -0.00276512 -0.499293 -11.0477
-0.502708 0.0336407 0.863801 62.7053 0.0120117 0.999418 -0.0319318 -0.908185 -0.864373 -0.00567666 -0.50282 -11.4992
-0.506801 0.0336293 0.861407 63.59 0.0107156 0.999407 -0.0327125 -0.967202 -0.861996 -0.00734824 -0.506861 -12.0421
-0.512081 0.0324515 0.858324 64.4326 0.0102649 0.999446 -0.0316629 -1.02052 -0.858876 -0.00740332 -0.51213 -12.5353
-0.51795 0.0303599 0.854872 65.2965 0.0141076 0.999537 -0.0269501 -1.07522 -0.855294 -0.00189867 -0.518139 -13.035
-0.524016 0.0281658 0.851242 66.1582 0.0110537 0.999594 -0.0262699 -1.13182 -0.851636 -0.00435651 -0.524115 -13.5613
-0.52835 0.0303403 0.848484 67.0065 0.0122919 0.99953 -0.0280873 -1.1853 -0.848938 -0.0044105 -0.528475 -14.0825
-0.533206 0.0330902 0.845338 67.8208 0.0129492 0.999437 -0.0309545 -1.23318 -0.845886 -0.00555872 -0.533334 -14.5963
-0.537701 0.0330268 0.842489 68.6787 0.0113956 0.999426 -0.0319059 -1.2911 -0.843059 -0.00755517 -0.537768 -15.1345
-0.54103 0.0335303 0.840334 69.4941 0.0106685 0.999398 -0.0330084 -1.34561 -0.840936 -0.00889344 -0.541062 -15.6532
-0.544116 0.0328818 0.838365 70.3127 0.0105702 0.999421 -0.0323383 -1.40333 -0.838943 -0.00873411 -0.544149 -16.1867
-0.547487 0.0264413 0.836396 71.1458 0.0128723 0.999649 -0.0231763 -1.45002 -0.836715 -0.00192237 -0.547635 -16.71
-0.549052 0.0183813 0.835586 71.9815 0.0137656 0.999821 -0.0129491 -1.49395 -0.835675 0.00439261 -0.549207 -17.2572
-0.550898 0.0160876 0.834418 72.7964 0.0130579 0.999858 -0.0106563 -1.53737 -0.83447 0.00502524 -0.55103 -17.7891
-0.551633 0.020675 0.83383 73.5634 0.0132408 0.999784 -0.0160301 -1.57047 -0.833982 0.00219787 -0.551788 -18.2998
-0.554543 0.0260554 0.831747 74.3518 0.0141186 0.99966 -0.0219023 -1.6134 -0.832035 -0.000402645 -0.554723 -18.7965
-0.55399 0.0312243 0.831937 75.1733 0.0203759 0.999506 -0.0239451 -1.65572 -0.832274 0.00368615 -0.554353 -19.3504
-0.554233 0.0316145 0.831761 75.9115 0.0235261 0.999474 -0.0223128 -1.69909 -0.832029 0.00720161 -0.554685 -19.853
-0.55433 0.0292305 0.831783 76.7229 0.0237919 0.999531 -0.0192697 -1.741 -0.831957 0.00910797 -0.554766 -20.3775
-0.553302 0.0245732 0.832618 77.5139 0.0218642 0.999649 -0.0149733 -1.77335 -0.832694 0.00991981 -0.553645 -20.8975
-0.552957 0.0187846 0.832998 78.2925 0.0207189 0.999747 -0.00879132 -1.80842 -0.832952 0.0123976 -0.553206 -21.4022
-0.553182 0.011862 0.832976 79.0822 0.0117247 0.99991 -0.00645286 -1.84238 -0.832978 0.00619677 -0.553271 -21.8923
-0.550366 0.00611951 0.834901 79.8968 0.00282147 0.999981 -0.00546958 -1.86727 -0.834919 -0.000654625 -0.550373 -22.4183
-0.549653 0.00720725 0.835362 80.6521 0.00685829 0.999968 -0.00411479 -1.89032 -0.835365 0.00346745 -0.549685 -22.8979
-0.546668 0.0113223 0.837273 81.4281 0.0127849 0.999905 -0.0051741 -1.91977 -0.837252 0.00787594 -0.54676 -23.409
-0.541433 0.0136381 0.840634 82.2114 0.0130367 0.999884 -0.00782505 -1.95251 -0.840643 0.00672239 -0.541548 -23.9096
-0.533473 0.0157674 0.84567 83.0097 0.0178381 0.999814 -0.00738866 -1.97983 -0.845629 0.0111435 -0.533655 -24.4161
-0.52579 0.0192644 0.850396 83.7905 0.0267028 0.999625 -0.00613491 -2.01448 -0.850195 0.0194823 -0.526107 -24.9053
-0.515696 0.0185803 0.85657 84.6037 0.0248709 0.999668 -0.00671083 -2.04139 -0.85641 0.017843 -0.515987 -25.3828
-0.50579 0.0159049 0.86251 85.3946 0.0211147 0.999759 -0.00605381 -2.06629 -0.862398 0.0151497 -0.506003 -25.8358
-0.493886 0.0130101 0.869429 86.2185 0.0231755 0.99973 -0.00179483 -2.08911 -0.869218 0.0192631 -0.494054 -26.2941
-0.48292 0.011468 0.875589 87.0387 0.022088 0.999756 -0.000911863 -2.11758 -0.875386 0.0188996 -0.483056 -26.7335
-0.47141 0.0104392 0.881852 87.8762 0.0224171 0.999749 0.000148697 -2.13336 -0.881629 0.0198387 -0.471526 -27.1688
-0.459321 0.012618 0.888181 88.6827 0.0260788 0.99966 -0.000715173 -2.15953 -0.887888 0.0228342 -0.459493 -27.5819
-0.446957 0.0150755 0.894428 89.495 0.0246483 0.999686 -0.00453258 -2.18818 -0.894216 0.0200203 -0.447188 -27.9866
-0.435534 0.0250976 0.899822 90.3422 0.0275522 0.999515 -0.0145423 -2.21463 -0.899751 0.0184584 -0.436014 -28.3847
-0.422847 0.0299208 0.905707 91.1587 0.0274585 0.999419 -0.0201971 -2.24554 -0.905785 0.016329 -0.423423 -28.7653
-0.411483 0.0264434 0.911034 92.0094 0.0258449 0.999516 -0.0173383 -2.27524 -0.911051 0.0164111 -0.411968 -29.1328
-0.399671 0.0230206 0.91637 92.792 0.0269161 0.999548 -0.0133708 -2.32021 -0.916263 0.0193212 -0.40011 -29.4747
-0.390009 0.0230904 0.920522 93.6525 0.0218935 0.999635 -0.015799 -2.35842 -0.920551 0.0139917 -0.390372 -29.8227
-0.382693 0.0276599 0.923462 94.5134 0.0187091 0.999579 -0.0221865 -2.39828 -0.923686 0.00878654 -0.383049 -30.1634
-0.377242 0.0318903 0.925565 95.338 0.00958015 0.999488 -0.0305326 -2.44014 -0.926065 -0.00265115 -0.377355 -30.4867
-0.373575 0.0341578 0.926971 96.1801 0.0071632 0.999398 -0.0339398 -2.48763 -0.927572 -0.00603898 -0.373594 -30.823
-0.369942 0.0345481 0.928412 97.0268 0.0088027 0.999394 -0.0336819 -2.53033 -0.929013 -0.00428782 -0.370022 -31.1525
-0.365085 0.0333725 0.930376 97.8892 0.00468548 0.999411 -0.0340101 -2.58628 -0.930962 -0.00805734 -0.365027 -31.4735
-0.359471 0.0297567 0.932682 98.7063 0.00399644 0.999531 -0.0303492 -2.62919 -0.933148 -0.00718224 -0.359422 -31.7813
-0.353638 0.0251652 0.935044 99.5654 0.00280817 0.999662 -0.0258423 -2.67585 -0.935378 -0.00651305 -0.353589 -32.1012
-0.347943 0.0228456 0.937237 100.42 0.00225826 0.999721 -0.0235303 -2.72186 -0.937513 -0.00607067 -0.347897 -32.4083
-0.342473 0.0218166 0.939274 101.23 -0.00168535 0.999714 -0.0238349 -2.7618 -0.939526 -0.00974583 -0.342339 -32.6829
-0.336162 0.0215693 0.941557 102.067 -0.0123211 0.999551 -0.0272968 -2.80295 -0.941724 -0.0207772 -0.335746 -32.9543
-0.329754 0.0249913 0.943736 102.911 -0.0090668 0.99952 -0.0296365 -2.84621 -0.944024 -0.0183294 -0.329369 -33.2457
-0.322745 0.029391 0.94603 103.755 -0.00643583 0.999427 -0.0332455 -2.89336 -0.946464 -0.0168183 -0.32237 -33.5139
-0.316005 0.0275113 0.948358 104.563 -0.00835591 0.99946 -0.031778 -2.93679 -0.948721 -0.0179664 -0.315605 -33.7969
-0.308931 0.0231337 0.950803 105.415 -0.00677819 0.999625 -0.0265239 -2.97438 -0.95106 -0.0146388 -0.308659 -34.0735
-0.301133 0.0203881 0.953364 106.288 -0.00547142 0.999718 -0.0231076 -3.01876 -0.953566 -0.0121747 -0.300936 -34.3366
-0.295493 0.0231895 0.955063 107.131 -0.00885126 0.999596 -0.0270094 -3.06362 -0.955304 -0.0164346 -0.295169 -34.5854
-0.288315 0.0263065 0.957174 107.973 -0.00800894 0.999521 -0.0298827 -3.10679 -0.957502 -0.0162816 -0.287966 -34.8526
-0.281572 0.0275375 0.959145 108.852 -0.00831783 0.999481 -0.0311374 -3.14929 -0.959504 -0.0167454 -0.281196 -35.0906
-0.27497 0.0261295 0.961098 109.708 -0.00871112 0.999522 -0.0296664 -3.1949 -0.961413 -0.0165296 -0.274611 -35.3291
-0.266866 0.0260384 0.963382 110.539 -0.0061915 0.999568 -0.0287315 -3.23992 -0.963714 -0.0136323 -0.26659 -35.5545
-0.258925 0.0273016 0.965512 111.42 -0.00159777 0.999587 -0.0286936 -3.28771 -0.965896 -0.00897217 -0.258774 -35.7975
-0.252531 0.0279501 0.967185 112.285 -3.14283e-05 0.999583 -0.0288945 -3.333 -0.967589 -0.00732715 -0.252424 -36.0125
-0.245377 0.027028 0.969051 113.154 -0.00641941 0.999544 -0.029504 -3.37513 -0.969406 -0.0134603 -0.245092 -36.2262
-0.239672 0.0245622 0.970543 113.994 -0.0115222 0.999538 -0.0281413 -3.41661 -0.970786 -0.0179275 -0.239278 -36.4117
-0.235329 0.02503 0.971593 114.879 -0.00776213 0.999588 -0.0276312 -3.4584 -0.971885 -0.0140441 -0.235038 -36.6198
-0.229807 0.0251681 0.972911 115.734 -0.00646025 0.999604 -0.0273846 -3.50417 -0.973215 -0.0125784 -0.229553 -36.8234
-0.225539 0.0265909 0.973871 116.609 -0.00483535 0.999585 -0.0284128 -3.54565 -0.974222 -0.0111172 -0.225316 -37.0162
-0.21995 0.0256851 0.975173 117.473 0.000412571 0.999656 -0.0262369 -3.5855 -0.975511 -0.00536847 -0.219885 -37.2071
-0.214757 0.0247193 0.976355 118.336 0.00839282 0.999689 -0.023464 -3.62769 -0.976631 0.00315529 -0.214898 -37.3997
-0.209726 0.02422 0.97746 119.212 0.0124062 0.999679 -0.0221087 -3.66742 -0.977681 0.00748983 -0.20996 -37.5868
-0.20607 0.0250793 0.978216 120.063 0.00928571 0.999677 -0.0236734 -3.71428 -0.978493 0.00420505 -0.206236 -37.7486
-0.201521 0.0268285 0.979117 120.933 0.00662381 0.999639 -0.0260275 -3.75369 -0.979462 0.0012404 -0.201626 -37.9273
-0.200245 0.0260503 0.979399 121.78 0.00491275 0.999661 -0.0255847 -3.79526 -0.979734 -0.000311667 -0.200305 -38.0886
-0.198869 0.0248291 0.979711 122.64 0.00353343 0.999691 -0.0246182 -3.83767 -0.98002 -0.00143406 -0.198896 -38.249
-0.198253 0.0211993 0.979922 123.523 0.00659794 0.999772 -0.0202939 -3.87229 -0.980129 0.00244213 -0.198348 -38.4228
-0.197068 0.0153366 0.98027 124.357 0.0044954 0.999881 -0.0147397 -3.91279 -0.98038 0.00150198 -0.197113 -38.5876
-0.195919 0.0130207 0.980534 125.233 0.00636751 0.999908 -0.0120057 -3.94521 -0.980599 0.0038914 -0.195984 -38.7605
-0.195358 0.0179141 0.980568 126.096 0.00541959 0.999838 -0.0171864 -3.98198 -0.980717 0.00195677 -0.195424 -38.9233
-0.195329 0.0217852 0.980496 126.93 0.00548031 0.999762 -0.0211215 -4.01787 -0.980723 0.0012478 -0.195401 -39.0858
-0.194772 0.020973 0.980624 127.779 0.00274258 0.999779 -0.0208379 -4.04974 -0.980845 -0.00136921 -0.194786 -39.2449
-0.194721 0.019882 0.980657 128.644 0.000931969 0.999798 -0.020085 -4.08996 -0.980858 -0.00299702 -0.1947 -39.4077
-0.193656 0.0200307 0.980865 129.475 0.00529235 0.999798 -0.0193724 -4.13034 -0.981055 0.0014395 -0.193723 -39.5748
-0.192936 0.0227218 0.980948 130.335 0.00435081 0.999742 -0.0223014 -4.16754 -0.981202 -3.48079e-05 -0.192985 -39.7365
-0.193046 0.0238718 0.980899 131.153 -0.00554953 0.999661 -0.0254206 -4.20134 -0.981174 -0.0103509 -0.192848 -39.8778
-0.192874 0.025232 0.980899 131.994 -0.0104571 0.99956 -0.0277681 -4.24085 -0.981168 -0.0156131 -0.192525 -40.0179
-0.192754 0.0282885 0.980839 132.846 -0.0112094 0.999456 -0.0310283 -4.29153 -0.981183 -0.0169755 -0.192332 -40.1775
-0.192262 0.0292912 0.980907 133.65 -0.00742513 0.999482 -0.0313013 -4.3308 -0.981316 -0.0133014 -0.191945 -40.3259
-0.190925 0.0302069 0.98114 134.499 -0.00922933 0.999427 -0.0325659 -4.38101 -0.981561 -0.0152729 -0.190537 -40.4772
-0.187867 0.029982 0.981737 135.336 -0.00267952 0.999515 -0.0310377 -4.42129 -0.982191 -0.00846153 -0.187695 -40.6493
-0.185019 0.0266918 0.982372 136.164 0.00409494 0.999643 -0.0263899 -4.46899 -0.982726 -0.000859881 -0.185062 -40.8044
-0.182493 0.0223836 0.982952 136.984 0.0110309 0.999725 -0.0207176 -4.50986 -0.983145 0.00706205 -0.182689 -40.9605
-0.178476 0.021819 0.983702 137.821 0.0133317 0.999716 -0.0197553 -4.54665 -0.983854 0.00958853 -0.178716 -41.1101
-0.173699 0.0260708 0.984454 138.623 0.010629 0.999641 -0.0245976 -4.59334 -0.984741 0.00619121 -0.173914 -41.2434
-0.16648 0.0293272 0.985609 139.446 0.0128715 0.999537 -0.0275675 -4.62916 -0.985961 0.00809686 -0.16678 -41.3798
-0.158678 0.0298818 0.986878 140.211 0.00934848 0.999543 -0.0287621 -4.66606 -0.987286 0.00466189 -0.158885 -41.4922
-0.149076 0.0265445 0.988469 140.952 0.0165437 0.999567 -0.0243475 -4.69661 -0.988687 0.0127233 -0.149451 -41.6102
-0.136843 0.0246157 0.990287 141.81 0.0239255 0.999482 -0.0215381 -4.74321 -0.990304 0.0207458 -0.137361 -41.7228
-0.123359 0.02675 0.992002 142.598 0.0233577 0.999438 -0.0240459 -4.78259 -0.992087 0.0202046 -0.123914 -41.8183
-0.108925 0.0280047 0.993655 143.422 0.0238523 0.999389 -0.0255515 -4.818 -0.993764 0.0209178 -0.109527 -41.9022
-0.0951826 0.028045 0.995065 144.116 0.0278611 0.999287 -0.025499 -4.85104 -0.99507 0.0252966 -0.095896 -41.9703
-0.0807685 0.0300348 0.99628 144.926 0.0314987 0.999124 -0.0275669 -4.89121 -0.996235 0.029155 -0.0816438 -42.0316
-0.0674651 0.0356324 0.997085 145.713 0.0278656 0.99904 -0.0338168 -4.9393 -0.997332 0.0255029 -0.0683932 -42.0696
-0.0542877 0.0452341 0.9975 146.47 0.0217846 0.998789 -0.0441069 -4.98491 -0.998288 0.0193356 -0.0552074 -42.0973
-0.0418791 0.0534423 0.997692 147.129 0.0138371 0.998504 -0.0529049 -5.03049 -0.999027 0.0115895 -0.042556 -42.0944
-0.0279979 0.0539844 0.998149 147.982 0.012432 0.998482 -0.0536537 -5.08522 -0.999531 0.0109068 -0.0286266 -42.1149
-0.0159834 0.0502187 0.99861 148.724 0.0119088 0.998677 -0.0500314 -5.1384 -0.999801 0.0110926 -0.0165603 -42.1162
-0.00439618 0.0474025 0.998866 149.469 0.0127934 0.998797 -0.0473429 -5.19331 -0.999909 0.0125708 -0.00499734 -42.1129
0.00445594 0.0537595 0.998544 150.232 0.0088928 0.998512 -0.0537975 -5.25732 -0.999951 0.00911957 0.00397124 -42.094
0.0103694 0.0622773 0.998005 150.949 0.00136761 0.998057 -0.0622947 -5.31074 -0.999945 0.00201084 0.0102641 -42.0676
0.012867 0.0655438 0.997767 151.69 -0.00294504 0.997848 -0.0655111 -5.36438 -0.999913 -0.00209552 0.0130324 -42.0432
0.013131 0.0614782 0.998022 152.443 -0.0051484 0.998099 -0.0614152 -5.423 -0.999901 -0.00433178 0.0134225 -42.0222
0.0120944 0.0556675 0.998376 153.181 9.77474e-05 0.998449 -0.0556727 -5.49185 -0.999927 0.000770917 0.0120702 -42.0139
0.00884776 0.0532223 0.998544 153.907 -0.000420812 0.998583 -0.0532207 -5.54611 -0.999961 5.06861e-05 0.00885762 -42.0031
0.00664191 0.0536499 0.998538 154.684 0.00250638 0.998556 -0.0536675 -5.59965 -0.999975 0.00285917 0.00649784 -41.9968
0.00254947 0.0535978 0.998559 155.372 0.000572087 0.998562 -0.0535994 -5.65407 -0.999997 0.000707915 0.00251514 -41.995
-0.000717587 0.0518835 0.998653 156.156 0.00421233 0.998644 -0.05188 -5.71436 -0.999991 0.00416942 -0.000935165 -41.9991
-0.00735561 0.0521095 0.998614 156.878 -6.33516e-05 0.998641 -0.0521113 -5.76305 -0.999973 -0.000446573 -0.00734232 -41.9903
-0.0128056 0.0503917 0.998648 157.618 0.00176885 0.998729 -0.0503731 -5.81452 -0.999916 0.0011214 -0.0128785 -41.9959
-0.0186916 0.0477058 0.998687 158.324 0.00611471 0.998848 -0.0475991 -5.86416 -0.999807 0.00521698 -0.0189617 -42.0128
-0.0249169 0.0475001 0.99856 159.039 0.00405555 0.998867 -0.0474135 -5.9168 -0.999681 0.00286832 -0.0250813 -42.0236
-0.0295191 0.0485611 0.998384 159.757 0.00306236 0.998819 -0.0484917 -5.96337 -0.99956 0.00162598 -0.0296329 -42.0407
-0.0336634 0.0507095 0.998146 160.473 0.0017552 0.998713 -0.0506791 -6.01667 -0.999432 4.59177e-05 -0.0337091 -42.0639
-0.0365594 0.0528845 0.997931 161.2 0.00175585 0.998601 -0.0528557 -6.0723 -0.99933 -0.000180157 -0.0366011 -42.0838
-0.0371692 0.0542698 0.997834 161.892 0.00489843 0.998522 -0.0541248 -6.12104 -0.999297 0.00287605 -0.0373801 -42.1166
-0.0368391 0.0525592 0.997938 162.632 0.0094478 0.99859 -0.0522447 -6.17355 -0.999277 0.00750367 -0.0372837 -42.1417
-0.0336875 0.0495121 0.998205 163.318 0.010446 0.998735 -0.0491858 -6.22705 -0.999378 0.00877028 -0.0341621 -42.1661
-0.0256134 0.0487194 0.998484 164.019 0.0133312 0.99874 -0.0483899 -6.27808 -0.999583 0.0120715 -0.0262306 -42.1861
-0.013872 0.0495399 0.998676 164.706 0.0164295 0.998648 -0.0493103 -6.32892 -0.999769 0.0157237 -0.0146672 -42.1964
-0.000464284 0.0495481 0.998772 165.397 0.019568 0.998581 -0.0495296 -6.37955 -0.999808 0.019521 -0.00143318 -42.1962
0.0149499 0.0475576 0.998757 166.07 0.0188916 0.998677 -0.0478365 -6.42378 -0.99971 0.0195833 0.0140317 -42.1771
0.0314833 0.0427693 0.998589 166.799 0.0128599 0.998984 -0.0431917 -6.4748 -0.999421 0.0142016 0.0309013 -42.1354
0.0481453 0.0362333 0.998183 167.449 0.0124366 0.999243 -0.0368716 -6.51354 -0.998763 0.0141892 0.0476582 -42.0945
0.0653685 0.0290951 0.997437 168.133 0.0129125 0.999467 -0.0300005 -6.55269 -0.997778 0.0148405 0.0649579 -42.0376
0.082928 0.0213028 0.996328 168.819 0.012674 0.999668 -0.0224291 -6.58737 -0.996475 0.0144874 0.0826305 -41.9743
0.100053 0.0149788 0.994869 169.47 0.0107608 0.999812 -0.0161354 -6.62039 -0.994924 0.01232 0.0998728 -41.8952
0.117725 0.0124615 0.992968 170.138 0.0103089 0.999852 -0.0137701 -6.65394 -0.992993 0.0118575 0.117579 -41.8003
0.136321 0.0114619 0.990598 170.779 0.0117407 0.999844 -0.0131846 -6.67381 -0.990595 0.0134276 0.136165 -41.7048
0.153068 0.0105451 0.988159 171.42 0.0109711 0.999863 -0.0123694 -6.69567 -0.988155 0.0127346 0.152932 -41.5927
0.168816 0.0101686 0.985595 172.081 0.00586441 0.999919 -0.0113208 -6.72015 -0.98563 0.00769108 0.168743 -41.4579
0.182924 0.00653094 0.983105 172.684 0.0021269 0.999973 -0.00703874 -6.74132 -0.983125 0.00337852 0.182905 -41.3232
0.195626 0.00235613 0.980676 173.312 0.00528884 0.99998 -0.00345753 -6.76266 -0.980664 0.00586302 0.195609 -41.1943
0.205463 0.000227538 0.978665 173.948 0.0107887 0.999939 -0.00249748 -6.77928 -0.978605 0.0110716 0.205448 -41.0519
0.215372 0.00422125 0.976523 174.528 0.00426089 0.999977 -0.00526238 -6.80231 -0.976523 0.00529423 0.215349 -40.9111
0.225098 0.0112899 0.974271 175.149 0.00163726 0.999927 -0.0119655 -6.82327 -0.974335 0.00428855 0.225063 -40.752
0.233705 0.0213016 0.972074 175.702 0.00128279 0.999752 -0.0222166 -6.8453 -0.972307 0.00643909 0.23362 -40.6054
0.24161 0.0281931 0.969964 176.291 0.00404304 0.99954 -0.0300598 -6.86994 -0.970365 0.0111844 0.241385 -40.4597
0.247027 0.0266617 0.968642 176.899 0.00411791 0.999584 -0.0285635 -6.89012 -0.969 0.0110447 0.246814 -40.2991
0.253937 0.0191975 0.96703 177.483 0.00335632 0.99978 -0.0207289 -6.91256 -0.967215 0.0085095 0.253816 -40.1337
0.257597 0.00861472 0.966214 178.098 -0.00152977 0.999963 -0.00850778 -6.93801 -0.966251 0.000713496 0.257601 -39.9562
0.259347 -0.000502517 0.965784 178.681 -0.00136133 0.999999 0.000885885 -6.96438 -0.965783 -0.0015445 0.259346 -39.7954
0.26044 -0.00153851 0.965489 179.311 -0.000218393 0.999999 0.00165241 -6.98842 -0.96549 -0.000641208 0.260439 -39.6186
0.261325 0.00131022 0.96525 179.897 0.00429392 0.999988 -0.00251987 -6.9981 -0.965241 0.00480321 0.261316 -39.4663
0.263472 0.00063558 0.964667 180.513 0.00653448 0.999976 -0.00244356 -7.01084 -0.964645 0.00694741 0.263462 -39.2939
0.265127 -0.000806757 0.964213 181.106 0.00544817 0.999985 -0.000661379 -7.015 -0.964198 0.00542855 0.265127 -39.1269
0.267698 -0.00528752 0.963488 181.718 0.00504179 0.999979 0.00408696 -7.03504 -0.96349 0.00376363 0.267719 -38.948
0.270558 -0.0105249 0.962646 182.348 0.00540033 0.999941 0.00941483 -7.04724 -0.962689 0.00265135 0.270599 -38.7749
0.274809 -0.0138679 0.961399 182.96 0.00660714 0.9999 0.0125347 -7.05594 -0.961476 0.00290746 0.274874 -38.5886
0.281007 -0.015692 0.959577 183.591 0.00829266 0.999869 0.0139224 -7.05669 -0.95967 0.00404514 0.281101 -38.4055
0.288484 -0.0186772 0.957303 184.202 0.00974403 0.999815 0.0165703 -7.06104 -0.957435 0.00454773 0.288613 -38.2201
0.298205 -0.0208902 0.954273 184.836 0.0121027 0.999763 0.018104 -7.06926 -0.954425 0.00615063 0.298387 -38.0175
0.308416 -0.0187327 0.951067 185.448 0.0105136 0.999812 0.0162834 -7.07607 -0.951194 0.00497706 0.308555 -37.8068
0.320009 -0.0148615 0.947298 186.062 0.00962091 0.999876 0.0124363 -7.08079 -0.947366 0.00513415 0.320112 -37.5869
0.332025 -0.0116492 0.943199 186.67 0.00853871 0.99992 0.00934396 -7.08476 -0.943232 0.00495127 0.332098 -37.365
0.34357 -0.0109192 0.939064 187.303 0.00873308 0.999926 0.00843182 -7.08783 -0.939087 0.005304 0.34364 -37.1299
0.354207 -0.0144297 0.935056 187.919 0.0103476 0.99988 0.0115104 -7.09439 -0.93511 0.00559853 0.354314 -36.881
0.366531 -0.016148 0.930266 188.53 0.00954115 0.999862 0.0135969 -7.09952 -0.930357 0.00389213 0.366635 -36.6255
0.378031 -0.016938 0.925638 189.159 0.00792604 0.999855 0.0150591 -7.11088 -0.925759 0.00164385 0.378111 -36.3622
0.386478 -0.0183037 0.922117 189.777 0.00517374 0.99983 0.0176779 -7.10374 -0.922284 -0.0020613 0.386507 -36.0927
0.39388 -0.017241 0.919 190.406 0.00100068 0.999832 0.0183285 -7.10726 -0.919161 -0.00629962 0.393831 -35.8043
0.398518 -0.018943 0.916965 191.046 -0.000509746 0.999782 0.0208755 -7.10947 -0.91716 -0.00878666 0.398421 -35.5181
0.399797 -0.0240599 0.916288 191.699 0.0046966 0.999696 0.0242008 -7.10627 -0.916592 -0.00537198 0.399788 -35.2272
0.400694 -0.0225948 0.915933 192.35 0.00722042 0.999743 0.0215035 -7.10574 -0.916184 -0.00200291 0.400754 -34.95
0.399914 -0.0224439 0.916278 193.02 0.00884333 0.999748 0.0206288 -7.10805 -0.91651 -0.000146797 0.400012 -34.662
0.398527 -0.0213114 0.916909 193.681 0.0116147 0.999767 0.018189 -7.10715 -0.917083 0.00340081 0.398682 -34.3714
0.398894 -0.0228606 0.916712 194.366 0.014956 0.999718 0.0184227 -7.10306 -0.916875 0.00636162 0.399123 -34.0899
0.397143 -0.0288711 0.917303 195.055 0.0186017 0.999553 0.0234063 -7.10178 -0.917568 0.00776771 0.397502 -33.7893
0.396585 -0.0316596 0.917452 195.728 0.0182337 0.99948 0.0266083 -7.10148 -0.917817 0.0061761 0.396956 -33.4933
0.395031 -0.0339414 0.918041 196.424 0.0194073 0.999403 0.0285985 -7.10167 -0.918463 0.00651939 0.395454 -33.1896
0.393401 -0.0340607 0.918736 197.136 0.0180243 0.999407 0.0293335 -7.09607 -0.91919 0.00501971 0.393782 -32.8771
0.391979 -0.0343016 0.919334 197.817 0.0166852 0.999405 0.0301751 -7.08725 -0.919823 0.00351129 0.392318 -32.5847
0.389727 -0.0334737 0.920322 198.508 0.0163292 0.999433 0.0294362 -7.08691 -0.920786 0.00355606 0.390052 -32.275
0.389094 -0.0302067 0.920703 199.197 0.0172746 0.999526 0.0254924 -7.0847 -0.921036 0.00598579 0.389431 -31.9811
0.388065 -0.0231457 0.921341 199.88 0.0152421 0.999709 0.0186946 -7.09183 -0.921506 0.00678846 0.388305 -31.6892
0.386791 -0.020484 0.92194 200.581 0.0133207 0.999773 0.0166248 -7.08344 -0.922071 0.00585052 0.386976 -31.3883
0.385557 -0.022649 0.922406 201.281 0.0123099 0.999736 0.0194023 -7.08441 -0.922602 0.00387402 0.385734 -31.1109
0.384956 -0.026536 0.922553 201.973 0.0110882 0.999647 0.0241267 -7.0866 -0.922868 0.000941746 0.385115 -30.8079
0.381851 -0.0260292 0.923857 202.669 0.00759955 0.999658 0.0250238 -7.09003 -0.924193 -0.00253446 0.381918 -30.5113
0.378126 -0.0259507 0.92539 203.348 0.00465499 0.999648 0.026131 -7.09051 -0.925743 -0.00557313 0.378113 -30.2257
0.370549 -0.0269787 0.928421 204.03 0.00442123 0.999618 0.027283 -7.0871 -0.928803 -0.00600491 0.370527 -29.9476
0.36251 -0.0277091 0.931568 204.713 0.00563993 0.999605 0.0275381 -7.07944 -0.931963 -0.00472888 0.362523 -29.6812
0.352406 -0.0268221 0.935463 205.42 0.00814463 0.999639 0.025594 -7.08645 -0.935812 -0.00140049 0.352498 -29.4364
0.341484 -0.0236287 0.939591 206.108 0.00685509 0.99972 0.0226494 -7.09153 -0.939863 -0.00129343 0.34155 -29.1731
0.331562 -0.0235861 0.943139 206.807 0.00411837 0.999714 0.0235531 -7.07569 -0.943425 -0.00392513 0.331564 -28.9313
0.3197 -0.0308587 0.947016 207.511 0.0085905 0.999523 0.0296696 -7.07029 -0.94748 -0.00135003 0.319813 -28.697
0.310395 -0.0400975 0.949762 208.225 0.0140219 0.999194 0.037602 -7.07227 -0.950504 0.001646 0.310707 -28.4738
0.303269 -0.0459052 0.951799 208.918 0.0145135 0.998946 0.0435547 -7.06425 -0.952795 0.000605184 0.303615 -28.2511
0.299303 -0.0467754 0.953011 209.634 0.00903649 0.998892 0.0461893 -7.04235 -0.954116 -0.0052127 0.299394 -28.0256
0.295739 -0.048481 0.954038 210.339 0.00954686 0.998811 0.0477968 -7.02666 -0.955221 -0.00502731 0.29585 -27.798
0.294248 -0.0496924 0.954436 211.054 0.0109905 0.998757 0.0486116 -7.00608 -0.955666 -0.00381417 0.294429 -27.5688
0.292978 -0.0484569 0.954891 211.758 0.0111276 0.99882 0.047272 -6.99271 -0.956054 -0.00322403 0.293172 -27.3489
0.293313 -0.0460765 0.954906 212.477 0.00647338 0.998911 0.0462115 -6.9703 -0.955995 -0.00737294 0.293292 -27.1172
0.293254 -0.0464338 0.954906 213.205 0.00647088 0.998893 0.0465855 -6.95338 -0.956013 -0.0074823 0.29323 -26.8842
0.29453 -0.048015 0.954435 213.933 0.00602717 0.99881 0.0483875 -6.93229 -0.955623 -0.00849903 0.294469 -26.6479
0.296471 -0.0495164 0.953757 214.659 0.00738179 0.998744 0.0495574 -6.91535 -0.955013 -0.0076519 0.296464 -26.4249
0.29854 -0.0514942 0.953007 215.374 0.011129 0.998663 0.0504749 -6.89862 -0.954332 -0.00446271 0.298714 -26.2046
0.301093 -0.052524 0.952147 216.111 0.0122153 0.998613 0.0512244 -6.87154 -0.953517 -0.0037926 0.301317 -25.9631
0.306214 -0.053846 0.950439 216.835 0.00993744 0.998525 0.0533687 -6.85007 -0.951911 -0.0068973 0.306297 -25.7273
0.311366 -0.057905 0.948524 217.574 0.00862725 0.998273 0.05811 -6.82275 -0.950251 -0.00991032 0.311328 -25.4785
0.317196 -0.061727 0.946349 218.325 0.00873325 0.998027 0.0621706 -6.79659 -0.94832 -0.0114556 0.317109 -25.2239
0.320911 -0.0620116 0.945077 219.075 0.00656766 0.997976 0.0632525 -6.76851 -0.947087 -0.0140915 0.320669 -24.9545
0.325113 -0.0583197 0.943875 219.805 0.00443752 0.99818 0.0601466 -6.74302 -0.945665 -0.015366 0.32478 -24.694
0.329619 -0.0511729 0.942726 220.499 -0.00447819 0.998434 0.0557626 -6.71535 -0.944103 -0.0226021 0.328874 -24.434
0.335076 -0.0487634 0.940929 221.208 -0.00633215 0.998521 0.054003 -6.68546 -0.94217 -0.0240532 0.334271 -24.1679
0.338116 -0.0487631 0.93984 221.935 -0.00703531 0.998498 0.0543376 -6.66261 -0.941078 -0.0249845 0.337265 -23.9003
0.342334 -0.0475117 0.938376 222.672 -0.00821048 0.998531 0.0535528 -6.63819 -0.939543 -0.0260374 0.341441 -23.6203
0.346917 -0.0438255 0.936871 223.42 -0.0102419 0.998671 0.050509 -6.61768 -0.93784 -0.0271178 0.346008 -23.3347
0.351766 -0.0438091 0.935062 224.137 -0.010185 0.998666 0.0506206 -6.59232 -0.936033 -0.0273302 0.35085 -23.0608
0.356347 -0.0453042 0.933255 224.858 -0.00957227 0.998594 0.052131 -6.57107 -0.934305 -0.0275101 0.355412 -22.7758
0.360501 -0.0459977 0.931624 225.628 -0.00594545 0.99865 0.0516077 -6.55237 -0.93274 -0.0241436 0.359741 -22.4792
0.3652 -0.0455549 0.929814 226.34 -0.00264132 0.998747 0.0499696 -6.53364 -0.930925 -0.0207049 0.364623 -22.1952
0.368643 -0.0440973 0.928525 227.092 -0.00351883 0.998801 0.0488319 -6.51763 -0.929564 -0.0212689 0.368046 -21.8895
0.374126 -0.0438577 0.92634 227.821 -0.00762084 0.998702 0.0503615 -6.49198 -0.927347 -0.025901 0.373306 -21.5783
0.378226 -0.0436711 0.924683 228.542 -0.0111771 0.998598 0.0517339 -6.46487 -0.925646 -0.0299023 0.377208 -21.2776
0.381974 -0.0417046 0.923232 229.275 -0.00826088 0.998787 0.0485355 -6.45191 -0.924136 -0.026166 0.381166 -20.9651
0.385278 -0.0350313 0.922136 229.996 -0.00832954 0.999106 0.0414356 -6.44282 -0.922763 -0.0236452 0.384642 -20.6583
0.389018 -0.0289255 0.920776 230.721 -0.0139341 0.999208 0.0372764 -6.42425 -0.921125 -0.0273314 0.388306 -20.3281
0.391826 -0.0284197 0.9196 231.433 -0.0217738 0.998956 0.0401497 -6.39773 -0.919781 -0.0357549 0.390799 -20.0005
0.39442 -0.0388374 0.918109 232.182 -0.0197854 0.998516 0.0507385 -6.37791 -0.918717 -0.0381775 0.393067 -19.6768
0.396293 -0.0517255 0.916666 232.929 -0.0154634 0.997894 0.0629942 -6.35414 -0.917994 -0.039139 0.394659 -19.3472
0.397768 -0.0600588 0.915518 233.654 -0.0157688 0.99726 0.0722723 -6.32053 -0.917351 -0.0431843 0.395731 -19.0279
0.400427 -0.0628285 0.914172 234.383 -0.0157745 0.997026 0.0754324 -6.29094 -0.916193 -0.0446258 0.398245 -18.7051
0.403195 -0.0574954 0.913306 235.092 -0.0180897 0.997329 0.0707709 -6.25518 -0.914935 -0.0450559 0.401078 -18.3788
0.40713 -0.0515719 0.911913 235.836 -0.0176114 0.997776 0.0642904 -6.22248 -0.9132 -0.0422346 0.405316 -18.0525
0.411615 -0.0468908 0.910151 236.539 -0.018239 0.998052 0.059668 -6.18726 -0.911175 -0.0411605 0.409958 -17.7226
0.415909 -0.0445902 0.908313 237.254 -0.0161758 0.998276 0.0564134 -6.16053 -0.909262 -0.0381555 0.414471 -17.3851
0.421273 -0.0428328 0.905922 237.984 -0.0160344 0.998376 0.0546604 -6.13428 -0.906792 -0.0375528 0.419902 -17.0424
0.424818 -0.0446359 0.904178 238.709 -0.0143263 0.998327 0.0560148 -6.10528 -0.905165 -0.0367496 0.423468 -16.6987
0.428778 -0.0511684 0.90196 239.412 -0.00799035 0.998141 0.0604233 -6.07603 -0.903374 -0.0331152 0.427572 -16.3503
0.430882 -0.0554879 0.900701 240.137 -0.0094968 0.997774 0.0660112 -6.04208 -0.902358 -0.0369968 0.429396 -15.9989
0.434225 -0.0625568 0.898629 240.841 -0.00538334 0.997388 0.072033 -6.00778 -0.900788 -0.0361162 0.432754 -15.6539
0.435712 -0.0668093 0.897603 241.574 -0.00528863 0.997034 0.0767772 -5.9673 -0.900071 -0.0381998 0.434067 -15.2975
0.437884 -0.0738701 0.895992 242.295 -0.00265129 0.996508 0.0834529 -5.92675 -0.899028 -0.0389183 0.436159 -14.9415
0.439799 -0.0752565 0.894937 242.995 -0.00289906 0.996359 0.0852098 -5.88043 -0.898091 -0.0400697 0.43798 -14.5931
0.440742 -0.0642728 0.89533 243.737 -0.0103436 0.997003 0.0766634 -5.83965 -0.897574 -0.0430497 0.438756 -14.2246
0.441985 -0.0505476 0.895597 244.445 -0.0140079 0.9979 0.0632346 -5.80965 -0.896913 -0.0404942 0.440349 -13.8649
0.442645 -0.0414809 0.895737 245.152 -0.0155203 0.998425 0.053906 -5.77114 -0.896563 -0.0377633 0.441304 -13.5033
0.44179 -0.0438578 0.896046 245.893 -0.0147046 0.998316 0.0561135 -5.73741 -0.896998 -0.0379664 0.440401 -13.1382
0.442209 -0.0505971 0.895484 246.587 -0.0127088 0.997954 0.0626628 -5.70346 -0.896822 -0.0390905 0.440661 -12.7977
0.443094 -0.051955 0.894968 247.321 -0.012345 0.997871 0.0640407 -5.67783 -0.89639 -0.0394244 0.44151 -12.414
0.444461 -0.0523982 0.894265 248.047 -0.00824557 0.998006 0.062575 -5.64605 -0.89576 -0.0351858 0.443142 -12.0577
