1 -4.1311e-11 -6.01654e-10 -4.65661e-10 -4.12612e-11 1 -1.70424e-11 0 4.40034e-10 -1.70424e-11 1 -2.98023e-08
0.999998 0.000773066 0.00161109 -4.11882e-05 -0.000773646 1 0.000359697 -0.0409096 -0.00161082 -0.000360942 0.999999 1.20096
0.999992 0.00118303 0.00376108 -0.0010248 -0.00118529 0.999999 0.000597871 -0.0678457 -0.00376037 -0.000602325 0.999993 2.40126
0.999992 0.00047663 0.0039421 -0.00172726 -0.000481218 0.999999 0.00116328 -0.09501 -0.00394154 -0.00116517 0.999992 3.59817
0.999991 8.89351e-05 0.00417184 0.000636792 -9.24878e-05 1 0.000851507 -0.124006 -0.00417176 -0.000851885 0.999991 4.80059
0.999986 -0.000117413 0.00537108 0.00572377 0.000112298 1 0.000952715 -0.14773 -0.00537119 -0.000952097 0.999985 6.0032
0.999973 -0.00037948 0.00735036 -0.00165464 0.000371847 0.999999 0.00103958 -0.178947 -0.00735075 -0.00103682 0.999972 7.2077
0.999961 -0.000144212 0.00888364 0.0091202 0.000134954 1 0.00104272 -0.203106 -0.00888378 -0.00104148 0.99996 8.41144
0.999971 -0.000575085 0.00755686 0.0150345 0.00055753 0.999997 0.00232481 -0.230142 -0.00755817 -0.00232053 0.999969 9.61283
0.999978 -0.00131188 0.00650953 0.0119843 0.00129227 0.999995 0.00301519 -0.254361 -0.00651345 -0.00300671 0.999974 10.8275
0.99999 -0.00255971 0.00378956 0.00363787 0.00255071 0.999994 0.00237981 -0.281547 -0.00379563 -0.00237012 0.99999 12.0146
0.999995 -0.00212355 0.00247255 0.00961666 0.00211951 0.999996 0.00163417 -0.307508 -0.00247602 -0.00162892 0.999996 13.2026
0.999996 -0.00222046 0.00173838 0.0115377 0.00221721 0.999996 0.00186905 -0.331651 -0.00174252 -0.00186519 0.999997 14.3995
0.999999 -0.000429984 0.00131302 0.00449472 0.000428307 0.999999 0.00127725 -0.358365 -0.00131357 -0.00127668 0.999998 15.5798
0.999999 -0.00114014 0.000192069 -0.010011 0.00113974 0.999997 0.00206493 -0.383333 -0.000194423 -0.00206471 0.999998 16.7812
0.999999 -0.00140026 0.00075525 -0.00917653 0.00139827 0.999996 0.00263618 -0.410641 -0.000758938 -0.00263512 0.999996 17.9984
0.999998 -0.00185923 -0.000940482 -0.0139975 0.00186195 0.999994 0.00290198 -0.433757 0.000935081 -0.00290373 0.999995 19.1636
0.999997 -0.00188655 -0.00164461 -0.0309927 0.00188943 0.999997 0.00174813 -0.460679 0.0016413 -0.00175124 0.999997 20.3745
0.999997 -0.00186725 -0.0017385 -0.0442267 0.0018688 0.999998 0.00088966 -0.484117 0.00173683 -0.000892905 0.999998 21.5706
0.999997 -0.00146977 -0.00196522 -0.0496302 0.00147251 0.999998 0.001394 -0.50953 0.00196317 -0.00139689 0.999997 22.7656
0.999999 -0.00119478 -0.000319709 -0.0643705 0.00119515 0.999999 0.00116696 -0.534448 0.000318314 -0.00116734 0.999999 23.9642
0.999998 -0.00106903 -0.00165412 -0.0758247 0.00107005 0.999999 0.000618243 -0.562757 0.00165345 -0.000620011 0.999999 25.1806
0.999994 -0.000534961 -0.00353962 -0.0817696 0.000539993 0.999999 0.00142073 -0.587382 0.00353885 -0.00142264 0.999993 26.3892
0.999979 -0.00187592 -0.00614565 -0.0912383 0.00189757 0.999992 0.00351825 -0.609896 0.006139 -0.00352984 0.999975 27.5458
0.999981 -0.00225561 -0.00567397 -0.118927 0.00227689 0.99999 0.00374638 -0.635239 0.00566547 -0.00375922 0.999977 28.7522
0.999975 -0.00242568 -0.00659702 -0.125311 0.00244268 0.999994 0.00256982 -0.658095 0.00659074 -0.00258587 0.999975 29.9468
0.999967 -0.0025062 -0.00778356 -0.147085 0.00251778 0.999996 0.0014784 -0.682214 0.00777983 -0.00149795 0.999969 31.1211
0.999967 -0.00225208 -0.00779063 -0.15694 0.00226236 0.999997 0.00130991 -0.708355 0.00778766 -0.00132749 0.999969 32.3338
0.999963 -0.00236525 -0.0082822 -0.174385 0.00238213 0.999995 0.00202905 -0.731677 0.00827736 -0.00204871 0.999964 33.5241
0.999969 -0.00247085 -0.00752499 -0.196321 0.0024853 0.999995 0.0019115 -0.757192 0.00752023 -0.00193014 0.99997 34.7258
0.99994 -0.00328278 -0.01043 -0.206585 0.00330835 0.999992 0.00243587 -0.786941 0.0104219 -0.00247024 0.999943 35.9252
0.999919 -0.00270128 -0.0124415 -0.229517 0.00272399 0.999995 0.00180874 -0.807069 0.0124365 -0.00184248 0.999921 37.1261
0.99994 -0.00342508 -0.0104052 -0.252738 0.00345694 0.999989 0.00304529 -0.834264 0.0103947 -0.00308108 0.999941 38.341
0.999975 -0.00310457 -0.00634021 -0.277543 0.00313367 0.999985 0.00458503 -0.855107 0.00632588 -0.00460478 0.999969 39.5261
0.999991 -0.00285523 -0.0032707 -0.291203 0.00287092 0.999984 0.0048014 -0.8809 0.00325694 -0.00481075 0.999983 40.7252
0.999994 -0.00208528 -0.00281608 -0.293136 0.00209737 0.999989 0.00429809 -0.903586 0.00280708 -0.00430397 0.999987 41.939
0.999979 -0.000723858 -0.00644174 -0.293592 0.000751791 0.99999 0.00433482 -0.927035 0.00643853 -0.00433957 0.99997 43.1286
0.99998 0.00248198 -0.00585263 -0.306737 -0.0024376 0.999968 0.00757813 -0.943868 0.00587125 -0.00756371 0.999954 44.3525
0.999992 0.00275668 -0.00300796 -0.321928 -0.00272502 0.999941 0.0104787 -0.963826 0.00303667 -0.0104704 0.999941 45.5399
0.999989 0.00367815 -0.00288535 -0.334913 -0.00364004 0.999908 0.0131036 -0.976682 0.00293328 -0.013093 0.99991 46.7124
0.999991 0.00388582 -0.0017083 -0.345532 -0.00385668 0.999852 0.0167456 -0.985308 0.00177312 -0.0167388 0.999858 47.9686
0.999995 0.00315784 0.000944911 -0.350875 -0.00317435 0.999833 0.018014 -0.993423 -0.000887868 -0.0180169 0.999837 49.1635
0.999976 0.00197811 0.00662212 -0.354089 -0.00208659 0.999863 0.0164137 -1.00046 -0.00658875 -0.0164271 0.999843 50.3739
0.999978 0.00280184 0.0059956 -0.33295 -0.00288352 0.999903 0.0136584 -1.01304 -0.00595675 -0.0136754 0.999889 51.5586
0.999988 0.00356907 0.00348073 -0.335728 -0.00361674 0.999898 0.0137856 -1.01387 -0.00343117 -0.013798 0.999899 52.7591
0.999993 0.00317229 0.00180443 -0.346986 -0.00319645 0.999903 0.0135491 -1.03103 -0.00176128 -0.0135547 0.999907 53.9823
0.999995 0.00326957 -0.000284471 -0.358002 -0.0032657 0.999914 0.0126726 -1.04199 0.00032588 -0.0126716 0.99992 55.1786
0.999989 0.00469118 -0.000433829 -0.358193 -0.00468499 0.9999 0.0133187 -1.04939 0.000496266 -0.0133165 0.999911 56.378
0.999993 0.00365613 -0.00105395 -0.371897 -0.00364003 0.999882 0.0148979 -1.06222 0.0011083 -0.014894 0.999889 57.5915
0.999986 0.00471516 -0.00226863 -0.373927 -0.00468454 0.9999 0.0133201 -1.07406 0.00233122 -0.0133093 0.999909 58.8005
0.999988 0.00492866 0.000173328 -0.376269 -0.00493061 0.999888 0.0141157 -1.08575 -0.000103737 -0.0141163 0.9999 60.0448
0.999974 0.00614546 -0.00378139 -0.388613 -0.00609581 0.999897 0.0130053 -1.0973 0.00386093 -0.0129819 0.999908 61.2445
0.999928 0.00529626 -0.0107362 -0.399055 -0.00515189 0.999897 0.0134303 -1.10801 0.0108063 -0.013374 0.999852 62.4575
0.999909 0.00516765 -0.0124577 -0.415914 -0.0049978 0.999895 0.0136265 -1.12434 0.0125268 -0.013563 0.99983 63.6561
0.999984 0.0046288 -0.00323758 -0.45816 -0.00458443 0.999897 0.0135799 -1.13341 0.0033001 -0.0135649 0.999903 64.8545
0.999975 0.00397882 -0.00581216 -0.458185 -0.00388437 0.999862 0.0161724 -1.14147 0.0058757 -0.0161494 0.999852 66.0517
0.999977 0.0044939 -0.00503811 -0.474104 -0.00442017 0.999884 0.0145518 -1.15816 0.00510292 -0.0145292 0.999881 67.2283
0.999949 0.00719793 -0.0070572 -0.48236 -0.00710273 0.999885 0.0134239 -1.16865 0.00715301 -0.0133731 0.999885 68.4215
0.999949 0.00862186 -0.00520741 -0.50722 -0.00854836 0.999866 0.0139755 -1.1769 0.00532721 -0.0139303 0.999889 69.6215
0.99993 0.01083 -0.00476953 -0.516014 -0.0107675 0.999858 0.012943 -1.1909 0.00490903 -0.0128907 0.999905 70.7954
0.999917 0.0111283 -0.00643154 -0.516686 -0.011027 0.999818 0.0155817 -1.20223 0.00660376 -0.0155095 0.999858 71.9984
0.999909 0.0128726 -0.00392946 -0.529389 -0.0128146 0.999813 0.0144539 -1.21646 0.00411479 -0.0144023 0.999888 73.1718
0.999897 0.0127538 -0.00652685 -0.542984 -0.0126411 0.999775 0.0170375 -1.22181 0.00674268 -0.0169533 0.999834 74.3506
0.999923 0.0123769 0.000619492 -0.551834 -0.0123844 0.999827 0.0138978 -1.23122 -0.000447372 -0.0139044 0.999903 75.5489
0.999939 0.0108838 0.00179057 -0.54965 -0.0109001 0.999897 0.0093376 -1.25633 -0.00168876 -0.00935655 0.999955 76.7063
0.999928 0.0111231 0.00451404 -0.540001 -0.01116 0.999904 0.00823549 -1.26395 -0.004422 -0.00828527 0.999956 77.8756
0.999922 0.0101033 0.00732937 -0.552252 -0.0101914 0.999875 0.0120736 -1.27884 -0.00720648 -0.0121473 0.9999 79.0715
0.999904 0.00965771 0.00993419 -0.552215 -0.00978501 0.99987 0.0128469 -1.29714 -0.00980882 -0.0129429 0.999868 80.2278
0.999843 0.0109907 0.0139282 -0.542209 -0.0111442 0.999878 0.0109921 -1.30237 -0.0138057 -0.0111456 0.999843 81.3833
0.999816 0.00961771 0.0166249 -0.539583 -0.0097649 0.999914 0.00879495 -1.3246 -0.0165389 -0.00895567 0.999823 82.5656
0.999741 0.0092885 0.0207976 -0.503825 -0.00937641 0.999948 0.00413352 -1.34212 -0.0207581 -0.00432746 0.999775 83.727
0.999694 0.00835191 0.0232974 -0.485162 -0.00844242 0.999957 0.00378972 -1.36721 -0.0232648 -0.00398525 0.999721 84.8467
0.999645 0.00725676 0.0256147 -0.44186 -0.00743596 0.999949 0.00690784 -1.39148 -0.0255633 -0.00709587 0.999648 85.9999
0.999523 0.00874365 0.0296318 -0.424651 -0.00891898 0.999944 0.00579027 -1.40979 -0.0295795 -0.00605179 0.999544 87.1809
0.999461 0.00884877 0.0316185 -0.388829 -0.00900677 0.999948 0.00485823 -1.43579 -0.0315739 -0.00514039 0.999488 88.3154
0.99938 0.00919295 0.033979 -0.347244 -0.0092548 0.999956 0.00166345 -1.45929 -0.0339622 -0.00197689 0.999421 89.4742
0.999099 0.00915392 0.0414509 -0.341155 -0.00928298 0.999953 0.00292228 -1.48594 -0.0414222 -0.00330444 0.999136 90.589
0.999003 0.00734174 0.0440288 -0.29269 -0.00745756 0.999969 0.00246677 -1.50459 -0.0440093 -0.00279266 0.999027 91.7364
0.998865 0.00694952 0.0471262 -0.232521 -0.00719392 0.999962 0.00501837 -1.53193 -0.0470895 -0.00535169 0.998876 92.8931
0.998803 0.00596518 0.048547 -0.177468 -0.00625183 0.999964 0.00575499 -1.54893 -0.048511 -0.00605161 0.998804 94.0548
0.998695 0.0042131 0.050892 -0.128646 -0.00457818 0.999965 0.00705934 -1.56882 -0.0508605 -0.00728313 0.998679 95.202
0.998594 0.00314092 0.0529209 -0.0907405 -0.00337531 0.999985 0.00434014 -1.58733 -0.0529064 -0.00451266 0.998589 96.3631
0.998493 0.00183618 0.0548464 -0.0306247 -0.00191605 0.999997 0.0014037 -1.61032 -0.0548436 -0.00150667 0.998494 97.5117
0.998376 0.00290622 0.056901 0.03307 -0.00280943 0.999995 -0.00178093 -1.63256 -0.0569059 0.00161817 0.998378 98.6708
0.998059 0.00271123 0.062216 0.0864818 -0.00253476 0.999993 -0.00291511 -1.65883 -0.0622235 0.00275174 0.998058 99.8544
0.998093 0.00290111 0.0616531 0.166189 -0.00277975 0.999994 -0.00205422 -1.686 -0.0616587 0.00187892 0.998096 101.036
0.998228 0.00261802 0.059442 0.237947 -0.00260168 0.999997 -0.000352303 -1.71196 -0.0594427 0.00019703 0.998232 102.217
0.998406 0.00169341 0.0564182 0.295157 -0.00180304 0.999997 0.00189223 -1.73962 -0.0564148 -0.00199094 0.998405 103.386
0.998342 0.00219959 0.0575163 0.352528 -0.00234094 0.999994 0.00239031 -1.76073 -0.0575107 -0.00252099 0.998342 104.593
0.998509 0.00219925 0.0545515 0.407335 -0.00236461 0.999993 0.00296697 -1.7834 -0.0545446 -0.00309154 0.998507 105.781
0.998714 0.00302283 0.0506195 0.460169 -0.00317725 0.999991 0.00297023 -1.80338 -0.0506101 -0.00312724 0.998714 106.987
0.998992 0.00436146 0.0446865 0.521665 -0.00447094 0.999987 0.00235024 -1.82397 -0.0446756 -0.00254766 0.998998 108.196
0.999163 0.00458106 0.0406576 0.551247 -0.0046973 0.999985 0.00276394 -1.84751 -0.0406443 -0.00295261 0.999169 109.418
0.999227 0.0046869 0.0390419 0.57761 -0.00484448 0.999981 0.00394254 -1.86667 -0.0390226 -0.00412863 0.99923 110.618
0.999414 0.00474144 0.0338879 0.623326 -0.00491212 0.999976 0.00495507 -1.88953 -0.0338636 -0.00511863 0.999413 111.844
0.999524 0.0047725 0.0304832 0.641598 -0.00494811 0.999972 0.00568798 -1.9109 -0.0304552 -0.0058361 0.999519 113.062
0.999686 0.00542293 0.0244519 0.681811 -0.00556482 0.999968 0.00573828 -1.93071 -0.02442 -0.00587255 0.999685 114.297
0.999779 0.00616054 0.0201051 0.692472 -0.00627934 0.999963 0.00585128 -1.9495 -0.0200684 -0.00597624 0.999781 115.514
0.999862 0.00673037 0.0152008 0.704657 -0.00681669 0.999961 0.00563448 -1.96859 -0.0151623 -0.00573732 0.999869 116.739
0.999915 0.0076075 0.0106277 0.721473 -0.00766195 0.999958 0.00509127 -1.99035 -0.0105885 -0.00517226 0.999931 117.978
0.999918 0.00906594 0.00907788 0.715739 -0.00911459 0.999944 0.00533208 -2.01065 -0.00902903 -0.00541438 0.999945 119.202
0.999923 0.0114161 0.00491726 0.711097 -0.0114424 0.99992 0.00535595 -2.02881 -0.00485572 -0.0054118 0.999974 120.436
0.999915 0.0124176 0.00388879 0.720085 -0.0124379 0.999909 0.00524605 -2.05315 -0.00382329 -0.00529397 0.999979 121.684
0.999888 0.0144483 0.00398642 0.70363 -0.0144698 0.999881 0.00541248 -2.07161 -0.00390774 -0.00546955 0.999977 122.899
0.999868 0.0160495 0.00263725 0.694905 -0.0160661 0.999851 0.00639164 -2.08939 -0.00253427 -0.00643316 0.999976 124.159
0.99986 0.0165104 0.00269222 0.692149 -0.016529 0.999839 0.00704076 -2.11276 -0.00257554 -0.00708427 0.999972 125.401
0.999812 0.0192437 0.00227755 0.682716 -0.0192633 0.999775 0.00892051 -2.12882 -0.00210537 -0.0089627 0.999958 126.662
0.99978 0.0208105 0.0027784 0.679843 -0.0208419 0.999713 0.011794 -2.13675 -0.00253216 -0.0118493 0.999927 127.936
0.999813 0.0190893 0.00312584 0.659223 -0.0191256 0.999745 0.0120458 -2.15365 -0.00289509 -0.0121033 0.999923 129.167
0.999802 0.0198634 0.0011616 0.665397 -0.0198746 0.999746 0.0106007 -2.16811 -0.000950741 -0.0106217 0.999943 130.438
0.999843 0.017451 0.00323777 0.650806 -0.0174865 0.999784 0.0112576 -2.17735 -0.00304062 -0.0113124 0.999931 131.677
0.999896 0.0143381 0.00181462 0.656616 -0.0143609 0.999809 0.0132525 -2.19442 -0.00162426 -0.0132772 0.999911 132.964
0.999931 0.0114876 0.00264234 0.659732 -0.0115254 0.999824 0.0147752 -2.20173 -0.00247214 -0.0148046 0.999887 134.203
0.999948 0.00896349 0.00493985 0.65771 -0.00904124 0.999832 0.0159491 -2.2128 -0.00479606 -0.0159929 0.999861 135.499
0.999974 0.00517207 0.00510901 0.67269 -0.00524552 0.999882 0.0144702 -2.22482 -0.00503356 -0.0144966 0.999882 136.763
0.999985 0.00320916 0.00445594 0.67573 -0.00326912 0.999903 0.0135161 -2.23118 -0.00441213 -0.0135305 0.999899 138.032
0.999991 0.00112915 0.00405851 0.68662 -0.00118368 0.999909 0.0134591 -2.24639 -0.00404294 -0.0134638 0.999901 139.333
0.999991 0.00111823 0.00419294 0.68479 -0.00117602 0.999904 0.0138057 -2.25467 -0.00417711 -0.0138105 0.999896 140.594
0.999981 0.00181046 0.00584055 0.681189 -0.00190152 0.999876 0.0156238 -2.26585 -0.00581154 -0.0156346 0.999861 141.853
0.99998 0.00380177 0.00512392 0.685858 -0.00388998 0.999843 0.017317 -2.27039 -0.00505728 -0.0173366 0.999837 143.138
0.99997 0.00380324 0.00667872 0.703614 -0.00390895 0.999866 0.015888 -2.28471 -0.0066174 -0.0159136 0.999852 144.41
0.999959 0.00490812 0.00756305 0.704845 -0.00501384 0.999889 0.0140223 -2.29279 -0.00749339 -0.0140596 0.999873 145.694
0.99996 0.00434243 0.00779069 0.700391 -0.00443363 0.999921 0.0117274 -2.30297 -0.00773915 -0.0117615 0.999901 146.977
0.999975 0.00373751 0.00601485 0.711595 -0.00378729 0.999959 0.0082862 -2.32503 -0.00598363 -0.00830877 0.999948 148.235
0.999973 0.00414251 0.00599941 0.726818 -0.00416918 0.999982 0.00443978 -2.34411 -0.00598091 -0.00446468 0.999972 149.502
0.999951 0.003911 0.00907969 0.718053 -0.0039438 0.999986 0.00359737 -2.36801 -0.00906549 -0.003633 0.999952 150.757
0.999945 0.0033615 0.00989002 0.731465 -0.00339953 0.999987 0.00383062 -2.39374 -0.00987701 -0.00386403 0.999944 152.056
0.999953 0.00410267 0.00877585 0.737023 -0.00414001 0.999982 0.00424161 -2.41742 -0.0087583 -0.00427774 0.999952 153.293
0.999945 0.00469096 0.00935164 0.743875 -0.0047396 0.999975 0.0051864 -2.44209 -0.00932708 -0.00523044 0.999943 154.545
0.999955 0.00545374 0.00773818 0.749558 -0.00549918 0.999968 0.00586368 -2.46605 -0.00770595 -0.00590597 0.999953 155.835
0.999938 0.00575129 0.0095685 0.754146 -0.00580742 0.999966 0.00584916 -2.48861 -0.00953453 -0.00590436 0.999937 157.087
0.999934 0.00648701 0.00950896 0.772241 -0.00654447 0.99996 0.00602447 -2.5118 -0.0094695 -0.0060863 0.999937 158.349
0.999962 0.00575222 0.00650178 0.771311 -0.00579884 0.999958 0.00717479 -2.5325 -0.00646023 -0.00721222 0.999953 159.604
0.999945 0.00653601 0.00818468 0.779539 -0.00659431 0.999953 0.00711637 -2.55231 -0.00813778 -0.00716995 0.999941 160.897
0.999951 0.0067624 0.00716844 0.777345 -0.00680917 0.999956 0.00652018 -2.57409 -0.00712403 -0.00656867 0.999953 162.159
0.999944 0.00778831 0.0071747 0.785851 -0.0078267 0.999955 0.0053373 -2.59309 -0.00713281 -0.00539315 0.99996 163.404
0.999938 0.00809481 0.00770624 0.788835 -0.00813453 0.999954 0.00513623 -2.61552 -0.00766431 -0.0051986 0.999957 164.667
0.999958 0.00790001 0.00462302 0.792592 -0.00792089 0.999958 0.00451457 -2.64 -0.00458717 -0.004551 0.999979 165.971
0.999961 0.00860568 0.00216736 0.791854 -0.00861375 0.999956 0.00373801 -2.6652 -0.0021351 -0.00375653 0.999991 167.236
0.999963 0.00853593 0.00102152 0.781953 -0.00854045 0.999953 0.00450457 -2.68656 -0.000983018 -0.00451313 0.999989 168.484
0.999964 0.00853638 0.000218952 0.782464 -0.00853739 0.999951 0.00510159 -2.71204 -0.000175393 -0.00510327 0.999987 169.761
0.99996 0.00890829 0.000377347 0.784636 -0.00891027 0.999945 0.00562429 -2.73357 -0.000327223 -0.00562743 0.999984 171.016
0.999957 0.00922144 -0.000458426 0.762342 -0.00921855 0.99994 0.00595118 -2.75468 0.000513277 -0.0059467 0.999982 172.288
0.999953 0.00935314 0.00245525 0.75591 -0.00936818 0.999937 0.00618651 -2.77615 -0.00239723 -0.00620922 0.999978 173.569
0.99995 0.00977019 0.00201124 0.747828 -0.00978124 0.999937 0.00555793 -2.7976 -0.00195681 -0.00557733 0.999983 174.827
0.999928 0.0112569 -0.0042462 0.758048 -0.0112333 0.999922 0.00554536 -2.81898 0.00430829 -0.00549726 0.999976 176.092
0.999927 0.0110916 -0.00483431 0.724941 -0.0110647 0.999923 0.00556302 -2.84151 0.00489564 -0.00550913 0.999973 177.363
0.999944 0.0105855 -3.48837e-05 0.702348 -0.0105852 0.999933 0.00472291 -2.86282 8.48751e-05 -0.00472227 0.999989 178.644
0.999948 0.00981377 0.00279462 0.696053 -0.00982228 0.999947 0.00304978 -2.886 -0.00276454 -0.00307707 0.999991 179.885
0.999973 0.00692608 0.00241193 0.706759 -0.0069342 0.99997 0.00337387 -2.91619 -0.00238849 -0.0033905 0.999991 181.161
0.999974 0.0072291 0.000486337 0.698067 -0.00723203 0.999954 0.00632652 -2.93508 -0.00044058 -0.00632987 0.99998 182.435
0.999986 0.00502162 0.0015068 0.695995 -0.00503743 0.99993 0.0106797 -2.95369 -0.00145307 -0.0106872 0.999942 183.707
0.99998 0.00630352 -9.82452e-05 0.697288 -0.00630215 0.999926 0.0104294 -2.97459 0.00016398 -0.0104285 0.999946 184.974
0.999964 0.00849555 0.000589511 0.683708 -0.00849961 0.999937 0.00726524 -2.98972 -0.000527752 -0.00726999 0.999973 186.236
0.999952 0.00946665 0.0026617 0.675614 -0.00948187 0.999938 0.00576283 -3.01158 -0.00260698 -0.00578779 0.99998 187.448
0.999963 0.00865449 -4.29397e-06 0.669684 -0.0086543 0.999943 0.0061942 -3.03336 5.79012e-05 -0.00619393 0.999981 188.725
0.999963 0.00855467 0.0010092 0.675586 -0.00856165 0.999938 0.00713584 -3.05569 -0.000948096 -0.00714421 0.999974 189.977
0.999951 0.00850152 0.00496481 0.664136 -0.00854562 0.999924 0.00892943 -3.07633 -0.00488852 -0.00897143 0.999948 191.205
0.99996 0.00779139 0.00433252 0.671827 -0.00783481 0.999918 0.0100954 -3.09758 -0.00425351 -0.010129 0.99994 192.478
0.999963 0.00803577 0.00306526 0.668964 -0.00806505 0.999921 0.00966336 -3.11477 -0.00298736 -0.00968772 0.999949 193.71
0.999967 0.00613634 0.00528225 0.667811 -0.00617765 0.99995 0.00784099 -3.13791 -0.00523387 -0.00787336 0.999955 194.927
0.999936 0.00774445 0.0082638 0.661552 -0.00779004 0.999955 0.00549985 -3.15392 -0.00822083 -0.00556387 0.999951 196.143
0.999937 0.00633732 0.00921722 0.674967 -0.00639057 0.999963 0.00575888 -3.18165 -0.00918038 -0.00581742 0.999941 197.351
0.999911 0.00650679 0.011677 0.685212 -0.00658265 0.999957 0.00647008 -3.20405 -0.0116344 -0.00654636 0.999911 198.574
0.999934 0.00583523 0.00991009 0.684478 -0.00592177 0.999944 0.00872549 -3.22538 -0.00985862 -0.0087836 0.999913 199.777
0.999924 0.00708618 0.010084 0.703805 -0.00716897 0.999941 0.00819718 -3.24799 -0.0100254 -0.00826885 0.999916 200.988
0.999936 0.00708137 0.00883166 0.695443 -0.00715949 0.999935 0.00884574 -3.26977 -0.00876845 -0.0089084 0.999922 202.23
0.999925 0.00702333 0.00997783 0.688431 -0.00711551 0.999932 0.0092332 -3.28532 -0.0099123 -0.00930351 0.999908 203.391
0.999905 0.0070843 0.0118521 0.700626 -0.00719278 0.999932 0.00913526 -3.30665 -0.0117866 -0.00921964 0.999888 204.577
0.999881 0.00799583 0.0131838 0.698927 -0.00812129 0.999922 0.00949006 -3.32766 -0.0131069 -0.009596 0.999868 205.733
0.999853 0.00777774 0.015311 0.702141 -0.0079206 0.999925 0.00929225 -3.34378 -0.0152376 -0.00941215 0.99984 206.92
0.999854 0.00639781 0.015832 0.718484 -0.0065498 0.999933 0.00956729 -3.36685 -0.0157697 -0.00966959 0.999829 208.077
0.999891 0.00648874 0.0132451 0.733334 -0.00662232 0.999927 0.0100663 -3.38323 -0.0131788 -0.0101529 0.999862 209.208
0.999881 0.00551703 0.0144066 0.740909 -0.00568532 0.999916 0.0116665 -3.40525 -0.014341 -0.011747 0.999828 210.345
0.999878 0.00589043 0.0144502 0.747649 -0.00605036 0.999921 0.0110487 -3.42096 -0.0143839 -0.0111348 0.999835 211.456
0.999919 0.00631399 0.0110872 0.759178 -0.00642866 0.999926 0.0103382 -3.44213 -0.0110211 -0.0104087 0.999885 212.555
0.999919 0.0068141 0.0107661 0.756418 -0.00691417 0.999933 0.00928504 -3.45782 -0.0107021 -0.00935872 0.999899 213.631
0.999935 0.00634105 0.00950171 0.75306 -0.00642965 0.999936 0.00932271 -3.47829 -0.00944199 -0.0093832 0.999911 214.711
0.999919 0.00545831 0.0114886 0.751813 -0.00556877 0.999938 0.00960522 -3.49859 -0.0114355 -0.00966842 0.999888 215.777
0.999917 0.00518777 0.0117939 0.755835 -0.00530934 0.999933 0.0103 -3.51444 -0.0117397 -0.0103618 0.999877 216.81
0.999966 0.00375809 0.00736548 0.77217 -0.00384412 0.999924 0.0117021 -3.53318 -0.00732094 -0.01173 0.999905 217.858
0.999978 0.0042639 0.00498888 0.775238 -0.00433142 0.999898 0.0136023 -3.5485 -0.00493037 -0.0136236 0.999895 218.874
0.999988 0.00445378 0.0021466 0.7785 -0.00448199 0.999901 0.0133235 -3.565 -0.00208705 -0.013333 0.999909 219.884
0.999988 0.00481971 0.000292944 0.763241 -0.00482315 0.999902 0.0131776 -3.57755 -0.000229404 -0.0131788 0.999913 220.868
0.999982 0.00503121 -0.00321199 0.755962 -0.00498817 0.9999 0.0132707 -3.59222 0.00327844 -0.0132544 0.999907 221.823
0.999971 0.00543596 -0.00534801 0.743758 -0.00536132 0.999889 0.013873 -3.60844 0.00542283 -0.0138439 0.999889 222.773
0.999957 0.00554169 -0.00737581 0.723738 -0.0054387 0.999888 0.0139096 -3.62298 0.00745207 -0.0138689 0.999876 223.699
0.99992 0.00567984 -0.0113081 0.704088 -0.00553274 0.9999 0.0129978 -3.63822 0.0113808 -0.0129342 0.999852 224.611
0.999885 0.0056032 -0.014104 0.686841 -0.00542572 0.999906 0.0125906 -3.65407 0.0141732 -0.0125127 0.999821 225.486
0.999811 0.00668682 -0.0182637 0.664254 -0.00645886 0.999901 0.0125119 -3.66664 0.0183456 -0.0123916 0.999755 226.352
0.99976 0.006977 -0.0207543 0.637818 -0.0067357 0.999909 0.0116739 -3.68276 0.0208339 -0.0115313 0.999716 227.171
0.999718 0.0087353 -0.0220857 0.611983 -0.00847602 0.999894 0.0118061 -3.6948 0.0221865 -0.0116155 0.999686 227.987
0.999675 0.00997104 -0.0234465 0.592891 -0.00968928 0.99988 0.0121004 -3.70938 0.0235644 -0.0118693 0.999652 228.78
0.999682 0.00982225 -0.0232278 0.563534 -0.00951811 0.999868 0.0131686 -3.72183 0.023354 -0.0129433 0.999643 229.559
0.999666 0.00969819 -0.0239712 0.540313 -0.00936863 0.999861 0.0138222 -3.73477 0.0241019 -0.013593 0.999617 230.339
0.999712 0.0093325 -0.0221062 0.51434 -0.00902845 0.999864 0.0138142 -3.74686 0.0222321 -0.0136107 0.99966 231.092
0.999722 0.00986484 -0.0214035 0.497972 -0.00960966 0.999882 0.0119929 -3.75812 0.0215193 -0.0117838 0.999699 231.817
0.999736 0.0102781 -0.0205724 0.487685 -0.0100821 0.999903 0.00960612 -3.77 0.0206692 -0.00939617 0.999742 232.555
0.999766 0.0101461 -0.019114 0.463708 -0.00999166 0.999917 0.00815893 -3.78198 0.0191952 -0.00796604 0.999784 233.277
0.999784 0.010615 -0.0178954 0.45201 -0.0104775 0.999915 0.00776062 -3.79381 0.0179762 -0.00757144 0.99981 233.999
0.999802 0.010316 -0.0170113 0.433848 -0.0101887 0.99992 0.00755366 -3.80552 0.0170878 -0.00737884 0.999827 234.718
0.999843 0.00989874 -0.0147156 0.415055 -0.00978661 0.999923 0.00767218 -3.81681 0.0147904 -0.00752696 0.999862 235.43
0.999864 0.00990307 -0.0131697 0.398715 -0.00980413 0.999923 0.00755619 -3.82938 0.0132435 -0.00742605 0.999885 236.159
0.999882 0.00980916 -0.011859 0.393721 -0.00971773 0.999923 0.00774333 -3.84368 0.0119341 -0.00762717 0.9999 236.839
0.999917 0.00977586 -0.00841365 0.38597 -0.00971045 0.999923 0.00777985 -3.85262 0.00848905 -0.00769751 0.999934 237.556
0.999949 0.00897914 -0.00464595 0.378955 -0.00893933 0.999924 0.00852012 -3.86232 0.0047221 -0.00847815 0.999953 238.265
0.999973 0.00716402 -0.00136958 0.377739 -0.00715136 0.999934 0.00903973 -3.87445 0.00143425 -0.00902969 0.999958 238.951
0.99997 0.00737077 0.00231612 0.376192 -0.00739084 0.999934 0.00878047 -3.88831 -0.00225125 -0.00879732 0.999959 239.66
0.99996 0.00691452 0.00561883 0.375308 -0.00696262 0.999939 0.008587 -3.90005 -0.00555911 -0.00862578 0.999947 240.341
0.99995 0.00677032 0.00730046 0.390209 -0.00683024 0.999943 0.0082145 -3.90662 -0.00724442 -0.00826396 0.99994 241.029
0.999899 0.00716853 0.0122642 0.387221 -0.00725847 0.999947 0.00730499 -3.91303 -0.0122112 -0.00739328 0.999898 241.735
0.999842 0.00720605 0.0162682 0.390298 -0.0073141 0.999952 0.00659177 -3.92239 -0.0162199 -0.00670972 0.999846 242.433
0.99979 0.00702399 0.0192584 0.40597 -0.00717262 0.999945 0.00765951 -3.93198 -0.0192036 -0.00779603 0.999785 243.145
0.999716 0.00733651 0.0226803 0.426765 -0.0075235 0.999938 0.00817019 -3.93965 -0.022619 -0.0083385 0.999709 243.875
0.999657 0.00679937 0.0252992 0.454666 -0.00700651 0.999943 0.00810828 -3.94849 -0.0252426 -0.00828275 0.999647 244.565
0.999606 0.00677921 0.0272307 0.462345 -0.00696556 0.999953 0.00675408 -3.96196 -0.0271836 -0.00694109 0.999606 245.283
0.999536 0.00742113 0.0295468 0.479973 -0.00754849 0.999963 0.00420128 -3.97272 -0.0295145 -0.00442236 0.999555 245.974
0.999499 0.00695255 0.0308857 0.49921 -0.0070356 0.999972 0.00258082 -3.98668 -0.0308669 -0.00279682 0.99952 246.707
0.999502 0.00671141 0.0308277 0.522524 -0.00678398 0.999974 0.00225017 -3.99734 -0.0308118 -0.00245818 0.999522 247.424
0.999486 0.00613706 0.0314533 0.539344 -0.00620158 0.999979 0.00195431 -4.01263 -0.0314406 -0.00214837 0.999503 248.15
0.999494 0.00736752 0.0309382 0.568676 -0.0074131 0.999972 0.00135868 -4.02867 -0.0309274 -0.00158734 0.99952 248.882
0.999514 0.00822328 0.030073 0.603469 -0.00825605 0.999965 0.00096549 -4.04357 -0.030064 -0.0012133 0.999547 249.639
0.999507 0.0076145 0.0304675 0.614867 -0.00758832 0.999971 -0.000975108 -4.05653 -0.030474 0.00074343 0.999535 250.368
0.999547 0.00351985 0.0298796 0.643872 -0.00342991 0.99999 -0.00306092 -4.07676 -0.0298901 0.00295705 0.999549 251.106
0.999506 0.00131147 0.0314023 0.663315 -0.00117625 0.99999 -0.00432402 -4.09353 -0.0314076 0.00428495 0.999497 251.869
0.999575 0.00217443 0.0290695 0.690434 -0.00215848 0.999998 -0.000580157 -4.10717 -0.0290707 0.000517165 0.999577 252.617
0.999589 0.00642963 0.027942 0.709474 -0.00658264 0.999964 0.00538739 -4.11397 -0.0279063 -0.00556911 0.999595 253.43
0.999627 0.00514363 0.0268136 0.719001 -0.00538459 0.999946 0.00892173 -4.13178 -0.0267662 -0.00906278 0.999601 254.217
0.999586 0.00225177 0.0286984 0.739415 -0.00243751 0.999976 0.00643892 -4.13729 -0.0286833 -0.0065062 0.999567 255.027
0.999368 0.00493183 0.0352097 0.756347 -0.0049764 0.999987 0.00117824 -4.15404 -0.0352034 -0.00135271 0.999379 255.755
0.998997 0.0067336 0.0442758 0.778623 -0.0066348 0.999975 -0.00237791 -4.16052 -0.0442907 0.00208176 0.999017 256.583
0.998878 0.00895955 0.0465147 0.827025 -0.00887184 0.999959 -0.00209183 -4.17642 -0.0465315 0.00167681 0.998915 257.435
0.998865 0.00807489 0.0469368 0.86285 -0.00806956 0.999967 -0.000302995 -4.19304 -0.0469377 -7.61082e-05 0.998898 258.278
0.998744 0.00403513 0.0499339 0.904138 -0.00419542 0.999986 0.0031057 -4.20821 -0.0499207 -0.00331129 0.998748 259.136
0.998572 0.00153548 0.0533966 0.943718 -0.00177482 0.999989 0.00443526 -4.22188 -0.0533892 -0.00452369 0.998564 259.944
0.998427 0.00142454 0.0560551 0.992321 -0.0017187 0.999985 0.00519985 -4.23889 -0.0560469 -0.00528801 0.998414 260.808
0.998241 0.00371281 0.0591667 1.03862 -0.00390142 0.999988 0.00307259 -4.25273 -0.0591546 -0.00329802 0.998243 261.629
0.998131 0.00471313 0.0609375 1.08045 -0.00477778 0.999988 0.000915195 -4.26964 -0.0609325 -0.00120463 0.998141 262.485
0.997964 0.00513627 0.0635776 1.12859 -0.00519247 0.999986 0.000718842 -4.28504 -0.0635731 -0.0010475 0.997977 263.314
0.997785 0.00588075 0.0662618 1.17606 -0.00606665 0.999978 0.00260469 -4.3032 -0.0662451 -0.0030009 0.997799 264.166
0.99755 0.00648798 0.0696621 1.22744 -0.00683331 0.999966 0.00472019 -4.31867 -0.0696291 -0.00518465 0.99756 265.045
0.997341 0.00777739 0.0724636 1.27922 -0.00811594 0.999958 0.00437865 -4.33698 -0.0724264 -0.00495512 0.997362 265.825
0.997142 0.00728223 0.0752042 1.33918 -0.00758992 0.999964 0.00380644 -4.351 -0.0751738 -0.00436635 0.997161 266.675
0.996924 0.00570988 0.0781632 1.39644 -0.00601111 0.999975 0.00361911 -4.36728 -0.0781406 -0.00407782 0.996934 267.539
0.996819 0.00299036 0.0796371 1.46313 -0.00332949 0.999986 0.00412589 -4.38057 -0.0796237 -0.00437792 0.996815 268.327
0.996835 0.00141247 0.0794822 1.53114 -0.00177183 0.999989 0.00445091 -4.39779 -0.079475 -0.00457765 0.996826 269.23
0.996755 0.000496878 0.0804906 1.59392 -0.000846236 0.99999 0.00430631 -4.4136 -0.0804877 -0.00436045 0.996746 270.101
0.996644 0.000328009 0.0818539 1.65389 -0.000697329 0.99999 0.00448339 -4.42661 -0.0818516 -0.00452542 0.996634 270.907
0.996697 0.000448973 0.0812145 1.71726 -0.000851708 0.999988 0.00492434 -4.44095 -0.0812113 -0.00497724 0.996685 271.817
0.996695 0.000857451 0.0812255 1.77993 -0.00129297 0.999985 0.0053094 -4.45788 -0.0812197 -0.00539687 0.996682 272.657
0.996785 0.000595631 0.080117 1.84419 -0.000924631 0.999991 0.00406945 -4.47504 -0.0801139 -0.00413045 0.996777 273.537
0.997006 0.000584945 0.0773273 1.90487 -0.000850321 0.999994 0.00339899 -4.48888 -0.0773248 -0.00345457 0.997 274.36
0.997121 0.00144131 0.075818 1.95794 -0.00167131 0.999994 0.00297021 -4.50463 -0.0758132 -0.00308837 0.997117 275.201
0.997106 0.00246203 0.0759792 2.01221 -0.00269539 0.999992 0.0029689 -4.52265 -0.0759713 -0.00316511 0.997105 276.077
0.997236 0.00339974 0.0742248 2.06851 -0.00360075 0.99999 0.00257456 -4.53844 -0.0742153 -0.0028347 0.997238 276.894
0.997279 0.00424226 0.0735929 2.11888 -0.00445394 0.999986 0.00271252 -4.55829 -0.0735804 -0.00303292 0.997285 277.773
0.997512 0.00373914 0.0703965 2.17353 -0.00407083 0.999981 0.00456884 -4.57479 -0.0703781 -0.00484405 0.997509 278.611
0.99777 0.00219437 0.0667073 2.2244 -0.00266981 0.999972 0.00703904 -4.58939 -0.0666899 -0.00720144 0.997748 279.46
0.998112 0.000848978 0.0614207 2.27181 -0.00138815 0.999961 0.00873624 -4.60735 -0.0614109 -0.008805 0.998074 280.306
0.998366 0.000531658 0.0571369 2.3097 -0.00111375 0.999948 0.0101564 -4.62205 -0.0571285 -0.0102034 0.998315 281.149
0.998612 6.01462e-05 0.052667 2.34409 -0.000644558 0.999938 0.0110794 -4.63452 -0.0526631 -0.011098 0.998551 281.952
0.998806 -0.000404067 0.0488505 2.38266 -0.000144235 0.999937 0.0112201 -4.64597 -0.048852 -0.0112137 0.998743 282.786
0.998966 -0.00147222 0.0454422 2.41149 0.00093439 0.999929 0.0118545 -4.6601 -0.0454565 -0.0117998 0.998897 283.576
0.999111 -0.00190224 0.0421244 2.43606 0.001419 0.999933 0.0114987 -4.67117 -0.0421435 -0.0114287 0.999046 284.391
0.999273 -0.00150247 0.0381046 2.45165 0.00107125 0.999935 0.0113348 -4.68459 -0.0381192 -0.0112858 0.99921 285.144
0.999489 -0.000865547 0.0319575 2.47685 0.000519271 0.999941 0.0108422 -4.69605 -0.031965 -0.0108201 0.99943 285.887
0.9996 -0.00148711 0.0282539 2.48415 0.00117728 0.999939 0.0109796 -4.70739 -0.0282685 -0.010942 0.999541 286.616
0.999713 -0.00269012 0.0238083 2.4993 0.00245519 0.999948 0.00989125 -4.72131 -0.0238337 -0.00982995 0.999668 287.337
0.999798 -0.0013484 0.0200664 2.50301 0.00116165 0.999956 0.00931531 -4.73595 -0.0200781 -0.00929011 0.999755 288.047
0.999889 0.000388146 0.0148688 2.50375 -0.000497086 0.999973 0.00732382 -4.75048 -0.0148656 -0.0073304 0.999863 288.715
0.999986 0.00163052 0.00507304 2.49716 -0.00165762 0.999984 0.00534116 -4.76473 -0.00506426 -0.00534949 0.999973 289.356
0.999977 0.00144472 -0.00669436 2.48711 -0.00141409 0.999989 0.00457794 -4.77888 0.0067009 -0.00456836 0.999967 289.974
0.999777 0.00156484 -0.0210518 2.46178 -0.00148157 0.999991 0.00397054 -4.79287 0.0210578 -0.00393847 0.999771 290.609
0.999275 0.00266325 -0.0379811 2.42208 -0.00247481 0.999984 0.00500763 -4.80807 0.0379938 -0.00491001 0.999266 291.216
0.998339 0.00499833 -0.0574044 2.35955 -0.00468587 0.999974 0.00557646 -4.81937 0.0574308 -0.0052982 0.998335 291.795
0.996798 0.00687721 -0.0796665 2.29338 -0.00647632 0.999965 0.00528937 -4.83371 0.0797001 -0.00475649 0.996808 292.378
0.994435 0.00814239 -0.105032 2.21405 -0.00762181 0.999957 0.00535679 -4.84563 0.105071 -0.00452645 0.994454 292.941
0.991052 0.00989727 -0.133111 2.12581 -0.00921188 0.999941 0.00576387 -4.8581 0.13316 -0.00448609 0.991084 293.515
0.986514 0.0112736 -0.163286 2.0007 -0.0102311 0.999922 0.00722424 -4.86632 0.163355 -0.00545622 0.986552 294.041
0.980536 0.0112667 -0.196016 1.87572 -0.00962852 0.99991 0.00930846 -4.87662 0.196103 -0.00723993 0.980557 294.556
0.973101 0.0115155 -0.23009 1.72018 -0.009223 0.999897 0.0110366 -4.88615 0.230194 -0.00861762 0.973107 295.058
0.963344 0.0128993 -0.267958 1.55181 -0.00962704 0.999862 0.0135223 -4.89265 0.268096 -0.010447 0.963336 295.556
0.951709 0.0145977 -0.306654 1.36581 -0.0101681 0.99982 0.0160376 -4.89804 0.306833 -0.0121451 0.951686 296.048
0.937765 0.0157182 -0.346916 1.16632 -0.0099783 0.999782 0.0183259 -4.90249 0.347128 -0.0137237 0.937717 296.491
0.9217 0.0161396 -0.387567 0.94296 -0.00895471 0.999753 0.0203373 -4.90712 0.3878 -0.0152743 0.921617 296.95
0.902632 0.0162157 -0.430107 0.700267 -0.00773767 0.99974 0.0214534 -4.90605 0.430343 -0.0160365 0.902523 297.384
0.881066 0.0157142 -0.472732 0.446881 -0.0056974 0.999728 0.0226135 -4.90932 0.472958 -0.0172306 0.880916 297.767
0.85687 0.0154928 -0.5153 0.165149 -0.00366221 0.999706 0.0239669 -4.91018 0.51552 -0.0186494 0.856675 298.179
0.829331 0.0160128 -0.558528 -0.131972 -0.00200627 0.999668 0.0256812 -4.90999 0.558754 -0.0201776 0.829088 298.547
0.798593 0.0175647 -0.601615 -0.439826 -0.00217041 0.999652 0.0263047 -4.90593 0.601867 -0.019701 0.798353 298.871
0.764979 0.0168875 -0.643834 -0.777825 -9.27912e-06 0.999656 0.0262096 -4.90644 0.644055 -0.0200438 0.764717 299.229
0.727208 0.0159895 -0.686231 -1.10376 0.00432634 0.999602 0.0278758 -4.90368 0.686403 -0.0232404 0.72685 299.512
0.685186 0.0156415 -0.728201 -1.46918 0.0107625 0.999443 0.0315944 -4.90238 0.728289 -0.0294853 0.684636 299.83
0.639019 0.0166203 -0.769012 -1.84274 0.0152392 0.999297 0.0342605 -4.89884 0.76904 -0.0336122 0.638316 300.069
0.589032 0.0207149 -0.807844 -2.2185 0.0149861 0.999219 0.0365492 -4.89779 0.807971 -0.0336351 0.588262 300.252
0.537356 0.026948 -0.842925 -2.62793 0.0107118 0.999191 0.0387724 -4.89084 0.843287 -0.0298638 0.536633 300.467
0.482861 0.0315773 -0.875128 -3.02887 0.00780009 0.999155 0.0403563 -4.88138 0.875662 -0.0263125 0.482206 300.622
0.426657 0.0342528 -0.903765 -3.40696 0.00747041 0.999115 0.0413933 -4.87734 0.904383 -0.0244122 0.426023 300.728
0.369708 0.0365971 -0.928427 -3.82022 0.00910569 0.999033 0.0430062 -4.867 0.929104 -0.0243537 0.369017 300.849
0.311505 0.0400998 -0.949398 -4.20881 0.0116284 0.998874 0.0460048 -4.86128 0.950173 -0.0253707 0.310688 300.928
0.252902 0.0438013 -0.9665 -4.63828 0.0137806 0.99871 0.048867 -4.84762 0.967394 -0.0256775 0.251972 300.987
0.191576 0.0473314 -0.980336 -5.0468 0.0168614 0.99853 0.0515049 -4.84713 0.981333 -0.026397 0.190497 301.017
0.127566 0.0513136 -0.990502 -5.45262 0.0171919 0.998396 0.0539368 -4.82713 0.991681 -0.0239091 0.12648 301.038
0.0632073 0.0569554 -0.996374 -5.90776 0.019717 0.998104 0.0583051 -4.81338 0.997806 -0.0233308 0.0619645 300.993
-0.0031707 0.0638406 -0.997955 -6.35304 0.0220074 0.997723 0.0637558 -4.79305 0.999753 -0.0217603 -0.00456844 300.935
-0.0701873 0.0704535 -0.995043 -6.77966 0.0244065 0.997325 0.0688936 -4.77365 0.997235 -0.0194501 -0.0717191 300.87
-0.136804 0.0767845 -0.987618 -7.25831 0.0271304 0.996908 0.0737486 -4.74968 0.990227 -0.0167054 -0.138464 300.738
-0.20303 0.0828254 -0.975663 -7.69041 0.0321057 0.996443 0.0779085 -4.72926 0.978646 -0.0155066 -0.204967 300.616
-0.267113 0.0870458 -0.959726 -8.17377 0.0359658 0.996119 0.0803365 -4.70228 0.962994 -0.0130584 -0.269207 300.407
-0.32916 0.0898166 -0.939993 -8.62509 0.040588 0.995892 0.0809449 -4.67557 0.943401 -0.0115086 -0.331454 300.19
-0.38908 0.0908127 -0.916717 -9.06866 0.0445752 0.995819 0.0797299 -4.64708 0.920125 -0.00984152 -0.391501 299.978
-0.444863 0.0909711 -0.890967 -9.53508 0.0474676 0.995825 0.0779767 -4.61297 0.89434 -0.00760307 -0.447323 299.685
-0.497283 0.091123 -0.86279 -9.97416 0.0499591 0.995827 0.0763788 -4.58053 0.866149 -0.0051223 -0.49976 299.39
-0.543836 0.0912798 -0.834213 -10.4347 0.0519032 0.995822 0.0751268 -4.5458 0.837585 -0.00244172 -0.546301 299.018
-0.585424 0.0922411 -0.805463 -10.8983 0.0537453 0.995737 0.0749681 -4.50764 0.808944 0.000598287 -0.587886 298.643
-0.623949 0.0960304 -0.775542 -11.3469 0.0589002 0.995377 0.075864 -4.47038 0.779242 0.00165572 -0.626721 298.243
-0.660879 0.102884 -0.743407 -11.8228 0.0673803 0.994693 0.0777601 -4.43664 0.747461 0.00129909 -0.664304 297.779
-0.697121 0.108622 -0.708678 -12.2799 0.0742756 0.99408 0.0793018 -4.39763 0.713096 0.00264554 -0.701062 297.321
-0.730484 0.110795 -0.673882 -12.7357 0.0780798 0.993831 0.0787612 -4.35672 0.678451 0.00491728 -0.734629 296.775
-0.761802 0.10737 -0.63885 -13.1604 0.0782505 0.9942 0.0737826 -4.31234 0.643066 0.00621743 -0.765785 296.222
-0.789742 0.104178 -0.604528 -13.5904 0.0791923 0.994542 0.0679337 -4.27931 0.608306 0.00577615 -0.793682 295.612
-0.81605 0.0992175 -0.569401 -14.0071 0.0783363 0.995052 0.0611172 -4.22935 0.572648 0.00526989 -0.819785 294.967
-0.839578 0.0961322 -0.534667 -14.4031 0.0784733 0.995357 0.0557383 -4.20136 0.537542 0.00483953 -0.843223 294.305
-0.861179 0.0944775 -0.499445 -14.7882 0.0782239 0.995503 0.053435 -4.16071 0.502247 0.00694859 -0.864696 293.564
-0.881422 0.0919223 -0.463298 -15.1497 0.0767816 0.995718 0.0514822 -4.13163 0.466047 0.00980474 -0.884706 292.83
-0.899958 0.0904684 -0.426486 -15.5062 0.076955 0.995837 0.0488537 -4.09826 0.429131 0.011146 -0.903174 292.025
-0.91683 0.0930285 -0.388289 -15.835 0.080926 0.99559 0.0474464 -4.06646 0.390991 0.0120776 -0.920316 291.21
-0.931801 0.096522 -0.349902 -16.1392 0.0855487 0.995238 0.0467218 -4.04637 0.352745 0.0136018 -0.935621 290.357
-0.945038 0.0968584 -0.312284 -16.4135 0.0865638 0.995151 0.0466966 -4.00409 0.315293 0.0170975 -0.94884 289.455
-0.956154 0.100388 -0.275121 -16.6665 0.0909147 0.994749 0.0470056 -3.97992 0.278395 0.019932 -0.96026 288.554
-0.966001 0.0996163 -0.238576 -16.9075 0.0914108 0.994785 0.0452431 -3.94874 0.241839 0.0218965 -0.970069 287.582
-0.974005 0.0973898 -0.204522 -17.1005 0.0910726 0.995037 0.0400997 -3.91562 0.207412 0.020431 -0.97804 286.626
-0.9804 0.0961052 -0.171989 -17.2598 0.0912727 0.995182 0.035807 -3.8934 0.174602 0.0194073 -0.984448 285.598
-0.985593 0.0952106 -0.13979 -17.3947 0.0912351 0.995228 0.0345919 -3.86766 0.142417 0.0213397 -0.989577 284.543
-0.989572 0.0932045 -0.109817 -17.51 0.0900443 0.995377 0.0334036 -3.84377 0.112422 0.0231669 -0.99339 283.481
-0.992495 0.0924073 -0.0800882 -17.5988 0.0902049 0.99545 0.0307031 -3.82042 0.082561 0.0232483 -0.996315 282.382
-0.99433 0.0915624 -0.0540679 -17.6467 0.0900638 0.995498 0.0295358 -3.8043 0.0565288 0.0244988 -0.9981 281.263
