1 -4.1311e-11 9.68377e-11 0 -4.12612e-11 1 -1.70424e-11 0 -2.58458e-10 -1.70424e-11 1 -2.98023e-08
0.999981 -0.000112254 -0.0061933 -0.00721638 0.000116043 1 0.000611586 -0.0134254 0.00619323 -0.000612293 0.999981 0.0728287
0.999906 4.37792e-05 -0.013691 -0.015301 -4.00252e-05 1 0.000274457 -0.0182951 0.0136911 -0.000273883 0.999906 0.162473
0.999774 0.000899644 -0.0212509 -0.0213243 -0.00090052 1 -3.16733e-05 -0.0196763 0.0212509 5.08044e-05 0.999774 0.26002
0.999526 0.00117351 -0.0307554 -0.0387501 -0.00123664 0.999997 -0.00203396 -0.020828 0.0307529 0.00207103 0.999525 0.375201
0.99911 0.00162036 -0.0421534 -0.0559532 -0.00174077 0.999995 -0.00281985 -0.0247511 0.0421486 0.00289072 0.999107 0.480958
0.998449 0.00135041 -0.055657 -0.0765867 -0.00159866 0.999989 -0.00441612 -0.0259943 0.0556504 0.00449825 0.99844 0.60494
0.9974 0.00139055 -0.0720487 -0.105355 -0.00166871 0.999991 -0.00380069 -0.0313478 0.0720428 0.00391104 0.997394 0.745013
0.995898 0.000493146 -0.0904793 -0.131986 -0.000845392 0.999992 -0.00385484 -0.0331526 0.0904767 0.00391552 0.995891 0.890827
0.993853 -0.000683942 -0.110711 -0.167306 0.000238164 0.999992 -0.00403967 -0.0380464 0.110713 0.00398846 0.993844 1.0433
0.991062 -0.0009863 -0.133396 -0.21298 0.000395199 0.99999 -0.00445757 -0.043681 0.133399 0.00436501 0.991053 1.19827
0.987526 0.00268241 -0.157434 -0.275477 -0.00368192 0.999975 -0.00605749 -0.0497603 0.157413 0.00656158 0.987511 1.37161
0.983165 0.00695629 -0.182589 -0.342862 -0.00849829 0.999935 -0.00766409 -0.0572371 0.182524 0.00908676 0.983159 1.52708
0.977833 0.0104384 -0.209127 -0.418862 -0.012514 0.999885 -0.00860457 -0.0638834 0.209013 0.0110308 0.977851 1.69361
0.97123 0.0121754 -0.23783 -0.489316 -0.014626 0.999857 -0.00854192 -0.0738623 0.237692 0.0117747 0.971269 1.88385
0.963107 0.0133521 -0.268788 -0.580656 -0.0161251 0.999837 -0.00811138 -0.0787873 0.268636 0.0121464 0.963165 2.08233
0.95357 0.0156135 -0.300767 -0.680006 -0.018594 0.999802 -0.00704938 -0.0824067 0.300598 0.0123145 0.953672 2.28377
0.942204 0.0181135 -0.334548 -0.782223 -0.0210467 0.999765 -0.00514425 -0.0902992 0.334377 0.0118881 0.942365 2.47753
0.929366 0.0202822 -0.368603 -0.900327 -0.0238036 0.999704 -0.00500826 -0.0914974 0.368392 0.0134286 0.929573 2.65655
0.915271 0.0233511 -0.402162 -1.0348 -0.0273578 0.999617 -0.00422138 -0.0927415 0.40191 0.014866 0.915559 2.86247
0.8991 0.0243549 -0.437065 -1.16636 -0.0288924 0.999576 -0.00373518 -0.0909348 0.436789 0.0159862 0.899422 3.05176
0.880945 0.0201599 -0.47279 -1.29886 -0.0250837 0.999677 -0.00411154 -0.090599 0.472554 0.0154813 0.881166 3.22643
0.859647 0.0161067 -0.510635 -1.45505 -0.0211616 0.999768 -0.00409007 -0.0994742 0.51045 0.0143219 0.859788 3.42654
0.834858 0.0175881 -0.550185 -1.61711 -0.0216416 0.999765 -0.000879204 -0.105832 0.55004 0.0126409 0.835042 3.5936
0.806534 0.0231494 -0.590735 -1.82304 -0.0266347 0.999641 0.0028089 -0.107239 0.590588 0.0134686 0.806861 3.7771
0.774104 0.0266192 -0.632499 -2.03449 -0.0302946 0.999529 0.00498898 -0.112831 0.632333 0.0152993 0.774545 3.93718
0.738443 0.0260249 -0.673814 -2.23538 -0.030186 0.999529 0.00552374 -0.111457 0.67364 0.0162608 0.738881 4.08142
0.69908 0.0228945 -0.714677 -2.47422 -0.0250474 0.999658 0.00752311 -0.116325 0.714604 0.0126415 0.699414 4.26311
0.656523 0.0197264 -0.754048 -2.71694 -0.0199929 0.999762 0.0087473 -0.117658 0.754041 0.00933284 0.656761 4.40828
0.611864 0.0192728 -0.790728 -2.96802 -0.0173257 0.99979 0.0109618 -0.117048 0.790773 0.00699284 0.612069 4.53515
0.564237 0.0195681 -0.825381 -3.26815 -0.0149973 0.999797 0.0134508 -0.115039 0.825477 0.00478907 0.564416 4.67833
0.512919 0.021148 -0.858177 -3.56631 -0.0138979 0.99977 0.0163307 -0.113839 0.858325 0.00355052 0.513095 4.78798
0.46058 0.0225098 -0.887333 -3.86889 -0.0130676 0.999742 0.0185786 -0.109175 0.887522 0.00303836 0.460755 4.87719
0.406666 0.0247193 -0.913243 -4.22223 -0.0120088 0.999692 0.0217118 -0.106108 0.913498 0.00213751 0.406837 4.97652
0.351979 0.0269937 -0.935619 -4.54995 -0.011612 0.999633 0.0244721 -0.100704 0.935936 0.00225074 0.352163 5.0324
0.296445 0.0298567 -0.954583 -4.9456 -0.00917882 0.999554 0.0284128 -0.097568 0.955006 0.000339113 0.296587 5.11566
0.242561 0.0318417 -0.969614 -5.32997 -0.00479798 0.999488 0.0316225 -0.0950554 0.970124 -0.0030182 0.24259 5.16808
0.191561 0.0330463 -0.980924 -5.71575 -0.00251483 0.999446 0.0331792 -0.0945452 0.981478 -0.00388897 0.191538 5.20327
0.143897 0.0339963 -0.989009 -6.15276 -0.00430869 0.999422 0.0337273 -0.0861723 0.989583 -0.000591917 0.14396 5.2184
0.101298 0.0337141 -0.994285 -6.56728 -0.00619507 0.999428 0.0332573 -0.0743525 0.994837 0.00279076 0.101449 5.21952
0.06315 0.0325194 -0.997474 -7.03413 -0.0072932 0.999457 0.0321224 -0.0602458 0.997977 0.00524625 0.0633529 5.20418
0.0289872 0.0301067 -0.999126 -7.50246 -0.00675574 0.999529 0.0299229 -0.0531388 0.999557 0.00588246 0.029177 5.20411
-0.00265824 0.027645 -0.999614 -7.96643 -0.00664416 0.999595 0.0276621 -0.0504084 0.999974 0.00671513 -0.00247348 5.17772
-0.0292146 0.0255415 -0.999247 -8.45777 -0.00639667 0.999648 0.0257387 -0.0439644 0.999553 0.0071438 -0.029041 5.14154
-0.0503595 0.0234388 -0.998456 -8.96557 -0.00703575 0.999691 0.0238227 -0.0345506 0.998706 0.00822458 -0.050179 5.1002
-0.0672412 0.0224512 -0.997484 -9.49894 -0.0072946 0.999709 0.022993 -0.0202558 0.99771 0.00882233 -0.0670578 5.04393
-0.0800507 0.0229294 -0.996527 -10.0371 -0.0063886 0.999703 0.0235157 -0.0150835 0.99677 0.00824886 -0.0798804 4.98227
-0.0899632 0.0240911 -0.995654 -10.5995 -0.0074199 0.999663 0.0248585 -0.012333 0.995917 0.00962401 -0.0897542 4.92825
-0.0965896 0.0254058 -0.995 -11.1645 -0.00816131 0.99962 0.026316 -0.00734616 0.995291 0.0106623 -0.0963456 4.85908
-0.100595 0.0266297 -0.994571 -11.7495 -0.0082366 0.999585 0.027597 0.00338849 0.994893 0.010968 -0.100334 4.78384
-0.102375 0.0275676 -0.994364 -12.3491 -0.00734657 0.999568 0.0284683 0.0121468 0.994719 0.0102196 -0.102128 4.71919
-0.101779 0.0293451 -0.994374 -12.9622 -0.00656907 0.999523 0.0301694 0.0231259 0.994785 0.00960272 -0.101538 4.66457
-0.100339 0.0319133 -0.994442 -13.596 -0.00509602 0.999456 0.0325884 0.0311059 0.99494 0.00833757 -0.100121 4.59269
-0.0985395 0.0321774 -0.994613 -14.2413 -0.00605248 0.999439 0.0329332 0.0417065 0.995115 0.0092651 -0.0982894 4.5257
-0.0967821 0.0298251 -0.994859 -14.892 -0.00981421 0.999474 0.0309182 0.047368 0.995257 0.0127561 -0.0964384 4.45392
-0.094922 0.0292908 -0.995054 -15.5869 -0.0117125 0.999465 0.0305379 0.0616684 0.995416 0.0145533 -0.0945282 4.37988
-0.0930479 0.0322482 -0.995139 -16.2693 -0.0101068 0.999393 0.0333311 0.0736946 0.99561 0.013159 -0.0926655 4.3129
-0.0918959 0.0357338 -0.995127 -17.0035 -0.0106003 0.999264 0.0368612 0.0909984 0.995712 0.0139361 -0.0914494 4.24803
-0.0902555 0.0378469 -0.995199 -17.7234 -0.0102889 0.999189 0.0389317 0.106002 0.995866 0.0137533 -0.0897929 4.17863
-0.0883091 0.0367976 -0.995413 -18.4733 -0.0131345 0.999188 0.0381024 0.115571 0.996007 0.016439 -0.087754 4.11042
-0.0866925 0.0343237 -0.995644 -19.2151 -0.0160962 0.999228 0.0358487 0.129807 0.996105 0.0191339 -0.0860731 4.03573
-0.0851583 0.0337955 -0.995794 -19.9873 -0.0170292 0.999229 0.0353684 0.150874 0.996222 0.0199695 -0.0845171 3.96362
-0.0829565 0.0358423 -0.995908 -20.7783 -0.0134866 0.999221 0.0370849 0.169248 0.996462 0.0165079 -0.0824085 3.89657
-0.0818531 0.0380781 -0.995917 -21.5499 -0.0110937 0.999173 0.0391144 0.181817 0.996583 0.01425 -0.081363 3.83188
-0.0807528 0.0394609 -0.995953 -22.3439 -0.00948507 0.99914 0.0403563 0.198874 0.996689 0.0127056 -0.0803091 3.76362
-0.0805016 0.0353333 -0.996128 -23.142 -0.00945168 0.9993 0.0362096 0.212342 0.99671 0.01233 -0.0801112 3.70234
-0.0797439 0.0287585 -0.9964 -23.9319 -0.0104277 0.999505 0.0296827 0.219606 0.996761 0.0127572 -0.0794046 3.63604
-0.079488 0.024391 -0.996537 -24.7431 -0.00741497 0.999658 0.0250589 0.233519 0.996808 0.00938118 -0.07928 3.5693
-0.0798841 0.0253403 -0.996482 -25.5607 -0.00955131 0.999612 0.0261855 0.247777 0.996758 0.0116095 -0.079611 3.4998
-0.080174 0.0316516 -0.996278 -26.3922 -0.00721387 0.999451 0.0323329 0.255817 0.996755 0.00977928 -0.0799016 3.42791
-0.0802083 0.0389287 -0.996018 -27.244 -0.00777418 0.999182 0.0396785 0.267257 0.996748 0.0109258 -0.0798401 3.35266
-0.0803961 0.0443241 -0.995777 -28.0854 -0.00968715 0.998929 0.0452465 0.284249 0.996716 0.0132839 -0.0798806 3.27685
-0.0807443 0.0448939 -0.995723 -28.913 -0.0102785 0.998895 0.0458704 0.299901 0.996682 0.0139383 -0.0801936 3.20074
-0.0807743 0.0420291 -0.995846 -29.7467 -0.0106515 0.999017 0.0430269 0.312191 0.996676 0.0140827 -0.0802472 3.13037
-0.0818163 0.039442 -0.995867 -30.5933 -0.0116239 0.999111 0.0405255 0.329277 0.99658 0.0148915 -0.0812851 3.05443
-0.081002 0.0400839 -0.995908 -31.4171 -0.0131273 0.999061 0.0412785 0.344266 0.996628 0.0164172 -0.0803998 2.97913
-0.0805985 0.0427525 -0.995829 -32.2589 -0.0123769 0.99896 0.0438886 0.36528 0.99667 0.0158626 -0.0799855 2.90255
-0.080807 0.0407691 -0.995896 -33.0915 -0.01342 0.999028 0.0419862 0.376632 0.996639 0.0167577 -0.0801813 2.82973
-0.0803473 0.036267 -0.996107 -33.9539 -0.0151581 0.999178 0.0376015 0.389796 0.996652 0.0181203 -0.0797315 2.75675
-0.0808968 0.0321429 -0.996204 -34.7604 -0.017647 0.999277 0.0336751 0.39896 0.996566 0.0203042 -0.080271 2.68954
-0.0797001 0.0324157 -0.996292 -35.5788 -0.0176256 0.999269 0.0339225 0.413821 0.996663 0.0202638 -0.0790705 2.61645
-0.0789286 0.0349408 -0.996268 -36.4204 -0.0152699 0.999226 0.0362543 0.421257 0.996763 0.0180744 -0.078334 2.54798
-0.078472 0.039583 -0.99613 -37.2448 -0.0166904 0.999019 0.0410127 0.436471 0.996777 0.0198441 -0.0777344 2.47231
-0.0775364 0.0449847 -0.995974 -38.0888 -0.0134392 0.998844 0.0461605 0.456284 0.996899 0.0169643 -0.0768422 2.41074
-0.0777614 0.0484856 -0.995792 -38.904 -0.0147055 0.998652 0.0497732 0.474127 0.996864 0.0185141 -0.0769436 2.33805
-0.0780184 0.0484021 -0.995776 -39.7516 -0.0143441 0.998663 0.0496663 0.493729 0.996849 0.0181584 -0.0772198 2.2676
-0.0776461 0.0445572 -0.995985 -40.571 -0.0150148 0.998835 0.0458553 0.512774 0.996868 0.018515 -0.0768867 2.20249
-0.0774312 0.0404225 -0.996178 -41.3727 -0.0162004 0.998995 0.041796 0.528114 0.996866 0.0193748 -0.0766985 2.13212
-0.0771915 0.0374708 -0.996312 -42.2408 -0.0187646 0.999062 0.0390281 0.542928 0.99684 0.0217081 -0.076416 2.05712
-0.0775136 0.035327 -0.996365 -43.0288 -0.0229581 0.999044 0.037208 0.55929 0.996727 0.0257588 -0.0766284 1.98598
-0.0788885 0.0336128 -0.996317 -43.8674 -0.0203445 0.999169 0.0353199 0.5707 0.996676 0.0230559 -0.0781391 1.91237
-0.0793073 0.0302372 -0.996392 -44.6665 -0.0171133 0.999351 0.0316891 0.575113 0.996703 0.0195647 -0.0787384 1.85131
-0.0803168 0.0291245 -0.996344 -45.4855 -0.0133847 0.999451 0.0302943 0.583679 0.99668 0.0157689 -0.0798829 1.78215
-0.0816726 0.0318393 -0.996151 -46.3208 -0.0128651 0.999373 0.032997 0.593165 0.996576 0.0155106 -0.0812118 1.71738
-0.0834373 0.0375463 -0.995805 -47.1381 -0.00997972 0.999208 0.0385108 0.60729 0.996463 0.0131511 -0.0829965 1.64433
-0.0858105 0.0415757 -0.995444 -47.9526 -0.00785893 0.99907 0.0424046 0.617833 0.99628 0.0114619 -0.0854039 1.57414
-0.087028 0.0410599 -0.995359 -48.7447 -0.00807771 0.999088 0.04192 0.626702 0.996173 0.0116884 -0.086617 1.50535
-0.0881241 0.0375931 -0.9954 -49.5834 -0.0111047 0.999188 0.0387193 0.640214 0.996048 0.0144657 -0.0876351 1.41528
-0.0899017 0.0340213 -0.995369 -50.3551 -0.0162306 0.999234 0.0356193 0.650581 0.995818 0.0193577 -0.0892807 1.33423
-0.0910528 0.0322172 -0.995325 -51.1432 -0.0204986 0.999204 0.034218 0.663036 0.995635 0.0235184 -0.0903199 1.24656
-0.0922843 0.0330802 -0.995183 -51.9559 -0.022032 0.999135 0.0352546 0.674656 0.995489 0.0251793 -0.0914757 1.16208
-0.0927712 0.0348383 -0.995078 -52.7377 -0.0212989 0.99909 0.0369644 0.680884 0.99546 0.0246233 -0.0919447 1.08129
-0.0943944 0.0346238 -0.994933 -53.5131 -0.0234948 0.999039 0.0369958 0.689659 0.995258 0.0268679 -0.0934903 1.00602
-0.0948085 0.0343563 -0.994903 -54.2984 -0.0243661 0.999025 0.0368206 0.700494 0.995197 0.0277328 -0.093879 0.918883
-0.094733 0.0361009 -0.994848 -55.0793 -0.0229255 0.998998 0.0384346 0.710639 0.995239 0.0264484 -0.0938105 0.842655
-0.0953444 0.0391246 -0.994675 -55.8502 -0.0223775 0.998891 0.0414354 0.721024 0.995193 0.026209 -0.0943631 0.767372
-0.0944357 0.0431907 -0.994594 -56.6251 -0.0213584 0.998741 0.0453987 0.738263 0.995302 0.0255302 -0.0933943 0.690874
-0.0955811 0.0451139 -0.994399 -57.4057 -0.0215457 0.998645 0.0473775 0.750941 0.995189 0.0259535 -0.0944795 0.609505
-0.0959104 0.0455551 -0.994347 -58.1514 -0.0220895 0.998609 0.047881 0.76642 0.995145 0.0265569 -0.0947707 0.536156
-0.0961058 0.0436624 -0.994413 -58.8911 -0.0205694 0.998737 0.0458402 0.781565 0.995159 0.02486 -0.0950863 0.455348
-0.0963095 0.0400188 -0.994547 -59.638 -0.0219083 0.998864 0.0423141 0.794536 0.99511 0.0258641 -0.0953233 0.381566
-0.0959105 0.0374442 -0.994686 -60.3425 -0.0226602 0.998951 0.0397898 0.806713 0.995132 0.0263561 -0.0949614 0.306355
-0.0949344 0.0352223 -0.99486 -61.0529 -0.0243735 0.998992 0.0376944 0.814957 0.995185 0.0278267 -0.0939802 0.234422
-0.0926233 0.0344845 -0.995104 -61.7476 -0.0251749 0.999 0.0369628 0.824651 0.995383 0.0284752 -0.0916625 0.160887
-0.0882843 0.0352582 -0.995471 -62.3973 -0.0250312 0.998979 0.0376024 0.83227 0.995781 0.0282376 -0.0873116 0.099857
-0.0828607 0.0368812 -0.995878 -63.0477 -0.0265054 0.99888 0.0391977 0.841285 0.996209 0.0296441 -0.0817903 0.048415
-0.0755704 0.0384415 -0.996399 -63.7034 -0.0241149 0.998894 0.0403667 0.847458 0.996849 0.0270786 -0.0745599 -0.00491615
-0.0670222 0.0398944 -0.996954 -64.3356 -0.0274594 0.998748 0.0418122 0.856428 0.997374 0.0301781 -0.0658428 -0.0435224
-0.0550255 0.0414523 -0.997624 -64.9593 -0.0299048 0.998621 0.0431432 0.86311 0.998037 0.0322077 -0.05371 -0.0772774
-0.0403626 0.0432309 -0.998249 -65.5553 -0.0324507 0.99848 0.044553 0.873901 0.998658 0.0341922 -0.0388984 -0.0989254
-0.0219336 0.0445494 -0.998766 -66.1325 -0.0350253 0.998359 0.0453005 0.883776 0.999146 0.0359757 -0.0203372 -0.104208
-0.000226087 0.0452841 -0.998974 -66.6982 -0.0355776 0.998341 0.0452635 0.892617 0.999367 0.0355513 0.00138539 -0.0997458
0.0257816 0.0454 -0.998636 -67.241 -0.0354668 0.998381 0.0444727 0.901984 0.999038 0.0342718 0.0273501 -0.0702844
0.0546811 0.0453391 -0.997474 -67.7539 -0.0347327 0.99845 0.0434794 0.905119 0.9979 0.0322675 0.0561711 -0.0204331
0.0891178 0.0454597 -0.994983 -68.2534 -0.0335393 0.998528 0.0426176 0.91287 0.995456 0.0295731 0.0905113 0.0418297
0.126583 0.0455303 -0.990911 -68.7243 -0.0331357 0.998583 0.04165 0.921085 0.991403 0.0275624 0.127912 0.129297
0.166613 0.0458232 -0.984957 -69.1774 -0.0331772 0.998614 0.0408465 0.922636 0.985464 0.0258726 0.167902 0.239649
0.211977 0.0463368 -0.976175 -69.6255 -0.0326992 0.998652 0.0403031 0.929289 0.976727 0.0233768 0.213207 0.360993
0.258777 0.0444963 -0.964912 -70.0431 -0.0292953 0.99884 0.0382042 0.935818 0.965493 0.018381 0.259781 0.530102
0.309045 0.0401248 -0.950201 -70.4536 -0.0214291 0.99915 0.0352222 0.931228 0.950806 0.0094767 0.309642 0.708555
0.359212 0.0351232 -0.932595 -70.8423 -0.0156967 0.999378 0.0315924 0.926315 0.933124 0.00329024 0.35954 0.923438
0.41193 0.0307786 -0.910695 -71.2249 -0.0103962 0.999523 0.0290782 0.929328 0.911156 -0.00251042 0.412054 1.13644
0.462116 0.0296002 -0.886326 -71.6029 -0.0102246 0.999554 0.0280507 0.935579 0.886761 -0.00390032 0.462212 1.39474
0.50963 0.027594 -0.859951 -71.9402 -0.00844995 0.999598 0.0270673 0.944584 0.860352 -0.00652775 0.509659 1.65472
0.554792 0.0237091 -0.831651 -72.2803 -0.00127053 0.999617 0.0276499 0.949457 0.831988 -0.0142833 0.554609 1.93476
0.598555 0.0171082 -0.800899 -72.5986 0.0102318 0.999527 0.0289979 0.938809 0.801016 -0.0255515 0.598097 2.24697
0.640757 0.012242 -0.767646 -72.8937 0.0119507 0.999593 0.0259163 0.935205 0.767651 -0.0257799 0.64035 2.54793
0.681959 0.00654913 -0.731361 -73.181 0.00947586 0.999797 0.0177887 0.94159 0.73133 -0.0190614 0.681758 2.87389
0.722287 0.000640814 -0.691593 -73.4473 0.00579957 0.999959 0.0069835 0.936117 0.691569 -0.00905503 0.722254 3.2003
0.761736 -0.00253687 -0.647883 -73.7143 0.00169249 0.999997 -0.00192571 0.937496 0.647886 0.000370351 0.761738 3.56957
0.7985 -0.00435719 -0.601979 -73.9579 0.00102227 0.999982 -0.00588198 0.935586 0.601994 0.00408137 0.79849 3.95109
0.832642 -0.00597322 -0.553779 -74.1916 0.00177737 0.999966 -0.00811352 0.929174 0.553809 0.00577139 0.832624 4.37642
0.863574 -0.00513092 -0.504195 -74.419 -0.000461816 0.99994 -0.0109668 0.924422 0.504221 0.00970351 0.86352 4.84571
0.889601 -0.00373621 -0.456724 -74.6243 -0.00091662 0.99995 -0.00996542 0.905709 0.456739 0.00928389 0.889553 5.30633
0.911287 0.000831655 -0.41177 -74.8287 -0.00524764 0.99994 -0.00959396 0.897847 0.411737 0.0109037 0.911237 5.81891
0.928755 0.00629689 -0.370641 -75.0107 -0.0112493 0.999874 -0.0112015 0.886578 0.370523 0.0145729 0.928709 6.31706
0.942536 0.0106002 -0.333935 -75.1903 -0.0149826 0.999832 -0.0105506 0.875638 0.333767 0.0149475 0.942537 6.8617
0.953003 0.0109034 -0.302765 -75.357 -0.0142486 0.999859 -0.00884205 0.861603 0.302626 0.0127405 0.953024 7.43221
0.960404 0.0106212 -0.278408 -75.5055 -0.0130542 0.999891 -0.0068862 0.843476 0.278304 0.0102479 0.960438 7.99425
0.966452 0.011083 -0.256609 -75.6592 -0.0127529 0.999907 -0.00484436 0.830678 0.256531 0.00795436 0.966503 8.60719
0.970911 0.0128078 -0.239098 -75.8033 -0.013795 0.999902 -0.00245607 0.821006 0.239043 0.00568298 0.970992 9.20822
0.974482 0.0185793 -0.223697 -75.9471 -0.019152 0.999817 -0.000390703 0.809993 0.223648 0.00466497 0.974659 9.83579
0.977593 0.0204813 -0.209503 -76.095 -0.0209283 0.999781 8.31565e-05 0.802081 0.209459 0.00430326 0.977808 10.4904
0.980097 0.0207654 -0.19743 -76.2145 -0.021042 0.999778 0.000696642 0.787283 0.197401 0.00347155 0.980317 11.1446
0.982771 0.0216256 -0.183557 -76.3421 -0.0219514 0.999759 0.000257401 0.778002 0.183519 0.00377637 0.983009 11.8168
0.985547 0.0209962 -0.168098 -76.4674 -0.0211795 0.999776 0.000703073 0.767216 0.168075 0.00286731 0.98577 12.5271
0.987641 0.0222593 -0.155142 -76.5702 -0.0223796 0.999749 0.000971782 0.757693 0.155125 0.00251223 0.987892 13.2172
0.989614 0.0223374 -0.142003 -76.6705 -0.0227965 0.999739 -0.00160695 0.739118 0.14193 0.00482745 0.989865 13.9458
0.990985 0.0218101 -0.132185 -76.7614 -0.0229377 0.999712 -0.00701367 0.724013 0.131994 0.00998247 0.9912 14.6639
0.992247 0.0222953 -0.122266 -76.8528 -0.0240336 0.99963 -0.0127603 0.702063 0.121937 0.0155999 0.992415 15.4031
0.99323 0.0228815 -0.113885 -76.9438 -0.0245508 0.99961 -0.0132763 0.687772 0.113537 0.0159824 0.993405 16.1716
0.993898 0.023023 -0.107875 -77.0275 -0.0239337 0.999688 -0.00715473 0.669806 0.107677 0.00969293 0.994139 16.9418
0.994337 0.0275315 -0.102641 -77.1192 -0.0276769 0.999617 7.48346e-06 0.6522 0.102602 0.00283334 0.994719 17.7057
0.994897 0.0265823 -0.0973268 -77.2024 -0.0262888 0.999645 0.00429705 0.634335 0.0974065 -0.00171651 0.995243 18.4762
0.99513 0.0276073 -0.0946273 -77.2791 -0.0273554 0.999618 0.00395837 0.616132 0.0947004 -0.00135053 0.995505 19.238
0.995521 0.0268356 -0.0906527 -77.3544 -0.0266669 0.99964 0.00307185 0.600879 0.0907024 -0.000640662 0.995878 20.025
0.995726 0.0254861 -0.088776 -77.4234 -0.0251659 0.999672 0.00472443 0.590508 0.0888673 -0.0024701 0.99604 20.7848
0.996005 0.0232295 -0.0862279 -77.4905 -0.0226583 0.999714 0.00759708 0.575932 0.0863797 -0.00561295 0.996246 21.5433
0.996332 0.0201795 -0.0831537 -77.5619 -0.0195057 0.99977 0.0089079 0.561735 0.0833144 -0.00725326 0.996497 22.3303
0.996598 0.0180805 -0.0804106 -77.6233 -0.0176554 0.999826 0.00599482 0.549364 0.080505 -0.00455475 0.996744 23.071
0.996624 0.0229711 -0.0788259 -77.6906 -0.0231505 0.999731 -0.00136202 0.531359 0.0787734 0.00318227 0.996888 23.8154
0.996732 0.0231286 -0.0773925 -77.7603 -0.0238849 0.999676 -0.00886045 0.510784 0.0771625 0.01068 0.996961 24.5783
0.996771 0.0255457 -0.0761206 -77.8264 -0.0265916 0.999565 -0.0127579 0.488335 0.0757616 0.0147409 0.997017 25.3391
0.996911 0.026511 -0.0739261 -77.8927 -0.0274213 0.99956 -0.0113265 0.467252 0.0735933 0.0133186 0.997199 26.1039
0.996966 0.0293112 -0.0721143 -77.9553 -0.029922 0.999525 -0.00740369 0.442215 0.0718631 0.00953904 0.997369 26.8409
0.997041 0.0325176 -0.0696614 -78.0168 -0.0327907 0.999458 -0.00277949 0.419591 0.0695333 0.00505551 0.997567 27.6005
0.997275 0.0310399 -0.0669216 -78.0738 -0.0311376 0.999515 -0.000415643 0.400205 0.0668762 0.00249829 0.997758 28.3759
0.997415 0.028462 -0.0659739 -78.1288 -0.0285403 0.999593 -0.000243227 0.377029 0.0659401 0.00212551 0.997821 29.1303
0.997551 0.0262896 -0.0648177 -78.1859 -0.0263697 0.999652 -0.000380969 0.359013 0.0647851 0.00208926 0.997897 29.9036
0.997599 0.026322 -0.0640611 -78.2325 -0.0265145 0.999646 -0.00215635 0.341918 0.0639817 0.00384972 0.997944 30.6484
0.997703 0.0247959 -0.0630392 -78.2892 -0.0250404 0.999682 -0.00309142 0.325691 0.0629425 0.00466285 0.998006 31.4209
0.997783 0.0234795 -0.0622681 -78.3387 -0.0237341 0.999713 -0.00335321 0.304089 0.0621715 0.00482366 0.998054 32.158
0.997755 0.0263685 -0.061558 -78.3973 -0.0265644 0.999644 -0.00236544 0.290236 0.0614738 0.00399538 0.998101 32.9459
0.997703 0.0274043 -0.061949 -78.4533 -0.0276469 0.999613 -0.00306177 0.272467 0.0618411 0.00476743 0.998075 33.705
0.997672 0.0260435 -0.0630308 -78.5122 -0.026306 0.999648 -0.00333865 0.254843 0.0629217 0.00498896 0.998006 34.4785
0.997563 0.024819 -0.0652107 -78.5712 -0.0250333 0.999684 -0.00247129 0.23649 0.0651287 0.00409771 0.997868 35.2667
0.997326 0.0267899 -0.0679951 -78.6342 -0.0270159 0.999632 -0.0024063 0.221 0.0679056 0.00423681 0.997683 36.0572
0.997099 0.0271976 -0.071097 -78.7062 -0.0274888 0.999617 -0.00312066 0.20022 0.0709849 0.00506598 0.997465 36.8528
0.996845 0.029733 -0.0735941 -78.7818 -0.0303727 0.99951 -0.00758854 0.181795 0.0733324 0.00979985 0.997259 37.6354
0.99656 0.0327238 -0.0761438 -78.8538 -0.0336841 0.999368 -0.0113617 0.163777 0.0757238 0.0138875 0.997032 38.4311
0.996458 0.0309286 -0.0781948 -78.9262 -0.031952 0.999419 -0.0118708 0.139777 0.0777823 0.0143272 0.996867 39.2515
0.996292 0.030683 -0.0803782 -79.0067 -0.0316622 0.999439 -0.0109356 0.117691 0.0799975 0.01344 0.996704 40.0704
0.996196 0.027596 -0.082654 -79.0773 -0.0284704 0.99955 -0.00941887 0.0856786 0.0823569 0.0117362 0.996534 40.9032
0.996041 0.028128 -0.0843318 -79.1545 -0.0289008 0.999551 -0.00795733 0.0638896 0.0840701 0.0103631 0.996406 41.7341
0.995995 0.0264818 -0.0853977 -79.2328 -0.0269888 0.999624 -0.00478789 0.0465798 0.0852388 0.00707349 0.996336 42.5577
0.995886 0.0264588 -0.0866704 -79.3137 -0.0265938 0.999646 -0.0004038 0.0277239 0.0866291 0.00270704 0.996237 43.4194
0.995996 0.0255847 -0.0856575 -79.3965 -0.0254717 0.999673 0.00241151 0.00894965 0.0856912 -0.000220014 0.996322 44.2722
0.996074 0.0288646 -0.083691 -79.481 -0.0287404 0.999583 0.00268941 -0.00625831 0.0837338 -0.000273538 0.996488 45.1248
0.996197 0.0285856 -0.0823106 -79.5571 -0.028541 0.999591 0.00171833 -0.0229286 0.0823261 0.000637433 0.996605 45.9889
0.996395 0.0270773 -0.0803969 -79.6382 -0.0271999 0.99963 -0.000429929 -0.0383665 0.0803555 0.00261517 0.996763 46.864
0.99661 0.0228781 -0.0790299 -79.7022 -0.0231035 0.999731 -0.0019384 -0.0616353 0.0789643 0.00375769 0.99687 47.7322
0.996798 0.0219934 -0.0768758 -79.7811 -0.0222306 0.99975 -0.00223138 -0.0794699 0.0768075 0.00393324 0.997038 48.6143
0.996909 0.0193704 -0.0761451 -79.848 -0.0194343 0.999811 -9.80835e-05 -0.0936354 0.0761288 0.00157761 0.997097 49.4763
0.997044 0.0157772 -0.0752017 -79.9127 -0.0156366 0.999875 0.00245817 -0.116176 0.0752311 -0.001275 0.997165 50.3523
0.997102 0.0149006 -0.0746086 -79.9865 -0.0147308 0.999887 0.00282649 -0.136828 0.0746423 -0.00171925 0.997209 51.2487
0.997128 0.0170811 -0.0737812 -80.057 -0.0171662 0.999852 -0.000518602 -0.159192 0.0737615 0.00178365 0.997274 52.1019
0.997091 0.0207505 -0.0733441 -80.1267 -0.0212154 0.999759 -0.00556585 -0.183959 0.073211 0.00710569 0.997291 52.9407
0.997151 0.0228018 -0.0719056 -80.2019 -0.0236769 0.999655 -0.0113418 -0.208556 0.0716222 0.013012 0.997347 53.7878
0.997014 0.0289136 -0.0715996 -80.2793 -0.0301961 0.999401 -0.0168952 -0.240005 0.0710682 0.0190068 0.99729 54.6598
0.997051 0.0307109 -0.0703311 -80.3467 -0.0320561 0.999323 -0.018078 -0.270245 0.0697283 0.0202792 0.99736 55.4878
0.997091 0.0294984 -0.0702832 -80.4145 -0.0304529 0.999457 -0.0125487 -0.300962 0.0698749 0.0146526 0.997448 56.3669
0.997195 0.0243106 -0.0707911 -80.476 -0.0245652 0.999695 -0.00272752 -0.33155 0.0707032 0.00445887 0.997487 57.2058
0.997223 0.0209375 -0.0714759 -80.5443 -0.0206708 0.999776 0.0044697 -0.347334 0.0715535 -0.00297982 0.997432 58.0144
0.996976 0.0220957 -0.0745066 -80.6056 -0.0219332 0.999755 0.00299866 -0.369775 0.0745546 -0.00135543 0.997216 58.8681
0.996909 0.0178558 -0.0765087 -80.673 -0.0179089 0.99984 -6.90789e-06 -0.401144 0.0764963 0.00137707 0.997069 59.6988
0.996789 0.0156707 -0.0785221 -80.7518 -0.0158307 0.999874 -0.00141572 -0.415298 0.07849 0.00265423 0.996911 60.5261
0.996467 0.0184834 -0.0819268 -80.822 -0.0188444 0.999816 -0.00363538 -0.445633 0.0818446 0.0051664 0.996632 61.3661
0.996145 0.0191317 -0.085607 -80.9073 -0.0197974 0.99978 -0.00693474 -0.465162 0.0854555 0.00860281 0.996305 62.1805
0.99576 0.0202638 -0.089734 -80.9957 -0.0213131 0.999715 -0.0107508 -0.486668 0.0894905 0.0126177 0.995908 62.9856
0.995447 0.0226703 -0.0925854 -81.0776 -0.0240667 0.999612 -0.0139931 -0.522196 0.0922323 0.0161576 0.995606 63.798
0.995047 0.0260512 -0.0959303 -81.1782 -0.027568 0.999515 -0.0145189 -0.545619 0.0955055 0.0170916 0.995282 64.611
0.994593 0.0303455 -0.0993135 -81.2725 -0.0317728 0.999413 -0.0128216 -0.574722 0.0988661 0.0159077 0.994974 65.4033
0.994115 0.0333197 -0.103075 -81.3651 -0.0342701 0.999385 -0.00746273 -0.596291 0.102763 0.0109512 0.994646 66.2047
0.993684 0.0325296 -0.107394 -81.4633 -0.03283 0.99946 -0.00103005 -0.621054 0.107303 0.0045493 0.994216 67.0066
0.993189 0.0322966 -0.111952 -81.5543 -0.0321923 0.999478 0.00273965 -0.645412 0.111982 0.000883013 0.99371 67.8052
0.992368 0.0332417 -0.118744 -81.66 -0.0329942 0.999447 0.00405003 -0.66288 0.118813 -0.000101241 0.992917 68.5945
0.991788 0.0286406 -0.124647 -81.768 -0.0279515 0.999583 0.00727418 -0.676544 0.124804 -0.00373037 0.992175 69.3764
0.990951 0.0301308 -0.130798 -81.8842 -0.0293732 0.999539 0.00771832 -0.693782 0.13097 -0.00380653 0.991379 70.1649
0.989925 0.0341703 -0.137411 -81.9968 -0.0335327 0.999413 0.0069536 -0.706827 0.137568 -0.0022758 0.99049 70.9174
0.988926 0.0371742 -0.143677 -82.1124 -0.0370575 0.999307 0.00348912 -0.722039 0.143707 0.00187384 0.989619 71.6883
0.988114 0.0364713 -0.149331 -82.2556 -0.0368301 0.999321 0.000362985 -0.737202 0.149243 0.0051412 0.988787 72.4531
0.987165 0.0387498 -0.154931 -82.3732 -0.039291 0.999228 -0.000431379 -0.757225 0.154794 0.00651323 0.987925 73.2055
0.986433 0.0374162 -0.159845 -82.4979 -0.0373216 0.999297 0.00359512 -0.764285 0.159867 0.00241932 0.987136 73.9634
0.985437 0.0390015 -0.165506 -82.6417 -0.0380673 0.999236 0.0088143 -0.779773 0.165723 -0.00238559 0.986169 74.7103
0.984528 0.034761 -0.171743 -82.7746 -0.0333234 0.999381 0.011247 -0.795086 0.172028 -0.0053499 0.985078 75.4536
0.983322 0.0329951 -0.178855 -82.9307 -0.0321915 0.999454 0.00739393 -0.808592 0.179002 -0.001513 0.983848 76.2207
0.981639 0.0340911 -0.187676 -83.0747 -0.0346172 0.999401 0.000474404 -0.824724 0.187579 0.00603112 0.982231 76.9505
0.980106 0.0306951 -0.196085 -83.2508 -0.0316089 0.999499 -0.00153178 -0.837584 0.19594 0.00769933 0.980586 77.6893
0.977937 0.0297854 -0.206765 -83.4111 -0.0301431 0.999545 0.0014212 -0.852602 0.206713 0.0048427 0.97839 78.4143
0.975567 0.0298878 -0.217659 -83.5897 -0.0289818 0.999553 0.00735411 -0.863144 0.217782 -0.00086627 0.975997 79.1404
0.97294 0.0305027 -0.229037 -83.7806 -0.0277652 0.999499 0.0151657 -0.872685 0.229385 -0.0083961 0.9733 79.8666
0.970151 0.0323798 -0.240329 -83.9762 -0.0284068 0.999397 0.0199784 -0.888597 0.240831 -0.0125551 0.970486 80.606
0.967213 0.0352211 -0.251512 -84.1801 -0.0323617 0.999356 0.0154973 -0.898533 0.251896 -0.0068499 0.96773 81.3077
0.963958 0.0343654 -0.263826 -84.3902 -0.0340186 0.999404 0.00588419 -0.905866 0.263871 0.00330288 0.964552 82.0108
0.960471 0.0334435 -0.276364 -84.6094 -0.0344053 0.999407 0.00136916 -0.912195 0.276246 0.00819333 0.961052 82.7296
0.957145 0.032325 -0.287801 -84.8368 -0.0320995 0.99947 0.00550405 -0.913742 0.287826 0.00397009 0.957674 83.4243
0.953755 0.0329347 -0.298775 -85.0738 -0.0302861 0.99945 0.0134921 -0.930007 0.299055 -0.00381945 0.954228 84.1325
0.949685 0.0320741 -0.311561 -85.3144 -0.0274434 0.999438 0.0192369 -0.935096 0.312003 -0.0097187 0.950032 84.8502
0.945827 0.0300602 -0.323276 -85.5597 -0.0256969 0.999512 0.017758 -0.946877 0.323652 -0.00848884 0.946138 85.538
0.941727 0.028565 -0.335164 -85.8225 -0.0257544 0.999586 0.0128282 -0.944557 0.335392 -0.00344872 0.942072 86.2384
0.938672 0.0233672 -0.344019 -86.0917 -0.0225778 0.999725 0.00630075 -0.957843 0.344071 0.00185286 0.938942 86.9346
0.935811 0.0202355 -0.35192 -86.3575 -0.0214758 0.999769 0.000379546 -0.968328 0.351847 0.00720258 0.93603 87.6383
0.932761 0.019643 -0.35996 -86.6464 -0.0216757 0.999764 -0.00161118 -0.983429 0.359844 0.00930525 0.932966 88.364
0.929914 0.0245158 -0.36696 -86.9261 -0.0270635 0.999632 -0.00179827 -0.991346 0.366781 0.0116034 0.930235 89.0144
0.9266 0.0258761 -0.375158 -87.2323 -0.0276177 0.999618 0.000734735 -1.01141 0.375034 0.00968021 0.926961 89.7459
0.923496 0.0260887 -0.382721 -87.5193 -0.0253475 0.999654 0.00698014 -1.01922 0.382771 0.00325487 0.923838 90.4273
0.920698 0.0290492 -0.389193 -87.817 -0.0250407 0.999568 0.0153697 -1.03053 0.389471 -0.00440519 0.921028 91.1241
0.917966 0.0365848 -0.394968 -88.1438 -0.0301034 0.999291 0.0225967 -1.03603 0.395515 -0.00885308 0.918417 91.8346
0.915177 0.0435686 -0.400692 -88.4531 -0.038698 0.999046 0.0202438 -1.0378 0.401191 -0.00302065 0.915989 92.5019
0.912642 0.0417926 -0.406617 -88.7777 -0.0403425 0.999112 0.0121421 -1.04048 0.406764 0.00532258 0.913518 93.2043
0.910554 0.0358326 -0.411835 -89.0884 -0.0368641 0.999305 0.00544148 -1.05652 0.411744 0.0102272 0.911242 93.9005
0.908885 0.0360523 -0.415486 -89.4096 -0.0376315 0.999282 0.00438922 -1.06421 0.415346 0.0116461 0.909589 94.5829
0.90662 0.0406726 -0.419982 -89.7557 -0.0405761 0.999134 0.00916772 -1.06269 0.419992 0.00872958 0.907486 95.2929
0.904183 0.0419482 -0.42508 -90.0882 -0.039861 0.99911 0.0138072 -1.07477 0.425281 0.0044599 0.905051 95.9696
0.901907 0.0387079 -0.430193 -90.4332 -0.036828 0.999241 0.0126992 -1.09012 0.430358 0.00438962 0.902648 96.6792
0.899615 0.0369219 -0.43512 -90.7593 -0.0380864 0.999256 0.00604738 -1.09876 0.43502 0.0111319 0.900352 97.3406
0.897242 0.0349995 -0.440151 -91.1209 -0.0390704 0.999237 -0.000188072 -1.11106 0.439808 0.0173656 0.897924 98.0446
0.894974 0.0365119 -0.444622 -91.4701 -0.0415534 0.999135 -0.00159433 -1.12398 0.444179 0.0199024 0.895717 98.7076
0.893215 0.0381727 -0.448006 -91.8318 -0.0416456 0.99913 0.00210045 -1.1362 0.447696 0.0167813 0.894028 99.3893
0.890871 0.0403913 -0.452457 -92.1958 -0.0427705 0.999073 0.00497461 -1.15383 0.452239 0.0149201 0.891772 100.08
0.888645 0.0416756 -0.456699 -92.5594 -0.0438848 0.99902 0.00577339 -1.16966 0.456492 0.0149117 0.889603 100.758
0.886261 0.039735 -0.461479 -92.9178 -0.0420303 0.999102 0.00530792 -1.18235 0.461275 0.0146919 0.887136 101.436
0.884105 0.0382437 -0.46572 -93.2819 -0.0407795 0.999157 0.00463399 -1.19987 0.465505 0.0148949 0.88492 102.11
0.882053 0.0374259 -0.469662 -93.6416 -0.0395448 0.999204 0.00535588 -1.211 0.469488 0.0138485 0.88283 102.768
0.879685 0.0384592 -0.474 -94.01 -0.0405433 0.999161 0.00582604 -1.22569 0.473826 0.0140924 0.880506 103.433
0.877544 0.0386208 -0.477939 -94.3812 -0.0407353 0.999152 0.00594442 -1.23889 0.477764 0.0142525 0.878373 104.081
0.875156 0.0361015 -0.482492 -94.7541 -0.0399104 0.999201 0.00237274 -1.25718 0.482192 0.0171799 0.875897 104.744
0.872675 0.0327583 -0.487201 -95.1203 -0.0385756 0.999254 -0.001909 -1.27301 0.486775 0.02046 0.873288 105.385
0.87095 0.0316153 -0.490353 -95.4944 -0.0388465 0.999235 -0.00457274 -1.29202 0.489833 0.0230311 0.871512 106.022
0.868836 0.0336143 -0.493957 -95.8683 -0.0393697 0.999224 -0.00125039 -1.30372 0.493532 0.0205333 0.869485 106.666
0.866925 0.0369479 -0.497067 -96.2403 -0.038336 0.999237 0.00741414 -1.318 0.496962 0.0126281 0.86768 107.296
0.865648 0.038343 -0.499183 -96.6003 -0.0344279 0.999262 0.0170525 -1.32917 0.499469 0.00242437 0.866329 107.916
0.863911 0.0370976 -0.502277 -96.9638 -0.0300082 0.999303 0.0221937 -1.3395 0.50275 -0.00410097 0.864422 108.544
0.862438 0.0357702 -0.504898 -97.3143 -0.0285983 0.99935 0.0219503 -1.34742 0.505355 -0.00449158 0.8629 109.134
0.860493 0.0335916 -0.508353 -97.6663 -0.0278813 0.999434 0.0188469 -1.35409 0.508698 -0.00204414 0.860943 109.718
0.858837 0.0322956 -0.511231 -98.0124 -0.0282362 0.999478 0.0157042 -1.36091 0.511471 0.000947868 0.8593 110.288
0.857586 0.0300919 -0.51346 -98.3447 -0.0262971 0.999547 0.0146578 -1.36524 0.513669 0.000932158 0.857988 110.829
0.855923 0.0289558 -0.516292 -98.6861 -0.0250866 0.999581 0.0144713 -1.37313 0.516495 0.000565644 0.85629 111.385
0.854877 0.0287544 -0.518033 -98.9946 -0.0242188 0.999586 0.0155172 -1.3815 0.518265 -0.00071919 0.85522 111.888
0.853454 0.0281676 -0.520407 -99.3031 -0.0226604 0.9996 0.0169421 -1.3885 0.520676 -0.00266666 0.85375 112.387
0.852128 0.0271441 -0.522629 -99.6106 -0.0210756 0.999624 0.0175551 -1.39451 0.522909 -0.00394443 0.852379 112.878
0.850882 0.0254625 -0.524739 -99.8853 -0.0187858 0.999661 0.0180459 -1.40431 0.52502 -0.00549727 0.851072 113.322
0.849871 0.0246173 -0.526415 -100.171 -0.0184034 0.999685 0.0170379 -1.41236 0.526669 -0.00479215 0.850057 113.776
0.84852 0.0246129 -0.52859 -100.431 -0.0203698 0.999697 0.0138506 -1.42371 0.528771 -0.00098522 0.848764 114.174
0.846977 0.0227818 -0.531142 -100.688 -0.020732 0.999737 0.00982089 -1.4308 0.531226 0.00269358 0.847226 114.575
0.844669 0.0191079 -0.534949 -100.928 -0.017751 0.999813 0.00768402 -1.43717 0.534995 0.00300544 0.84485 114.95
0.842294 0.0153173 -0.538801 -101.157 -0.0131022 0.999883 0.00794289 -1.44561 0.538859 0.000369211 0.842396 115.308
0.838915 0.0157168 -0.544036 -101.387 -0.0126268 0.999876 0.0094148 -1.45057 0.544117 -0.00102877 0.839009 115.66
0.835227 0.019453 -0.549561 -101.625 -0.0156973 0.99981 0.0115338 -1.45658 0.549681 -0.00100674 0.835374 115.985
0.831378 0.0255496 -0.555119 -101.832 -0.0203066 0.999672 0.015598 -1.46096 0.555336 -0.00169521 0.831624 116.278
0.82791 0.0306752 -0.560021 -102.041 -0.0216278 0.999507 0.0227744 -1.46238 0.560443 -0.00674316 0.828165 116.563
0.822752 0.0327887 -0.567453 -102.243 -0.0210083 0.999407 0.0272879 -1.46633 0.568012 -0.0105299 0.822953 116.841
0.817436 0.0301329 -0.575231 -102.438 -0.0167128 0.999451 0.0286054 -1.4686 0.575777 -0.0137694 0.817491 117.103
0.81114 0.0279619 -0.584183 -102.619 -0.0131386 0.999476 0.0295968 -1.47162 0.584704 -0.0163318 0.811082 117.35
0.802379 0.0265167 -0.596226 -102.793 -0.0100902 0.999472 0.0308718 -1.47475 0.59673 -0.0187549 0.802223 117.565
0.79254 0.0270595 -0.609219 -102.969 -0.00945795 0.99944 0.0320878 -1.47708 0.609747 -0.0196689 0.792352 117.772
0.781336 0.0285061 -0.623459 -103.139 -0.011111 0.999433 0.0317719 -1.47743 0.624011 -0.0178973 0.78121 117.953
0.76717 0.0276283 -0.640848 -103.319 -0.0110659 0.999493 0.029843 -1.48202 0.641348 -0.0158031 0.767087 118.123
0.752961 0.0256268 -0.657566 -103.482 -0.0122646 0.999614 0.0249132 -1.48454 0.657951 -0.0106939 0.752985 118.278
0.738628 0.021935 -0.673756 -103.629 -0.0117337 0.999737 0.0196844 -1.48779 0.674011 -0.00663379 0.738692 118.408
0.723273 0.0220307 -0.690211 -103.8 -0.0153192 0.999757 0.0158579 -1.4868 0.690392 -0.000896098 0.723435 118.541
0.707561 0.0259511 -0.706176 -103.966 -0.0229878 0.999642 0.0137026 -1.48406 0.706278 0.00653798 0.707904 118.662
0.690863 0.028173 -0.722437 -104.131 -0.0261578 0.99956 0.0139655 -1.47672 0.722513 0.00924913 0.691296 118.778
0.672381 0.0268207 -0.739719 -104.305 -0.0227464 0.99962 0.0155685 -1.47783 0.739856 0.00635802 0.672736 118.908
0.653462 0.0259586 -0.756514 -104.474 -0.0199337 0.999655 0.0170833 -1.47518 0.756697 0.00391684 0.653754 119.035
0.631078 0.0278322 -0.77522 -104.663 -0.0194688 0.99961 0.0200395 -1.4762 0.775475 0.00244613 0.631374 119.14
0.608826 0.0323556 -0.792644 -104.848 -0.0230307 0.999468 0.0231084 -1.46909 0.792969 0.00418615 0.609247 119.251
0.583388 0.036913 -0.811354 -105.05 -0.0251051 0.999309 0.0274128 -1.46695 0.811806 0.00437684 0.583911 119.343
0.558674 0.0401789 -0.828413 -105.246 -0.0266326 0.99918 0.0305005 -1.46498 0.82896 0.00502299 0.559286 119.437
0.533648 0.0433609 -0.844594 -105.434 -0.0295639 0.999031 0.0326099 -1.46508 0.84519 0.00756727 0.534413 119.516
0.506972 0.0478217 -0.860635 -105.638 -0.0334829 0.998799 0.0357753 -1.46169 0.861312 0.0106794 0.507965 119.591
0.480046 0.0513506 -0.875739 -105.844 -0.035584 0.998604 0.0390493 -1.46064 0.876521 0.0124168 0.481203 119.67
0.451124 0.0511825 -0.890993 -106.047 -0.0342637 0.998611 0.0400163 -1.46434 0.891803 0.0124764 0.452251 119.739
0.419058 0.0485312 -0.906661 -106.263 -0.0335409 0.998716 0.0379561 -1.46447 0.90734 0.0145045 0.420148 119.8
0.386026 0.0444305 -0.921418 -106.497 -0.0331235 0.998863 0.0342879 -1.46029 0.921893 0.0172845 0.387058 119.862
0.34728 0.0422637 -0.936809 -106.752 -0.0323862 0.998929 0.0330604 -1.45453 0.937202 0.0188585 0.348277 119.912
0.306553 0.0412995 -0.950957 -107.028 -0.0310147 0.998961 0.0333863 -1.44588 0.951348 0.019259 0.307516 119.962
0.263612 0.0396583 -0.963813 -107.324 -0.0295433 0.999018 0.0330265 -1.43632 0.964176 0.019768 0.264524 120.005
0.216635 0.0371049 -0.975547 -107.625 -0.0279746 0.999103 0.0317887 -1.42562 0.975852 0.020404 0.217479 120.028
0.169141 0.0351192 -0.984966 -107.95 -0.0265597 0.999164 0.0310645 -1.41522 0.985234 0.0209062 0.169932 120.046
0.118648 0.0347067 -0.99233 -108.297 -0.0251188 0.999174 0.0319427 -1.40326 0.992619 0.0211362 0.119422 120.038
0.0669697 0.0360528 -0.997103 -108.64 -0.0233233 0.99913 0.0345596 -1.39214 0.997482 0.0209413 0.0677523 120.012
0.0138228 0.0384916 -0.999163 -109.012 -0.0192783 0.999083 0.0382218 -1.38153 0.999719 0.0187339 0.0145522 119.98
-0.0392772 0.0408215 -0.998394 -109.371 -0.0144486 0.999038 0.0414162 -1.375 0.999124 0.0160521 -0.0386496 119.927
-0.0927144 0.0424918 -0.994786 -109.763 -0.00961566 0.999004 0.0435681 -1.36289 0.995646 0.0136049 -0.0922135 119.848
-0.145721 0.0443571 -0.988331 -110.16 -0.00532355 0.998945 0.0456184 -1.35397 0.989312 0.011909 -0.145331 119.751
-0.197092 0.0458055 -0.979314 -110.552 -0.00202047 0.998887 0.0471276 -1.33941 0.980383 0.0112671 -0.19678 119.622
-0.246368 0.047231 -0.968025 -110.979 0.00203438 0.998835 0.0482165 -1.32274 0.969174 0.00990967 -0.246177 119.476
-0.295317 0.0489346 -0.954145 -111.396 0.00800686 0.998779 0.0487455 -1.30801 0.955366 0.00675565 -0.295348 119.313
-0.342011 0.050446 -0.938341 -111.82 0.0137528 0.99872 0.0486794 -1.29482 0.939595 0.00374404 -0.342267 119.125
-0.386219 0.0523278 -0.920922 -112.266 0.0192724 0.998629 0.0486607 -1.2789 0.922206 0.0010453 -0.386698 118.901
-0.428659 0.0536796 -0.90187 -112.705 0.023617 0.998558 0.0482094 -1.25987 0.903157 -0.000634038 -0.429309 118.666
-0.467128 0.054682 -0.882497 -113.158 0.0268026 0.998503 0.0476828 -1.24202 0.883783 -0.00137923 -0.467894 118.396
-0.501358 0.0551018 -0.863483 -113.613 0.0284286 0.99848 0.04721 -1.22329 0.864773 -0.000878509 -0.502163 118.097
-0.530162 0.0546887 -0.846131 -114.089 0.0287856 0.998503 0.0465009 -1.20401 0.847408 0.000296593 -0.530943 117.767
-0.552916 0.053293 -0.831531 -114.544 0.0278949 0.998577 0.0454506 -1.18453 0.83277 0.00193495 -0.553616 117.435
