1 8.43646e-10 -1.15537e-10 0 3.29294e-10 1 1.62786e-10 3.72529e-09 1.16223e-10 5.46116e-11 1 0
0.99999 -0.00315023 -0.00332613 -0.00327424 0.00314681 0.999995 -0.00103152 -0.0253108 0.00332936 0.00102104 0.999994 0.679692
0.999967 -0.00283912 -0.00756238 -0.00858187 0.00282091 0.999993 -0.00241748 -0.0384825 0.0075692 0.00239607 0.999968 1.39019
0.999927 -0.00227163 -0.0118865 -0.0195357 0.00223809 0.999994 -0.00283459 -0.0502474 0.0118929 0.00280778 0.999925 2.10284
0.999863 -0.00125805 -0.016499 -0.035813 0.0012031 0.999994 -0.00334044 -0.0591246 0.0165031 0.00332013 0.999858 2.82964
0.999748 -0.00235711 -0.0223169 -0.0508352 0.00228481 0.999992 -0.00326423 -0.0734096 0.0223244 0.00321242 0.999746 3.57389
0.999648 -0.00097455 -0.0265308 -0.0804143 0.000859063 0.99999 -0.00436403 -0.087527 0.0265348 0.0043397 0.999639 4.33404
0.999479 0.00230263 -0.0321979 -0.114091 -0.00247175 0.999983 -0.00521369 -0.103351 0.0321854 0.00529056 0.999468 5.10673
0.999351 0.00377835 -0.0358224 -0.152616 -0.00393711 0.999983 -0.00436221 -0.113951 0.0358053 0.00450042 0.999349 5.89546
0.999184 0.00370886 -0.0402232 -0.190702 -0.00377791 0.999992 -0.00164093 -0.127926 0.0402168 0.00179155 0.999189 6.68954
0.999085 0.00279885 -0.0426928 -0.229162 -0.00277325 0.999996 0.000658876 -0.145739 0.0426944 -0.000539875 0.999088 7.49297
0.998981 0.00405195 -0.0449458 -0.27608 -0.00401089 0.999992 0.00100374 -0.159038 0.0449495 -0.000822446 0.998989 8.33349
0.998877 0.00421347 -0.0472048 -0.318084 -0.00421883 0.999991 -1.39603e-05 -0.169585 0.0472043 0.000213093 0.998885 9.14203
0.99876 0.00136454 -0.0497747 -0.364608 -0.00139255 0.999999 -0.000528152 -0.185951 0.0497739 0.00059681 0.99876 9.9845
0.998628 0.00156436 -0.0523496 -0.4008 -0.00153265 0.999999 0.000645927 -0.197619 0.0523505 -0.000564808 0.998629 10.8209
0.998571 -0.000923357 -0.0534344 -0.459322 0.000922547 1 -3.98114e-05 -0.214057 0.0534344 -9.54172e-06 0.998571 11.6969
0.998462 0.00138153 -0.0554169 -0.508213 -0.00148935 0.999997 -0.00190441 -0.227938 0.0554141 0.00198402 0.998462 12.5467
0.99838 0.00277716 -0.0568312 -0.559735 -0.00304929 0.999984 -0.00470229 -0.248065 0.0568172 0.00486797 0.998373 13.4089
0.998297 0.00666856 -0.0579532 -0.625055 -0.00704816 0.999955 -0.00634814 -0.262032 0.0579082 0.0067458 0.998299 14.2852
0.99823 0.00780651 -0.0589626 -0.685339 -0.0081924 0.999947 -0.00630586 -0.279586 0.0589102 0.00677774 0.99824 15.1711
0.998133 0.00697431 -0.0606808 -0.738383 -0.00728216 0.999962 -0.00485366 -0.298263 0.0606446 0.00528648 0.998146 16.0688
0.998138 0.00703514 -0.0605974 -0.80264 -0.00725087 0.999968 -0.00334091 -0.315813 0.060572 0.00377408 0.998157 16.9641
0.99807 0.00722753 -0.0616833 -0.855012 -0.00743851 0.999967 -0.00319135 -0.338522 0.0616582 0.00364402 0.998091 17.8731
0.997989 0.00730265 -0.0629614 -0.926463 -0.00758803 0.999962 -0.00429473 -0.354308 0.0629276 0.00476385 0.998007 18.7822
0.997928 0.00602219 -0.0640665 -0.980816 -0.00630232 0.999972 -0.00417135 -0.376179 0.0640396 0.00456647 0.997937 19.6939
0.99776 0.00618379 -0.0666058 -1.0377 -0.00635428 0.999977 -0.00234822 -0.394478 0.0665898 0.00276619 0.997777 20.6189
0.997849 0.00702412 -0.0651717 -1.11231 -0.00697695 0.999975 0.000951384 -0.407347 0.0651768 -0.000494638 0.997874 21.5528
0.997918 0.00738122 -0.0640779 -1.17325 -0.00708759 0.999963 0.00480855 -0.423119 0.064111 -0.00434438 0.997933 22.5017
0.997998 0.00653802 -0.0629141 -1.23485 -0.00607937 0.999954 0.00747884 -0.434868 0.06296 -0.00708139 0.997991 23.4442
0.998155 0.00552937 -0.0604718 -1.29562 -0.00504308 0.999954 0.00819115 -0.443685 0.0605143 -0.00787107 0.998136 24.3774
0.998246 0.00626535 -0.0588703 -1.35563 -0.00596865 0.999969 0.00521422 -0.456199 0.0589012 -0.0048537 0.998252 25.3276
0.998331 0.00762599 -0.0572389 -1.41774 -0.00759315 0.999971 0.000791286 -0.465779 0.0572432 -0.000355343 0.99836 26.2792
0.998359 0.00693768 -0.0568484 -1.4689 -0.0070891 0.999972 -0.0024624 -0.480041 0.0568297 0.00286136 0.99838 27.2205
0.998447 0.00487885 -0.0554895 -1.52544 -0.00496922 0.999987 -0.00149073 -0.496387 0.0554815 0.00176416 0.998458 28.1972
0.998487 0.00166976 -0.0549594 -1.57996 -0.00148424 0.999993 0.00341613 -0.511334 0.0549647 -0.00332939 0.998483 29.1812
0.99839 -0.00212844 -0.0566847 -1.62983 0.00252335 0.999973 0.00689604 -0.523197 0.0566685 -0.00702797 0.998368 30.1401
0.998259 -0.010046 -0.0581199 -1.68016 0.0104248 0.999926 0.0062177 -0.541903 0.0580532 -0.00681276 0.99829 31.1342
0.998234 -0.0116606 -0.0582558 -1.74162 0.0118328 0.999927 0.00261319 -0.553285 0.058221 -0.0032979 0.998298 32.1167
0.998156 -0.0116186 -0.0595864 -1.79786 0.0115501 0.999932 -0.00149279 -0.568741 0.0595997 0.000801806 0.998222 33.0889
0.998058 -0.0110966 -0.061296 -1.86793 0.0109735 0.999937 -0.00234372 -0.580349 0.0613181 0.00166653 0.998117 34.0576
0.99799 -0.0128902 -0.0620504 -1.93407 0.012883 0.999917 -0.000515579 -0.602915 0.0620519 -0.000284852 0.998073 35.0574
0.997874 -0.0108894 -0.0642579 -2.00001 0.0110084 0.999938 0.00149842 -0.614318 0.0642376 -0.00220262 0.997932 36.0756
0.997786 -0.0092508 -0.065858 -2.07202 0.00949098 0.999949 0.00333499 -0.633181 0.0658238 -0.00395267 0.997824 37.0814
0.997745 -0.00945743 -0.0664495 -2.14492 0.00985867 0.999935 0.00571288 -0.642841 0.0663911 -0.00635511 0.997774 38.0689
0.99783 -0.00854293 -0.0652898 -2.22236 0.00914701 0.999918 0.00895901 -0.666233 0.0652079 -0.00953678 0.997826 39.0791
0.997914 -0.00414187 -0.0644198 -2.29849 0.00485604 0.999928 0.0109336 -0.666487 0.0643699 -0.0112236 0.997863 40.0926
0.997882 -0.00319105 -0.0649801 -2.36379 0.00388464 0.999937 0.0105503 -0.680696 0.0649423 -0.0107804 0.997831 41.0804
0.997857 -0.00413367 -0.0653028 -2.42474 0.00471607 0.999951 0.00876688 -0.692328 0.0652633 -0.00905607 0.997827 42.0667
0.997819 -0.000962205 -0.0660102 -2.49022 0.00139225 0.999978 0.00646915 -0.704661 0.0660026 -0.00654695 0.997798 43.066
0.997741 -0.00181172 -0.0671484 -2.56095 0.00225438 0.999976 0.00651718 -0.715849 0.067135 -0.00665384 0.997722 44.0463
0.997693 -0.00354808 -0.0677884 -2.63216 0.00407614 0.999962 0.00765301 -0.732335 0.0677587 -0.00791167 0.99767 45.0294
0.997666 -0.00343845 -0.0681923 -2.70601 0.00403628 0.999955 0.00863094 -0.744246 0.0681595 -0.00888604 0.997635 46.0355
0.997586 -0.00173044 -0.0694188 -2.78091 0.00216964 0.999978 0.00625188 -0.76432 0.0694065 -0.0063874 0.997568 46.9934
0.997495 9.47046e-05 -0.0707412 -2.85656 -2.6421e-05 1 0.000966181 -0.773845 0.0707413 -0.000961892 0.997494 47.9799
0.997516 0.000646173 -0.0704451 -2.93824 -0.000660826 1 -0.000184721 -0.794065 0.0704449 0.000230814 0.997516 48.9497
0.997474 -0.000445047 -0.0710311 -3.00693 0.000647545 0.999996 0.00282783 -0.808221 0.0710296 -0.00286668 0.99747 49.9116
0.997418 -0.00378243 -0.0717175 -3.08118 0.00428255 0.999968 0.00682094 -0.830962 0.0716894 -0.00711046 0.997402 50.905
0.997323 -0.00472051 -0.0729694 -3.14903 0.00528422 0.999958 0.00753407 -0.841022 0.0729308 -0.00789949 0.997306 51.857
0.997263 -0.00822402 -0.0734731 -3.22285 0.00872034 0.999941 0.00643684 -0.85572 0.0734159 -0.00705993 0.997276 52.8107
0.997289 -0.0111103 -0.0727425 -3.2922 0.0114725 0.999924 0.00456384 -0.877542 0.0726863 -0.005386 0.99734 53.7833
0.997207 -0.0119215 -0.0737261 -3.35568 0.0123664 0.999908 0.0055809 -0.888256 0.0736528 -0.00647704 0.997263 54.7168
0.997113 -0.0149599 -0.074451 -3.42815 0.015741 0.999827 0.00991648 -0.899955 0.0742898 -0.0110598 0.997175 55.6833
0.997007 -0.0174979 -0.0753092 -3.49322 0.018672 0.999714 0.0149158 -0.91624 0.0750267 -0.0162774 0.997049 56.6306
0.996989 -0.0159284 -0.0758861 -3.56763 0.0172767 0.999704 0.0171441 -0.913511 0.0755906 -0.0184036 0.996969 57.573
0.996824 -0.0156175 -0.0780948 -3.65256 0.0167165 0.99977 0.0134384 -0.921392 0.0778669 -0.0147012 0.996855 58.5402
0.99678 -0.0122543 -0.0792424 -3.72776 0.0127776 0.9999 0.00610026 -0.936415 0.0791597 -0.00709315 0.996837 59.4305
0.996777 -0.0112318 -0.0794347 -3.81005 0.0113244 0.999936 0.000714963 -0.95431 0.0794215 -0.00161221 0.99684 60.3325
0.99679 -0.00555524 -0.0798648 -3.89698 0.00567215 0.999983 0.00123703 -0.964705 0.0798566 -0.00168606 0.996805 61.2622
0.996745 -0.00402674 -0.0805236 -3.97519 0.00433723 0.999984 0.00368134 -0.984972 0.0805075 -0.00401861 0.996746 62.1419
0.996584 -0.00211263 -0.0825571 -4.0543 0.00257459 0.999982 0.00548957 -1.0034 0.082544 -0.00568337 0.996571 63.0226
0.9965 -0.000859458 -0.0835916 -4.13201 0.00130076 0.999986 0.00522496 -1.0215 0.0835859 -0.0053154 0.996486 63.9078
0.996353 0.000265095 -0.0853274 -4.21226 0.000216532 0.999984 0.00563514 -1.03476 0.0853276 -0.00563306 0.996337 64.7325
0.996265 0.00130142 -0.0863458 -4.29181 -0.000777172 0.999981 0.00610482 -1.05299 0.0863521 -0.00601491 0.996247 65.5956
0.996131 0.00129005 -0.0878715 -4.36589 -0.000726465 0.999979 0.00644541 -1.06833 0.087878 -0.00635663 0.996111 66.4093
0.99604 0.000958569 -0.0889072 -4.44424 -0.000276999 0.99997 0.00767811 -1.08423 0.0889119 -0.00762307 0.99601 67.2238
0.995915 0.00359702 -0.0902266 -4.52444 -0.00269581 0.999945 0.0101081 -1.09436 0.090258 -0.00982359 0.99587 68.0493
0.995759 0.00466916 -0.091882 -4.60654 -0.0034288 0.999901 0.0136527 -1.10106 0.0919366 -0.0132797 0.995676 68.8226
0.99549 0.00668877 -0.0946337 -4.68462 -0.00523589 0.999865 0.0155926 -1.11097 0.0947252 -0.0150268 0.99539 69.6043
0.995373 0.00940328 -0.0956269 -4.77042 -0.00829669 0.999894 0.011963 -1.12423 0.0957292 -0.0111143 0.995345 70.3544
0.995252 0.0108045 -0.0967275 -4.84469 -0.0104457 0.999937 0.00421495 -1.13886 0.0967669 -0.00318455 0.995302 71.0649
0.995228 0.00922511 -0.0971403 -4.92212 -0.00942368 0.999954 -0.0015856 -1.15261 0.0971212 0.00249345 0.995269 71.7693
0.995258 0.0120292 -0.0965214 -4.99774 -0.0123956 0.999918 -0.00319685 -1.16511 0.096475 0.00437813 0.995326 72.4506
0.99515 0.0129171 -0.0975189 -5.06714 -0.0129118 0.999916 0.000685013 -1.17837 0.0975195 0.000577454 0.995234 73.1322
0.995016 0.012015 -0.0989897 -5.13929 -0.0117945 0.999927 0.00281291 -1.19817 0.0990162 -0.00163136 0.995085 73.7712
0.994952 0.00963288 -0.0998909 -5.19251 -0.00973519 0.999952 -0.000536885 -1.2174 0.099881 0.00150663 0.994998 74.3966
0.99499 0.00255174 -0.0999405 -5.2498 -0.00311394 0.99998 -0.00546977 -1.23936 0.0999246 0.00575358 0.994978 75.0204
0.995119 -0.00129151 -0.0986738 -5.30883 0.000244254 0.999944 -0.0106247 -1.25734 0.098682 0.0105488 0.995063 75.6175
0.995412 0.000737978 -0.0956811 -5.35903 -0.00181878 0.999936 -0.0112091 -1.27501 0.0956666 0.0113317 0.995349 76.1846
0.995796 0.00580471 -0.0914139 -5.4202 -0.00662469 0.999941 -0.00866909 -1.286 0.0913581 0.00923823 0.995775 76.7523
0.996286 0.00453266 -0.0859833 -5.47179 -0.00505611 0.99997 -0.00587103 -1.30677 0.0859541 0.00628397 0.996279 77.2849
0.996863 5.61354e-06 -0.0791458 -5.50359 -0.00012236 0.999999 -0.00147022 -1.32294 0.0791457 0.00147529 0.996862 77.8166
0.997567 -0.0049592 -0.0695409 -5.53635 0.00510431 0.999985 0.00190911 -1.34304 0.0695304 -0.00225942 0.997577 78.3502
0.998286 -0.00143538 -0.0585016 -5.55771 0.00157372 0.999996 0.00231857 -1.35837 0.058498 -0.00240666 0.998285 78.8697
0.999075 0.00356646 -0.0428602 -5.5846 -0.00348655 0.999992 0.00193888 -1.36857 0.0428668 -0.00178765 0.999079 79.359
0.999679 0.00838833 -0.0238965 -5.59584 -0.00833345 0.999962 0.0023951 -1.37465 0.0239157 -0.00219519 0.999712 79.8425
0.99997 0.00726221 -0.00283475 -5.58059 -0.00725273 0.999968 0.00333967 -1.385 0.00285891 -0.00331901 0.999991 80.3208
0.999725 0.00297353 0.0232774 -5.5496 -0.00307986 0.999985 0.00453377 -1.39647 -0.0232635 -0.00460421 0.999719 80.7872
0.998594 0.00186565 0.0529729 -5.51211 -0.00220039 0.999978 0.00626149 -1.40657 -0.05296 -0.00636925 0.998576 81.2309
0.996275 0.000885628 0.0862258 -5.44829 -0.00155554 0.999969 0.00770248 -1.41451 -0.0862163 -0.00780792 0.996246 81.6776
0.99222 0.000305209 0.124495 -5.3677 -0.00136517 0.999964 0.0084289 -1.42068 -0.124488 -0.00853328 0.992185 82.1284
0.98631 0.000239634 0.1649 -5.26512 -0.00173534 0.999959 0.00892636 -1.42612 -0.164891 -0.00909031 0.98627 82.5454
0.977855 -0.000259971 0.209283 -5.14997 -0.0016397 0.999959 0.00890351 -1.43254 -0.209277 -0.0090495 0.977815 82.9641
0.96605 0.00141638 0.258352 -5.00979 -0.00342318 0.999967 0.00731804 -1.44142 -0.258333 -0.00795398 0.966023 83.3813
0.950266 0.00193398 0.311432 -4.84856 -0.00380478 0.999978 0.00539963 -1.45161 -0.311415 -0.00631602 0.950253 83.7525
0.930267 0.00177695 0.366878 -4.66029 -0.00335234 0.999988 0.00365694 -1.45876 -0.366867 -0.00463183 0.930262 84.1376
0.906807 0.0020921 0.42154 -4.46034 -0.00329255 0.999992 0.0021199 -1.46446 -0.421533 -0.00331029 0.906807 84.4553
0.878443 0.00218257 0.477842 -4.22976 -0.00266846 0.999996 0.000338044 -1.46347 -0.477839 -0.00157205 0.878446 84.7764
0.846348 -0.000160021 0.532631 -3.96819 0.000603573 1 -0.000658638 -1.47692 -0.53263 0.000878917 0.846348 85.0891
0.809461 -0.000950966 0.587174 -3.71584 0.00201299 0.999997 -0.00115549 -1.48521 -0.587171 0.0021173 0.80946 85.3648
0.769394 -0.003005 0.638768 -3.42464 0.00339855 0.999994 0.000610797 -1.49634 -0.638766 0.00170094 0.769399 85.6358
0.727002 -0.00380789 0.686625 -3.14138 0.00239151 0.999993 0.00301363 -1.49874 -0.686631 -0.000548847 0.727006 85.8757
0.681973 -0.00496987 0.731361 -2.83927 0.00309824 0.999988 0.00390627 -1.50099 -0.731371 -0.000398043 0.68198 86.1001
0.635341 -0.0067825 0.772202 -2.4999 0.00651101 0.999973 0.00342605 -1.50874 -0.772204 0.0028511 0.635368 86.32
0.588722 -0.00973118 0.808277 -2.1835 0.0107771 0.999933 0.00418897 -1.52232 -0.808264 0.00624471 0.588787 86.4844
0.539358 -0.00821565 0.842037 -1.83131 0.00933748 0.999949 0.00377536 -1.52753 -0.842025 0.00582623 0.539407 86.6693
0.49335 -0.00578486 0.869812 -1.50571 0.00576329 0.999978 0.00338166 -1.5303 -0.869812 0.00334464 0.493372 86.8039
0.44779 -0.00345911 0.894132 -1.16372 0.00366776 0.999991 0.0020318 -1.53696 -0.894131 0.00236964 0.447798 86.9461
0.406417 -0.00534377 0.913672 -0.798002 0.0107235 0.999942 0.00107834 -1.53832 -0.913625 0.00935949 0.406451 87.0636
0.368538 -0.0139376 0.929508 -0.438335 0.0244588 0.999687 0.00529235 -1.5509 -0.929291 0.0207842 0.368764 87.1424
0.337539 -0.0183147 0.941133 -0.0827493 0.0301623 0.999508 0.00863294 -1.54942 -0.940828 0.0254728 0.337925 87.2282
0.305987 -0.0147804 0.951921 0.287912 0.0265911 0.999622 0.00697358 -1.55556 -0.951664 0.0231788 0.306264 87.3243
0.276793 -0.00652428 0.960908 0.647281 0.0160575 0.999869 0.0021634 -1.56014 -0.960796 0.014831 0.276861 87.4338
0.248903 -0.00150688 0.968527 1.03239 0.0103706 0.999946 -0.00110939 -1.57147 -0.968473 0.0103203 0.248905 87.5244
0.222635 8.03687e-05 0.974902 1.43658 0.0117465 0.999927 -0.00276494 -1.58359 -0.974831 0.0120672 0.222618 87.602
0.202066 0.000924715 0.979372 1.83364 0.0193744 0.9998 -0.00494139 -1.59022 -0.97918 0.0199733 0.202008 87.6483
0.184363 0.00629303 0.982838 2.21407 0.0259525 0.9996 -0.0112686 -1.59321 -0.982515 0.0275846 0.184126 87.707
0.163466 0.0135863 0.986456 2.64769 0.0256527 0.999509 -0.018017 -1.59134 -0.986215 0.0282504 0.163037 87.7668
0.14535 0.0145373 0.989274 3.0797 0.0231708 0.999568 -0.0180929 -1.59876 -0.989109 0.0255521 0.14495 87.8211
0.12903 0.0102935 0.991587 3.53949 0.0234311 0.999635 -0.013426 -1.61044 -0.991364 0.0249663 0.128742 87.877
0.114603 0.00662384 0.993389 4.0188 0.024106 0.999665 -0.0094467 -1.62694 -0.993119 0.0250293 0.114405 87.93
0.102095 0.00428645 0.994766 4.48352 0.025765 0.999644 -0.0069518 -1.64021 -0.994441 0.0263399 0.101949 87.9714
0.0901677 0.00328599 0.995921 4.98145 0.0300666 0.99953 -0.00602003 -1.65209 -0.995473 0.0304867 0.0900265 88.0069
0.0810864 0.00352532 0.996701 5.48163 0.0325875 0.99945 -0.0061862 -1.66052 -0.996174 0.0329816 0.0809269 88.0329
0.0742813 0.00401079 0.99723 6.00978 0.0348633 0.99937 -0.00661629 -1.67367 -0.996628 0.0352582 0.0740947 88.0753
0.0678552 0.00407686 0.997687 6.56417 0.0365208 0.999311 -0.00656737 -1.681 -0.997027 0.036882 0.0676596 88.1109
0.0603807 0.00487224 0.998164 7.1179 0.0374794 0.999272 -0.00714484 -1.69124 -0.997472 0.037842 0.0601541 88.152
0.0548673 0.0056637 0.998478 7.69545 0.0372357 0.999277 -0.00771437 -1.69832 -0.997799 0.0376023 0.0546168 88.1731
0.0512951 0.00577679 0.998667 8.31422 0.0402207 0.99916 -0.00784552 -1.70827 -0.997873 0.0405696 0.0510197 88.1965
0.0477896 0.00544532 0.998843 8.91238 0.0415421 0.999109 -0.00743435 -1.72194 -0.997993 0.0418493 0.0475208 88.2242
0.0448828 0.0050687 0.99898 9.55761 0.0429806 0.999051 -0.00700013 -1.73654 -0.998067 0.0432509 0.0446223 88.2469
0.0402902 0.00412414 0.99918 10.2071 0.0448769 0.998975 -0.00593288 -1.74681 -0.99818 0.0450791 0.0400638 88.2763
0.0413275 0.00336653 0.99914 10.8736 0.0485387 0.998807 -0.00537311 -1.7594 -0.997966 0.048719 0.0411148 88.2909
0.0410729 0.00284395 0.999152 11.5847 0.05194 0.998638 -0.00497762 -1.77303 -0.997805 0.0521004 0.0408692 88.3205
0.0430466 0.00274965 0.999069 12.2881 0.0537849 0.99854 -0.0050656 -1.7848 -0.997624 0.0539529 0.0428358 88.3469
0.0478732 0.00265818 0.99885 13.0123 0.0556925 0.998434 -0.00532632 -1.79676 -0.9973 0.0558834 0.0476501 88.3782
0.0510073 0.00232078 0.998696 13.7474 0.0565256 0.998388 -0.00520705 -1.80677 -0.997097 0.0567175 0.0507939 88.4268
0.0559269 0.000858643 0.998435 14.5087 0.0579336 0.998312 -0.00410367 -1.81987 -0.996753 0.0580725 0.0557828 88.4569
0.0594494 -0.000833048 0.998231 15.2494 0.0579947 0.998313 -0.00262075 -1.83062 -0.996545 0.0580479 0.0593975 88.5062
0.0624862 -0.00292321 0.998042 16.0654 0.0553387 0.998468 -0.000540228 -1.84225 -0.996511 0.0552641 0.0625522 88.5676
0.0658804 -0.00422285 0.997819 16.8685 0.054046 0.998538 0.000657534 -1.85332 -0.996363 0.0538848 0.0660123 88.6276
0.0696706 -0.00373324 0.997563 17.6908 0.0522706 0.998633 8.66203e-05 -1.86586 -0.9962 0.0521372 0.0697704 88.6932
0.0734619 0.000201003 0.997298 18.4952 0.0501101 0.998736 -0.00389245 -1.88745 -0.996038 0.0502606 0.073359 88.7545
0.0742677 0.0057775 0.997222 19.2811 0.0450224 0.998944 -0.0091405 -1.89807 -0.996222 0.0455762 0.0739292 88.8338
0.0741054 0.0090821 0.997209 20.092 0.0414861 0.999065 -0.0121819 -1.92304 -0.996387 0.0422731 0.0736593 88.8968
0.073895 0.00866787 0.997229 20.905 0.0392952 0.99916 -0.0115965 -1.94069 -0.996492 0.0400432 0.0734924 88.9617
0.073921 0.00703953 0.997239 21.7222 0.0374465 0.99925 -0.00982947 -1.96537 -0.996561 0.0380698 0.073602 89.0287
0.0729518 0.00527181 0.997322 22.4969 0.0373102 0.999272 -0.00801127 -1.99112 -0.996637 0.0377948 0.072702 89.0945
0.0739404 0.00462609 0.997252 23.3439 0.0354993 0.999343 -0.00726786 -2.01461 -0.996631 0.0359391 0.0737276 89.1594
0.073217 0.00463318 0.997305 24.1578 0.0333594 0.999418 -0.00709207 -2.0367 -0.996758 0.0337888 0.0730198 89.2242
0.0741832 0.00540658 0.99723 24.9626 0.0310199 0.999489 -0.00772637 -2.05971 -0.996762 0.0315072 0.0739776 89.2926
0.0731045 0.00667156 0.997302 25.7743 0.0274668 0.999585 -0.00870021 -2.08269 -0.996946 0.0280287 0.0728909 89.356
0.0700731 0.00662431 0.99752 26.5612 0.0246303 0.999662 -0.00836875 -2.10534 -0.997238 0.0251557 0.0698862 89.4267
0.0667776 0.00533583 0.997754 27.3818 0.0220983 0.999733 -0.0068254 -2.12819 -0.997523 0.0225044 0.0666418 89.4826
0.0626745 0.00321071 0.998029 28.1629 0.019724 0.999796 -0.00445503 -2.1506 -0.997839 0.0199643 0.0625983 89.5388
0.0566211 0.00106759 0.998395 28.983 0.0186309 0.999824 -0.00212572 -2.1686 -0.998222 0.0187214 0.0565913 89.5906
0.0501802 0.00101155 0.99874 29.7623 0.0174303 0.999846 -0.00188843 -2.19207 -0.998588 0.0175031 0.0501548 89.6375
0.0407891 0.00163307 0.999167 30.585 0.0166715 0.999858 -0.00231478 -2.20825 -0.999029 0.0167521 0.0407561 89.6693
0.0302868 0.00181301 0.99954 31.3958 0.0168401 0.999856 -0.00232385 -2.22832 -0.999399 0.0169027 0.0302519 89.6945
0.0222572 0.00123881 0.999752 32.1623 0.0172733 0.99985 -0.00162349 -2.24388 -0.999603 0.0173052 0.0222325 89.7084
0.0110123 -0.000215524 0.99994 32.9815 0.0167846 0.999859 3.06586e-05 -2.26066 -0.999798 0.0167833 0.0110143 89.7209
-0.000979161 -0.000730764 0.999999 33.7565 0.0176023 0.999845 0.000747887 -2.28041 -0.999845 0.0176031 -0.000966144 89.7201
-0.0118583 -0.000733601 0.99993 34.5446 0.0178634 0.99984 0.00094538 -2.29757 -0.99977 0.0178734 -0.0118433 89.7125
-0.0236386 -0.000557913 0.999721 35.3202 0.0176182 0.999844 0.00097457 -2.31264 -0.999565 0.0176363 -0.0236251 89.6945
-0.0351755 0.000455108 0.999381 36.1074 0.018289 0.999833 0.000188407 -2.32836 -0.999214 0.0182843 -0.0351779 89.6719
-0.046062 0.00165974 0.998937 36.8738 0.0173807 0.999849 -0.000859808 -2.34776 -0.998787 0.0173226 -0.0460839 89.6226
-0.055831 0.00227356 0.998438 37.6269 0.0184152 0.99983 -0.00124698 -2.36371 -0.99827 0.0183168 -0.0558634 89.59
-0.0649375 0.00254599 0.997886 38.3607 0.0194395 0.99981 -0.00128587 -2.37949 -0.9977 0.0193149 -0.0649746 89.5343
-0.0751417 0.00319183 0.997168 39.1083 0.0192642 0.999813 -0.00174863 -2.39881 -0.996987 0.0190783 -0.0751891 89.4781
-0.0836776 0.00244812 0.99649 39.8424 0.0210272 0.999779 -0.00069049 -2.41585 -0.996271 0.0208957 -0.0837106 89.4135
-0.0907118 0.00135417 0.995876 40.5639 0.0227721 0.999741 0.00071483 -2.43186 -0.995617 0.022743 -0.0907191 89.3457
-0.0963208 -0.000348034 0.99535 41.2805 0.0259945 0.999658 0.00286505 -2.44939 -0.995011 0.0261496 -0.0962788 89.2794
-0.100776 -0.00215405 0.994907 41.9826 0.0296669 0.999547 0.00516912 -2.46457 -0.994467 0.0300367 -0.100667 89.2045
-0.10433 -0.00346781 0.994537 42.6763 0.0306265 0.999509 0.00669796 -2.47911 -0.994071 0.031158 -0.104172 89.1282
-0.106098 -0.00443288 0.994346 43.3935 0.031779 0.999464 0.00784655 -2.48954 -0.993848 0.0324319 -0.1059 89.0478
-0.107502 -0.00385475 0.994197 44.0634 0.0307424 0.999501 0.00719947 -2.50117 -0.993729 0.0313379 -0.10733 88.9725
-0.107022 -0.00293216 0.994252 44.7192 0.0322652 0.999459 0.00642057 -2.51406 -0.993733 0.0327668 -0.10687 88.9076
-0.104469 -0.00163601 0.994527 45.3703 0.0333739 0.99943 0.0051498 -2.52746 -0.993968 0.0337292 -0.104355 88.8386
-0.0988285 -0.00104725 0.995104 45.982 0.0335535 0.999427 0.00438415 -2.53821 -0.994539 0.0338225 -0.0987368 88.7846
-0.0918567 -0.000451983 0.995772 46.607 0.032936 0.999451 0.00349189 -2.55119 -0.995227 0.0331175 -0.0917914 88.7333
-0.0809813 -0.000447112 0.996716 47.1861 0.0319591 0.999485 0.00304497 -2.56249 -0.996203 0.0321007 -0.0809252 88.6953
-0.0674666 -0.000479368 0.997722 47.7499 0.0315766 0.999498 0.00261545 -2.57789 -0.997222 0.0316811 -0.0674175 88.6717
-0.0504681 0.000923913 0.998725 48.2779 0.0310715 0.999517 0.000645476 -2.58981 -0.998242 0.0310645 -0.0504724 88.6612
-0.0288724 0.00339801 0.999578 48.8196 0.0299485 0.999548 -0.00253287 -2.60689 -0.999134 0.0298627 -0.0289611 88.6626
-0.00413063 0.0065428 0.99997 49.3413 0.0278746 0.999591 -0.00642518 -2.62156 -0.999603 0.0278473 -0.00431131 88.6781
0.0240804 0.00835581 0.999675 49.8621 0.026043 0.99962 -0.00898269 -2.63517 -0.999371 0.0262509 0.0238536 88.712
0.058184 0.00802789 0.998274 50.3733 0.0252224 0.999637 -0.00950893 -2.65035 -0.997987 0.0257321 0.0579604 88.7681
0.0954568 0.00571163 0.995417 50.8759 0.0239721 0.99968 -0.00803492 -2.6641 -0.995145 0.0246292 0.0952894 88.8458
0.137493 0.00185264 0.990501 51.3828 0.0223472 0.999738 -0.00497195 -2.68066 -0.990251 0.0228185 0.137415 88.9423
0.182783 -0.00241204 0.98315 51.8788 0.0208248 0.999782 -0.00141882 -2.69457 -0.982933 0.0207333 0.182793 89.0804
0.229391 -0.00586611 0.973317 52.3528 0.0168645 0.999856 0.00205144 -2.70775 -0.973188 0.0159439 0.229457 89.2389
0.280319 -0.00755231 0.959877 52.831 0.0141188 0.999893 0.00374395 -2.71781 -0.959803 0.0125028 0.280395 89.4151
0.335153 -0.00758324 0.942133 53.2911 0.0141801 0.999895 0.00300376 -2.72336 -0.942057 0.0123528 0.335225 89.6279
0.391501 -0.00715395 0.92015 53.7182 0.0161279 0.99987 0.00091174 -2.74112 -0.920036 0.0144831 0.391565 89.8628
0.450087 -0.00388335 0.892977 54.1191 0.0180055 0.999827 -0.00472731 -2.75319 -0.892803 0.0182062 0.450079 90.0941
0.508187 -0.000336746 0.861247 54.5162 0.0195847 0.999746 -0.0111653 -2.76985 -0.861024 0.0225413 0.508065 90.3913
0.564626 0.00420095 0.825337 54.8712 0.0163077 0.999735 -0.0162449 -2.78011 -0.825186 0.0226316 0.564407 90.684
0.619603 0.0072898 0.784882 55.2192 0.0128993 0.999727 -0.0194683 -2.79193 -0.784809 0.022187 0.61934 91.0283
0.671992 0.00872158 0.740507 55.5312 0.0112221 0.999696 -0.021958 -2.80678 -0.740473 0.0230657 0.67169 91.3693
0.718709 0.0074984 0.69527 55.814 0.0113731 0.999681 -0.022538 -2.82242 -0.695218 0.0241057 0.718395 91.7261
0.764184 0.00354854 0.644989 56.0916 0.0101225 0.999796 -0.0174937 -2.84135 -0.644919 0.0198973 0.763992 92.1291
0.805894 -0.000915625 0.59206 56.3337 0.00985492 0.999881 -0.0118679 -2.85417 -0.591978 0.015399 0.805807 92.5325
0.842978 -0.00375259 0.537935 56.5328 0.00834933 0.999947 -0.00610837 -2.86773 -0.537884 0.00964062 0.842964 92.9278
0.874474 -0.00603658 0.485035 56.7333 0.00701926 0.999975 -0.000209726 -2.8755 -0.485022 0.00358799 0.874495 93.3914
0.900756 -0.00637994 0.434278 56.8988 0.00468579 0.999977 0.00497154 -2.88993 -0.434299 -0.00244321 0.900765 93.8277
0.921468 -0.00413374 0.388432 57.0362 0.00107468 0.999967 0.00809231 -2.90326 -0.388453 -0.00703937 0.921442 94.2701
0.937446 0.00117455 0.34813 57.1696 -0.00478782 0.999943 0.00951898 -2.90525 -0.348099 -0.0105903 0.937398 94.7524
0.949568 0.00670066 0.313489 57.2796 -0.00991008 0.999914 0.00864535 -2.91167 -0.313404 -0.011316 0.949553 95.2071
0.959423 0.00865212 0.281839 57.3945 -0.0111067 0.999913 0.00711282 -2.9033 -0.281753 -0.00995451 0.959436 95.6933
0.965774 0.00406783 0.259354 57.517 -0.00641466 0.999946 0.00820308 -2.91571 -0.259307 -0.00958599 0.965747 96.1667
0.969784 0.0010603 0.243965 57.6261 -0.00321006 0.99996 0.00841436 -2.92222 -0.243946 -0.00894325 0.969748 96.6554
0.973149 0.00470379 0.230128 57.7391 -0.00674868 0.999945 0.00809963 -2.92695 -0.230077 -0.0094352 0.973127 97.1625
0.975111 0.010246 0.221482 57.8295 -0.0123465 0.999891 0.0081011 -2.92349 -0.221375 -0.010634 0.975131 97.6632
0.976443 0.0166479 0.215133 57.9221 -0.0185527 0.999805 0.00683751 -2.92692 -0.214977 -0.0106677 0.976561 98.1678
0.976916 0.0235758 0.21232 58.0163 -0.0248208 0.999687 0.00320004 -2.93028 -0.212178 -0.00839613 0.977195 98.6967
0.97709 0.0253686 0.21131 58.1279 -0.0260955 0.999659 0.000651471 -2.94179 -0.211221 -0.00615077 0.977419 99.2217
0.976628 0.0235138 0.213648 58.2547 -0.0234401 0.999721 -0.00287818 -2.95007 -0.213656 -0.00219702 0.976907 99.7742
0.975796 0.0225701 0.217515 58.3803 -0.0211409 0.999737 -0.00889577 -2.9614 -0.217658 0.00408199 0.976017 100.314
0.974813 0.0243931 0.221686 58.5135 -0.0219696 0.999669 -0.0133916 -2.97314 -0.22194 0.00818397 0.975026 100.871
0.973756 0.0277425 0.225899 58.6459 -0.0254338 0.99959 -0.0131246 -2.98201 -0.22617 0.00703469 0.974062 101.463
0.972304 0.0301012 0.231775 58.771 -0.0287001 0.999544 -0.00941529 -2.99029 -0.231953 0.00250255 0.972724 102.042
0.971296 0.0277906 0.236245 58.9236 -0.0274735 0.999612 -0.00463451 -3.00689 -0.236283 -0.00198902 0.971682 102.65
0.970427 0.0230892 0.240289 59.0818 -0.0240259 0.999711 0.000969282 -3.01919 -0.240197 -0.00671378 0.970701 103.271
0.969707 0.0201813 0.243438 59.2398 -0.0222806 0.999735 0.00587297 -3.02517 -0.243255 -0.011119 0.969899 103.878
0.969032 0.0158031 0.246428 59.4126 -0.0180149 0.999815 0.00672345 -3.03391 -0.246276 -0.0109546 0.969138 104.534
0.968851 0.0126762 0.247321 59.574 -0.014039 0.999894 0.00374763 -3.04242 -0.247247 -0.00710303 0.968927 105.156
0.969073 0.0112328 0.246518 59.7443 -0.0108418 0.999937 -0.00294356 -3.05449 -0.246535 0.00017983 0.969134 105.794
0.969265 0.0152969 0.245543 59.9084 -0.013396 0.999866 -0.00941038 -3.06578 -0.245654 0.00583186 0.96934 106.458
0.969888 0.0189766 0.242812 60.0659 -0.0163992 0.999786 -0.0126321 -3.07709 -0.243 0.00826983 0.969991 107.109
0.970488 0.0177752 0.240493 60.236 -0.0161105 0.999831 -0.0088867 -3.08725 -0.24061 0.00474998 0.97061 107.818
0.97077 0.0134386 0.239634 60.4094 -0.013465 0.999908 -0.00152693 -3.10218 -0.239633 -0.00174439 0.970862 108.53
0.971579 0.0118675 0.23642 60.5809 -0.0131477 0.999906 0.00383877 -3.11671 -0.236352 -0.00683803 0.971644 109.243
0.972004 0.0159023 0.234427 60.7491 -0.0172988 0.999843 0.00390195 -3.1288 -0.234328 -0.00784802 0.972126 109.969
0.972353 0.0212044 0.23255 60.9016 -0.0216301 0.999766 -0.000719412 -3.13706 -0.232511 -0.00433057 0.972584 110.692
0.973192 0.023375 0.228802 61.0802 -0.0226552 0.999727 -0.00577219 -3.14994 -0.228875 0.000433878 0.973456 111.454
0.974115 0.0236171 0.224814 61.2475 -0.0222731 0.999716 -0.00851319 -3.15472 -0.224952 0.00328552 0.974364 112.2
0.975019 0.0200653 0.221215 61.4158 -0.0188573 0.999794 -0.00757156 -3.1724 -0.221321 0.00321089 0.975196 112.96
0.975924 0.0169261 0.217453 61.5936 -0.0161983 0.999856 -0.00512936 -3.19041 -0.217508 0.0014835 0.976057 113.751
0.97644 0.0141699 0.215325 61.7754 -0.0139117 0.9999 -0.00271484 -3.20786 -0.215341 -0.000344658 0.976539 114.551
0.976667 0.0111272 0.214473 61.9461 -0.0112834 0.999936 -0.000495883 -3.21598 -0.214465 -0.00193567 0.97673 115.344
0.976897 0.00787659 0.213565 62.1199 -0.00834424 0.999964 0.00128838 -3.2357 -0.213548 -0.00304066 0.976928 116.135
0.976989 0.00721769 0.21317 62.2932 -0.00796747 0.999965 0.0026584 -3.24247 -0.213143 -0.00429565 0.977012 116.945
0.977005 0.0120259 0.212879 62.4683 -0.0125505 0.999921 0.00111315 -3.25912 -0.212849 -0.00375929 0.977078 117.762
0.976622 0.0179075 0.214216 62.6308 -0.0178314 0.999838 -0.00228785 -3.27082 -0.214222 -0.0015854 0.976784 118.584
0.976359 0.0265923 0.214513 62.7985 -0.0264532 0.999644 -0.00351943 -3.28549 -0.21453 -0.00223832 0.976715 119.391
0.97548 0.0324464 0.217682 62.9722 -0.0327026 0.999462 -0.00242618 -3.30008 -0.217644 -0.00475209 0.976017 120.236
0.974802 0.0337555 0.220503 63.1436 -0.0343519 0.999409 -0.00113048 -3.31221 -0.220411 -0.00647271 0.975386 121.059
0.974213 0.0355035 0.222819 63.3354 -0.035995 0.99935 -0.00185615 -3.33189 -0.22274 -0.0062121 0.974858 121.894
0.973808 0.0355529 0.224576 63.52 -0.0356438 0.999358 -0.00365082 -3.34772 -0.224562 -0.00444955 0.97445 122.725
0.973735 0.027195 0.226055 63.7224 -0.0271175 0.999626 -0.00344857 -3.36452 -0.226064 -0.00277207 0.974109 123.551
0.973965 0.0216999 0.225658 63.925 -0.0214805 0.999763 -0.00342792 -3.38402 -0.225679 -0.00150857 0.974201 124.384
0.97372 0.0195043 0.226911 64.1175 -0.0192397 0.999809 -0.00337819 -3.41093 -0.226933 -0.00107628 0.97391 125.231
0.973196 0.0228778 0.228835 64.308 -0.023293 0.999728 -0.000887016 -3.42373 -0.228793 -0.00446701 0.973465 126.059
0.972929 0.0250562 0.229741 64.4973 -0.0268016 0.999631 0.00447907 -3.43842 -0.229544 -0.0105152 0.973242 126.894
0.97265 0.0269505 0.230706 64.6869 -0.0295974 0.99953 0.00801926 -3.44918 -0.230381 -0.0146282 0.972991 127.74
0.972406 0.027022 0.231724 64.8836 -0.0283387 0.999596 0.00235491 -3.46696 -0.231567 -0.00885669 0.972779 128.581
0.972474 0.023152 0.231858 65.0807 -0.0209499 0.999709 -0.0119558 -3.48775 -0.232067 0.0067693 0.972676 129.383
0.972687 0.0217549 0.231101 65.2764 -0.0177582 0.999655 -0.0193606 -3.51979 -0.231442 0.0147278 0.972737 130.193
0.972807 0.0200095 0.230752 65.4731 -0.0177113 0.999771 -0.0120268 -3.53262 -0.230939 0.00761288 0.972938 131.034
0.973325 0.0122288 0.229105 65.6737 -0.0145097 0.999861 0.00827386 -3.54674 -0.228972 -0.0113774 0.973367 131.872
0.973532 0.00430974 0.228512 65.8713 -0.0102167 0.999643 0.0246728 -3.56257 -0.228324 -0.0263544 0.973229 132.722
0.973851 0.0098669 0.226975 66.0546 -0.0145833 0.999711 0.0191117 -3.57137 -0.22672 -0.021922 0.973713 133.536
0.97389 0.0210859 0.226038 66.225 -0.0225719 0.999737 0.00399111 -3.58432 -0.225895 -0.00898901 0.97411 134.334
0.974072 0.0232711 0.225039 66.407 -0.0227337 0.999729 -0.00497892 -3.58706 -0.225094 -0.000266161 0.974337 135.138
0.974668 0.0181344 0.222921 66.591 -0.0173433 0.999835 -0.00550593 -3.60405 -0.222984 0.00150026 0.974821 135.936
0.975313 0.0153038 0.220298 66.7662 -0.0147679 0.999883 -0.00407937 -3.62904 -0.220335 0.000725313 0.975424 136.744
0.976027 0.0165055 0.217021 66.9461 -0.0158751 0.999863 -0.00464808 -3.6501 -0.217068 0.00109142 0.976156 137.567
0.977139 0.0198608 0.211674 67.1107 -0.0189435 0.9998 -0.00636039 -3.67129 -0.211758 0.00220513 0.97732 138.357
0.977611 0.0228398 0.209177 67.2738 -0.0219417 0.999737 -0.00661289 -3.69475 -0.209273 0.00187514 0.977856 139.159
0.977994 0.0307812 0.206349 67.4245 -0.0300475 0.999526 -0.00668915 -3.70996 -0.206457 0.000341657 0.978456 139.961
0.978199 0.0323205 0.205141 67.5727 -0.0320891 0.999475 -0.00445564 -3.73072 -0.205177 -0.00222427 0.978723 140.759
0.978585 0.0289721 0.203794 67.7371 -0.0295151 0.999564 -0.000375037 -3.74944 -0.203716 -0.005648 0.979014 141.548
0.978996 0.0283023 0.201906 67.8995 -0.0289326 0.999581 0.000170607 -3.76964 -0.201816 -0.00600868 0.979405 142.347
0.979491 0.0269955 0.199674 68.0543 -0.027125 0.99963 -0.00208737 -3.78606 -0.199656 -0.00337159 0.97986 143.147
0.980408 0.0226149 0.195676 68.2137 -0.0219109 0.999743 -0.00576153 -3.80571 -0.195756 0.0013612 0.980652 143.936
0.981803 0.0212246 0.188713 68.3678 -0.0203026 0.999771 -0.00681759 -3.82159 -0.188815 0.00286215 0.982009 144.722
0.983156 0.0185808 0.181821 68.5101 -0.0185226 0.999826 -0.0020182 -3.8336 -0.181827 -0.0013836 0.98333 145.517
0.984112 0.0145621 0.176952 68.6431 -0.0159723 0.999851 0.00654723 -3.8506 -0.176831 -0.00926954 0.984198 146.308
0.984998 0.0137435 0.172017 68.7865 -0.0167881 0.999727 0.0162568 -3.86997 -0.171746 -0.0189007 0.98496 147.12
0.985676 0.0164241 0.167848 68.908 -0.0199552 0.999613 0.0193727 -3.86531 -0.167465 -0.0224447 0.985623 147.893
0.986397 0.0202207 0.163133 69.0292 -0.0228359 0.999639 0.0141718 -3.87225 -0.162788 -0.0177043 0.986502 148.697
0.987469 0.0219634 0.156281 69.1426 -0.022987 0.999725 0.00474506 -3.88669 -0.156133 -0.00827802 0.987701 149.476
0.988522 0.0210617 0.149604 69.259 -0.0210879 0.999777 -0.0014112 -3.88892 -0.1496 -0.00175983 0.988745 150.253
0.989556 0.0197788 0.142785 69.369 -0.0199618 0.999801 -0.000151187 -3.90516 -0.142759 -0.00270063 0.989754 151.077
0.990555 0.022867 0.135194 69.4609 -0.0234883 0.99972 0.00300254 -3.91742 -0.135088 -0.00614967 0.990815 151.877
0.991422 0.0282824 0.127606 69.5466 -0.0287426 0.999585 0.00176622 -3.93321 -0.127503 -0.00541881 0.991823 152.684
0.992594 0.0320637 0.11717 69.6274 -0.0318184 0.999486 -0.00396435 -3.94562 -0.117237 0.000206823 0.993104 153.487
0.993599 0.0316664 0.108436 69.7212 -0.0311553 0.999494 -0.00640421 -3.96407 -0.108584 0.00298487 0.994083 154.302
0.994386 0.0312989 0.101075 69.7862 -0.0310776 0.99951 -0.00376303 -3.97792 -0.101143 0.000600729 0.994872 155.12
0.995121 0.0334355 0.0928278 69.8561 -0.0338065 0.999426 0.00242621 -3.99071 -0.0926933 -0.00555256 0.995679 155.955
0.995711 0.0359794 0.0852415 69.9035 -0.036885 0.999278 0.00907191 -4.00402 -0.0848536 -0.0121771 0.996319 156.787
0.996392 0.0357528 0.076974 69.9663 -0.0368217 0.999244 0.0125125 -4.01371 -0.0764684 -0.0153017 0.996955 157.607
0.996837 0.0360091 0.0708515 70.0126 -0.037107 0.99921 0.0142408 -4.01971 -0.0702827 -0.0168248 0.997385 158.435
0.997121 0.0356023 0.0669557 70.0614 -0.0365169 0.999255 0.0124843 -4.0277 -0.0664614 -0.0148934 0.997678 159.267
0.997263 0.0403509 0.0619621 70.0973 -0.040893 0.999135 0.00750692 -4.03692 -0.0616056 -0.0100202 0.99805 160.086
0.997211 0.0462922 0.0585503 70.1292 -0.0464591 0.998919 0.00149137 -4.04292 -0.058418 -0.0042074 0.998283 160.9
0.997263 0.048943 0.0554256 70.1624 -0.0489249 0.998801 -0.00168507 -4.05503 -0.0554416 -0.00103123 0.998461 161.73
0.997385 0.0497949 0.0523889 70.1902 -0.0500963 0.998735 0.0044549 -4.06609 -0.0521008 -0.00706774 0.998617 162.573
0.997413 0.0512158 0.0504506 70.2257 -0.0519784 0.998551 0.0139222 -4.06694 -0.0496644 -0.0165085 0.99863 163.404
0.997608 0.0510925 0.046562 70.2546 -0.0521788 0.998386 0.0224217 -4.07337 -0.0453413 -0.0247976 0.998664 164.241
0.998034 0.0467045 0.0418 70.2842 -0.0475135 0.998698 0.0185758 -4.07328 -0.040878 -0.0205253 0.998953 165.05
0.998559 0.0389408 0.0369195 70.3211 -0.0393487 0.999172 0.0103872 -4.09356 -0.0364844 -0.011825 0.999264 165.869
0.998848 0.0378608 0.0294814 70.3422 -0.0380184 0.999266 0.00480465 -4.09882 -0.0292778 -0.00591995 0.999554 166.674
0.998851 0.0424203 0.0223154 70.3488 -0.042565 0.999075 0.00604659 -4.09513 -0.0220383 -0.0069895 0.999733 167.485
0.999189 0.0373698 0.0150045 70.3564 -0.0375453 0.999228 0.0115908 -4.10103 -0.0145597 -0.0121448 0.99982 168.317
0.999486 0.0311992 0.00731732 70.3683 -0.0313136 0.99938 0.0160738 -4.11065 -0.00681129 -0.0162947 0.999844 169.166
0.999702 0.0243674 0.0016648 70.3698 -0.0243958 0.999504 0.019938 -4.10433 -0.00117814 -0.0199727 0.9998 169.987
0.999822 0.0183372 -0.00436477 70.3727 -0.0182448 0.999627 0.0203309 -4.11228 0.00473595 -0.0202477 0.999784 170.829
0.999823 0.0150678 -0.011248 70.3576 -0.0149072 0.999788 0.0142271 -4.12245 0.0114599 -0.0140569 0.999836 171.655
0.999791 0.00915362 -0.0182741 70.3446 -0.009085 0.999951 0.00383433 -4.12233 0.0183083 -0.00366751 0.999826 172.458
0.999672 0.00101351 -0.025578 70.3463 -0.00102205 0.999999 -0.000320799 -4.1298 0.0255777 0.000346837 0.999673 173.286
0.999501 0.00233931 -0.0314891 70.304 -0.00212839 0.999975 0.00673 -4.13687 0.0315041 -0.00665963 0.999482 174.133
0.999265 0.0117671 -0.0364832 70.2558 -0.0110464 0.999741 0.0198926 -4.13788 0.0367078 -0.0194749 0.999136 174.989
0.999004 0.0171661 -0.0411823 70.2057 -0.0160132 0.999475 0.0281627 -4.145 0.0416442 -0.0274752 0.998755 175.836
0.998876 0.0159602 -0.0446304 70.1552 -0.0148379 0.999568 0.0253667 -4.14107 0.045016 -0.024676 0.998682 176.673
0.998712 0.018973 -0.0470586 70.1105 -0.018266 0.999714 0.0154083 -4.14824 0.0473375 -0.0145288 0.998773 177.521
0.998337 0.0286157 -0.050054 70.0446 -0.0283744 0.999582 0.0055252 -4.1415 0.0501911 -0.00409576 0.998731 178.353
0.998244 0.0287056 -0.0518263 69.9934 -0.02863 0.999588 0.0022005 -4.14752 0.0518681 -0.000712847 0.998654 179.201
0.998273 0.022982 -0.0540596 69.9479 -0.0226391 0.99972 0.00694679 -4.16294 0.0542041 -0.00571093 0.998514 180.041
0.998279 0.0212779 -0.0546397 69.9016 -0.0204763 0.999675 0.0151894 -4.16694 0.0549452 -0.0140445 0.998391 180.907
0.998268 0.0232668 -0.0540422 69.8449 -0.0221784 0.999541 0.0206533 -4.16376 0.0544979 -0.019419 0.998325 181.797
0.998195 0.0235335 -0.0552591 69.7877 -0.0224463 0.999544 0.0202135 -4.16959 0.0557096 -0.0189366 0.998268 182.621
0.998177 0.0185335 -0.0574403 69.7355 -0.017928 0.999778 0.0110381 -4.1733 0.0576321 -0.00998814 0.998288 183.471
0.998146 0.0110155 -0.0598694 69.7016 -0.0110034 0.999939 0.000531742 -4.18558 0.0598716 0.000128012 0.998206 184.285
0.998103 0.000935798 -0.0615579 69.6604 -0.00115786 0.999993 -0.00357182 -4.20247 0.0615541 0.00363632 0.998097 185.141
0.998012 0.00296632 -0.0629556 69.6051 -0.00292852 0.999996 0.000692661 -4.21348 0.0629573 -0.000506917 0.998016 185.996
0.997876 0.00723695 -0.0647355 69.5436 -0.00659601 0.999927 0.010109 -4.21832 0.064804 -0.00966055 0.997851 186.856
0.997836 0.00826985 -0.0652352 69.4758 -0.00738341 0.999877 0.0138177 -4.2308 0.0653414 -0.0133061 0.997774 187.697
0.997779 0.00729859 -0.0662151 69.4193 -0.00659078 0.999919 0.0109017 -4.24571 0.0662893 -0.0104411 0.997746 188.517
0.997772 0.00865437 -0.0661545 69.3615 -0.0082912 0.999949 0.0057622 -4.25714 0.0662009 -0.00520086 0.997793 189.364
0.997678 0.0145794 -0.0665233 69.2845 -0.0142994 0.999887 0.00468266 -4.25819 0.066584 -0.00372055 0.997774 190.201
0.997634 0.0170831 -0.0665946 69.2236 -0.0166262 0.999834 0.00740948 -4.27152 0.0667101 -0.00628474 0.997753 191.046
0.997496 0.0214257 -0.0674027 69.1658 -0.0207443 0.999727 0.0107927 -4.28296 0.0676155 -0.00936747 0.997668 191.874
0.997411 0.0247167 -0.0675383 69.0961 -0.0238657 0.999626 0.0133779 -4.29062 0.0678436 -0.0117314 0.997627 192.702
0.997329 0.0271051 -0.0678275 69.0282 -0.0262624 0.999567 0.0132854 -4.29385 0.0681582 -0.0114686 0.997609 193.529
