1 -4.1311e-11 -1.95776e-11 0 -4.12612e-11 1 -1.70424e-11 0 -1.42043e-10 -1.70424e-11 1 -2.98023e-08
1 -0.000409535 -0.000229459 -0.0063549 0.000409963 0.999998 0.00186784 -0.0390558 0.000228694 -0.00186794 0.999998 1.29832
0.999998 -0.00206144 1.53371e-05 -0.0212735 0.0020614 0.999995 0.00239071 -0.066355 -2.02655e-05 -0.00239068 0.999997 2.60439
0.999995 -0.0030184 -0.000777414 -0.0354011 0.00301998 0.999993 0.00203758 -0.0977705 0.000771259 -0.00203992 0.999998 3.94291
0.999994 -0.00348014 -0.000357909 -0.0366705 0.00348094 0.999992 0.00223294 -0.123687 0.000350135 -0.00223417 0.999997 5.23299
0.999992 -0.00383853 -0.000744016 -0.0475125 0.00384056 0.999989 0.00274963 -0.145258 0.000733452 -0.00275247 0.999996 6.57277
0.999988 -0.00492313 -0.000284254 -0.0568788 0.00492435 0.999978 0.00444948 -0.173312 0.000262342 -0.00445082 0.99999 7.89197
0.999986 -0.00532662 -1.17019e-05 -0.0639029 0.00532662 0.999974 0.00484163 -0.195843 -1.40882e-05 -0.00484162 0.999988 9.21824
0.999991 -0.00422437 -0.00104788 -0.0808064 0.00422798 0.999985 0.00346283 -0.22206 0.00103324 -0.00346723 0.999994 10.5588
0.999999 -0.00127749 -0.000750988 -0.0934513 0.00127844 0.999998 0.00126173 -0.24386 0.000749375 -0.00126268 0.999999 11.8693
0.999997 0.00202932 -0.00107183 -0.111063 -0.00202887 0.999998 0.000420246 -0.275637 0.00107268 -0.00041807 0.999999 13.2321
0.999989 0.00449515 -0.00121144 -0.13449 -0.00449475 0.99999 0.000337213 -0.301183 0.00121294 -0.000331764 0.999999 14.5553
0.999987 0.00503869 -0.00046399 -0.149345 -0.00503811 0.999987 0.00123916 -0.326576 0.000470227 -0.0012368 0.999999 15.9013
0.999996 0.00282303 -0.000593574 -0.146733 -0.00282057 0.999988 0.0041125 -0.353881 0.000605176 -0.00411081 0.999991 17.2665
0.999999 -0.00142499 -0.000352917 -0.14878 0.00142711 0.999981 0.00608101 -0.378287 0.000344244 -0.0060815 0.999982 18.5884
0.999994 -0.0035347 -0.000677466 -0.14396 0.0035376 0.999984 0.00433385 -0.406055 0.000662137 -0.00433622 0.99999 19.9746
0.999988 -0.00482044 -0.000332301 -0.169414 0.00482108 0.999986 0.00197506 -0.42623 0.000322776 -0.00197664 0.999998 21.3058
0.999998 -0.00208495 0.000152424 -0.157096 0.00208479 0.999997 0.00104433 -0.463248 -0.000154602 -0.00104401 1 22.6767
1 -0.000161521 0.000545683 -0.159491 0.00016031 0.999998 0.00221838 -0.47877 -0.00054604 -0.00221829 0.999997 24.0502
0.999999 0.000159508 0.00175155 -0.172944 -0.000170214 0.999981 0.00611377 -0.500005 -0.00175054 -0.00611406 0.99998 25.4206
0.999996 -0.0020056 0.0017346 -0.157905 0.00199273 0.999971 0.00739299 -0.520024 -0.00174938 -0.00738951 0.999971 26.8016
0.999982 -0.00563914 0.00213193 -0.170799 0.00562445 0.999961 0.00683403 -0.546414 -0.00217039 -0.00682191 0.999974 28.1679
0.999981 -0.00596805 0.00141725 -0.162352 0.00596261 0.999975 0.00381117 -0.564506 -0.00143996 -0.00380265 0.999992 29.5358
0.999978 -0.0058516 0.00302332 -0.183711 0.00584505 0.999981 0.00217172 -0.596289 -0.00303596 -0.002154 0.999993 30.9122
0.999991 -0.0030796 0.00287275 -0.188222 0.00307781 0.999995 0.000626241 -0.616159 -0.00287467 -0.000617393 0.999996 32.2867
0.999994 -0.00123564 0.00339932 -0.182462 0.00123808 0.999999 -0.000716267 -0.650555 -0.00339844 0.000720472 0.999994 33.6784
0.999993 -0.000147589 0.00367894 -0.190952 0.000149945 1 -0.000640449 -0.678572 -0.00367885 0.000640996 0.999993 35.0576
0.999993 -0.00136537 0.00336769 -0.194788 0.00136199 0.999999 0.00100784 -0.708576 -0.00336906 -0.00100325 0.999994 36.4573
0.999995 0.000586593 0.00319889 -0.195953 -0.000594282 0.999997 0.00240301 -0.737027 -0.00319747 -0.0024049 0.999992 37.842
0.999993 0.00273491 0.00248327 -0.189282 -0.00274183 0.999992 0.0027858 -0.762824 -0.00247563 -0.00279259 0.999993 39.2347
0.999982 0.00536366 0.00283132 -0.193489 -0.00537084 0.999982 0.00253351 -0.791028 -0.00281768 -0.00254867 0.999993 40.6488
0.999966 0.00738471 0.00379514 -0.224356 -0.00739542 0.999969 0.00281487 -0.81594 -0.00377423 -0.00284284 0.999989 42.0395
0.999958 0.00878765 0.00271029 -0.205504 -0.0087957 0.999957 0.0029748 -0.843736 -0.00268404 -0.00299851 0.999992 43.4462
0.999968 0.00751399 0.00259696 -0.223212 -0.00752118 0.999968 0.00276964 -0.870601 -0.00257606 -0.00278908 0.999993 44.8684
0.999973 0.00700105 0.00215612 -0.231405 -0.00700636 0.999972 0.0024635 -0.897991 -0.00213881 -0.00247854 0.999995 46.2533
0.999979 0.00626528 0.00151087 -0.230964 -0.00626977 0.999976 0.00298758 -0.923837 -0.00149211 -0.00299699 0.999994 47.6746
0.999979 0.00648982 -0.000713593 -0.217151 -0.00648716 0.999972 0.00367289 -0.95306 0.00073741 -0.00366818 0.999993 49.1082
0.999973 0.00733355 -0.000668286 -0.249321 -0.00733097 0.999966 0.00377972 -0.977136 0.000695983 -0.00377471 0.999993 50.5038
0.999967 0.00787806 -0.00219112 -0.245506 -0.00786906 0.999961 0.00408466 -1.00343 0.00222321 -0.00406728 0.999989 51.9517
0.999962 0.00802508 -0.00342529 -0.254983 -0.00800792 0.999955 0.00499343 -1.03075 0.00346521 -0.00496581 0.999982 53.3605
0.99997 0.00633959 -0.00453504 -0.261228 -0.00631142 0.999961 0.00619972 -1.05248 0.00457417 -0.00617091 0.999971 54.8208
0.999979 0.00465249 -0.00440596 -0.285122 -0.00462471 0.99997 0.00629288 -1.0773 0.00443511 -0.00627237 0.999971 56.2087
0.999986 0.00269568 -0.00466263 -0.299557 -0.00266826 0.999979 0.0058781 -1.10258 0.00467838 -0.00586557 0.999972 57.6257
0.999988 0.00146663 -0.00457005 -0.310421 -0.00143825 0.99998 0.00620591 -1.12648 0.00457906 -0.00619927 0.99997 59.087
0.999991 0.000476328 -0.00418174 -0.319513 -0.000447912 0.999977 0.00679363 -1.15224 0.00418488 -0.0067917 0.999968 60.4861
0.999993 -0.00136768 -0.00341901 -0.336091 0.00139319 0.999971 0.00747001 -1.1749 0.00340869 -0.00747473 0.999966 61.9228
0.999989 -0.00327022 -0.00324477 -0.337241 0.00329351 0.999969 0.00719625 -1.20018 0.00322114 -0.00720686 0.999969 63.3616
0.999987 -0.00430964 -0.00277174 -0.3464 0.00432726 0.99997 0.00638316 -1.22592 0.00274415 -0.00639507 0.999976 64.802
0.999988 -0.00431034 -0.00235463 -0.354236 0.00432459 0.999972 0.0060809 -1.25449 0.00232835 -0.00609101 0.999979 66.2385
0.999997 -0.00203813 -0.00164689 -0.364111 0.00204829 0.999979 0.00619563 -1.28099 0.00163423 -0.00619898 0.999979 67.5994
1 0.000401927 -0.000679844 -0.382933 -0.000396866 0.999972 0.00742838 -1.30448 0.000682811 -0.00742811 0.999972 69.0463
0.999991 0.00430687 -0.000250423 -0.394692 -0.00430453 0.999953 0.00867333 -1.32918 0.000287766 -0.00867217 0.999962 70.457
0.99997 0.007756 0.000464 -0.406319 -0.00775994 0.999928 0.00919464 -1.35337 -0.000392653 -0.00919797 0.999958 71.9124
0.999919 0.0126116 0.00165828 -0.429248 -0.0126259 0.999881 0.00889248 -1.37368 -0.00154593 -0.0089127 0.999959 73.2656
0.999874 0.0157672 0.00204744 -0.429326 -0.0157835 0.999842 0.00820959 -1.39879 -0.00191767 -0.00824087 0.999964 74.6673
0.99984 0.0176288 0.00303437 -0.444613 -0.0176533 0.99981 0.00827755 -1.42079 -0.00288787 -0.00832979 0.999961 76.1351
0.999847 0.0171977 0.00330544 -0.45165 -0.017226 0.999814 0.00870728 -1.44054 -0.00315508 -0.00876288 0.999957 77.4801
0.999866 0.0160554 0.00313961 -0.45643 -0.016082 0.999833 0.0086363 -1.46438 -0.00300043 -0.00868563 0.999958 78.9059
0.999876 0.0154758 0.00288653 -0.451797 -0.0154977 0.99985 0.00773088 -1.48933 -0.00276646 -0.00777466 0.999966 80.2166
0.999888 0.0147277 0.00276045 -0.458843 -0.0147489 0.99986 0.00784141 -1.51392 -0.00264458 -0.00788124 0.999966 81.6521
0.999895 0.0142396 0.00261168 -0.463018 -0.0142601 0.999866 0.00800967 -1.53469 -0.00249728 -0.00804607 0.999965 83.0333
0.999897 0.0141995 0.00196969 -0.468989 -0.0142144 0.999869 0.00777428 -1.55953 -0.00185904 -0.00780148 0.999968 84.429
0.999894 0.0144872 0.00125647 -0.47437 -0.014497 0.999862 0.00816095 -1.58103 -0.00113807 -0.0081783 0.999966 85.8958
0.999905 0.0137602 0.000218998 -0.485909 -0.0137616 0.999866 0.00881941 -1.6049 -9.76123e-05 -0.00882159 0.999961 87.2495
0.99993 0.0118144 -0.000591824 -0.489089 -0.011808 0.999882 0.00985102 -1.62715 0.000708138 -0.00984334 0.999951 88.6017
0.99995 0.00976417 -0.00194806 -0.499282 -0.00974283 0.999896 0.0106784 -1.64759 0.00205213 -0.0106589 0.999941 89.9999
0.999964 0.0080869 -0.0025144 -0.503898 -0.00805969 0.999911 0.0106466 -1.66953 0.00260028 -0.010626 0.99994 91.3749
0.99997 0.00704545 -0.00324138 -0.517441 -0.0070117 0.999922 0.0103102 -1.68917 0.00331377 -0.0102871 0.999942 92.7439
0.999978 0.00574756 -0.00329992 -0.524215 -0.00571476 0.999935 0.00986369 -1.71223 0.0033564 -0.00984461 0.999946 94.1342
0.999976 0.00590542 -0.00359997 -0.53562 -0.0058717 0.999939 0.00930572 -1.73224 0.00365471 -0.00928436 0.99995 95.5184
0.999977 0.00578419 -0.0035193 -0.545428 -0.00575275 0.999944 0.00888093 -1.75517 0.00357047 -0.00886048 0.999954 96.9316
0.999974 0.00642025 -0.00319976 -0.559296 -0.00639378 0.999946 0.00821541 -1.77758 0.00325233 -0.00819474 0.999961 98.2359
0.999961 0.00838019 -0.00277257 -0.571336 -0.00835667 0.99993 0.00839056 -1.79767 0.00284269 -0.00836707 0.999961 99.6201
0.999959 0.0086454 -0.00259581 -0.583443 -0.00861941 0.999914 0.00986108 -1.82141 0.00268084 -0.0098383 0.999948 100.997
0.999952 0.00948194 -0.00237792 -0.596203 -0.00945413 0.99989 0.0114475 -1.83952 0.0024862 -0.0114245 0.999932 102.302
0.999954 0.00936622 -0.00225985 -0.610066 -0.0093426 0.999904 0.0102448 -1.86367 0.00235559 -0.0102232 0.999945 103.676
0.999947 0.0100826 -0.0020626 -0.618799 -0.0100666 0.99992 0.00761127 -1.88428 0.00213918 -0.00759011 0.999969 105.008
0.999952 0.00944382 -0.00250822 -0.626676 -0.00942736 0.999934 0.0064971 -1.90304 0.00256941 -0.00647315 0.999976 106.333
0.999975 0.00669798 -0.0021562 -0.639852 -0.00668099 0.999947 0.00779073 -1.9294 0.00220827 -0.00777613 0.999967 107.741
0.999988 0.00460322 -0.00155267 -0.64745 -0.0045876 0.99994 0.00991576 -1.94623 0.00159823 -0.00990852 0.99995 108.958
0.999997 0.00245424 -0.000798498 -0.653813 -0.00244554 0.99994 0.0107246 -1.96908 0.00082477 -0.0107226 0.999942 110.381
0.999997 0.00224092 -9.53503e-06 -0.65709 -0.00224072 0.999952 0.00951063 -1.98956 3.08467e-05 -0.00951058 0.999955 111.632
0.999992 0.00383918 0.00081334 -0.659013 -0.00384466 0.999969 0.00684554 -2.00869 -0.000787034 -0.00684861 0.999976 113.029
0.999977 0.00656485 0.0017182 -0.663249 -0.0065731 0.999967 0.00483877 -2.03451 -0.00168638 -0.00484995 0.999987 114.379
0.999947 0.00979795 0.00329014 -0.675799 -0.00981334 0.999941 0.00469495 -2.05524 -0.00324395 -0.00472698 0.999984 115.661
0.999926 0.0111248 0.00500005 -0.677587 -0.0111595 0.999914 0.00695987 -2.07802 -0.00492219 -0.00701515 0.999963 117.02
0.999927 0.0105972 0.00585782 -0.679706 -0.0106514 0.9999 0.00930521 -2.09554 -0.00575863 -0.00936692 0.99994 118.32
0.999928 0.0100164 0.00660542 -0.679457 -0.0100819 0.9999 0.00995845 -2.11861 -0.00650501 -0.0100243 0.999929 119.704
0.999915 0.010502 0.00770349 -0.675849 -0.0105746 0.9999 0.00944733 -2.13361 -0.0076035 -0.00952799 0.999926 121.007
0.999889 0.0118533 0.00906984 -0.674937 -0.0119349 0.999888 0.00899196 -2.15163 -0.00896224 -0.00909921 0.999918 122.341
0.999855 0.0136693 0.0101759 -0.669397 -0.0137577 0.999868 0.00867167 -2.16887 -0.0100561 -0.00881041 0.999911 123.663
0.999825 0.0147963 0.0114818 -0.666071 -0.0148827 0.999861 0.00747686 -2.19043 -0.0113696 -0.00764643 0.999906 125.019
0.999792 0.0160168 0.0126378 -0.658925 -0.0161055 0.999846 0.00695445 -2.2071 -0.0125245 -0.00715654 0.999896 126.327
0.999803 0.0147571 0.0132839 -0.648827 -0.014849 0.999866 0.00684364 -2.23081 -0.0131811 -0.00703954 0.999888 127.686
0.999794 0.0143632 0.014354 -0.64455 -0.0144797 0.999863 0.00804499 -2.24904 -0.0142365 -0.00825117 0.999865 129.015
0.999799 0.0130127 0.0152443 -0.626581 -0.0131519 0.999872 0.0090647 -2.26849 -0.0151243 -0.00926337 0.999843 130.355
0.999805 0.0119418 0.015732 -0.608471 -0.0120868 0.999885 0.00915241 -2.28954 -0.0156209 -0.00934078 0.999834 131.72
0.999829 0.00991453 0.0155978 -0.596745 -0.0100652 0.999903 0.0096103 -2.30735 -0.015501 -0.00976565 0.999832 133.052
0.99985 0.00803652 0.0153665 -0.578894 -0.00819348 0.999915 0.0101783 -2.32474 -0.0152834 -0.0103027 0.99983 134.386
0.999868 0.00663597 0.0148237 -0.563556 -0.00678732 0.999925 0.0101831 -2.34254 -0.014755 -0.0102824 0.999838 135.672
0.999893 0.00532165 0.0136116 -0.547599 -0.00546168 0.999932 0.0102709 -2.36225 -0.0135561 -0.0103442 0.999855 137.063
0.999914 0.00358817 0.0126284 -0.531788 -0.00372686 0.999933 0.010976 -2.37808 -0.0125882 -0.0110221 0.99986 138.415
0.999929 0.00246936 0.0116913 -0.521426 -0.00260271 0.999932 0.0114049 -2.39671 -0.0116623 -0.0114345 0.999867 139.756
0.999944 0.00136807 0.0105025 -0.507208 -0.00148658 0.999935 0.0112849 -2.4114 -0.0104863 -0.0112999 0.999881 141.073
0.999955 0.00171069 0.00930895 -0.504003 -0.00181166 0.99994 0.0108492 -2.43124 -0.00928983 -0.0108656 0.999898 142.499
0.999965 0.00105114 0.00835638 -0.491123 -0.00113771 0.999946 0.0103627 -2.44485 -0.00834504 -0.0103718 0.999911 143.841
0.999974 -0.000102998 0.00727541 -0.489245 4.20527e-05 0.999965 0.00837635 -2.46342 -0.00727602 -0.00837582 0.999938 145.182
0.999965 -0.0055414 0.00632087 -0.474854 0.0054939 0.999957 0.00750713 -2.48741 -0.00636219 -0.00747214 0.999952 146.533
0.999892 -0.0137239 0.00528346 -0.462677 0.0136693 0.999854 0.0102347 -2.50225 -0.00542315 -0.0101613 0.999934 147.887
0.999766 -0.0213259 0.00373343 -0.441093 0.0212806 0.999704 0.0117799 -2.51772 -0.00398355 -0.0116976 0.999924 149.188
0.9997 -0.0243686 0.00247718 -0.432065 0.0243455 0.999663 0.00897888 -2.53745 -0.00269515 -0.00891588 0.999957 150.558
0.999726 -0.0232117 0.00304315 -0.429255 0.0231951 0.999716 0.00537763 -2.56133 -0.00316711 -0.00530557 0.999981 151.915
0.99979 -0.0200914 0.00400685 -0.43583 0.0200788 0.999793 0.00315307 -2.58339 -0.00406937 -0.00307196 0.999987 153.257
0.999803 -0.0192579 0.00475137 -0.425716 0.0192423 0.999809 0.00331517 -2.61253 -0.00481431 -0.0032231 0.999983 154.581
0.999726 -0.0227352 0.00556299 -0.42817 0.0227004 0.999723 0.00625558 -2.63214 -0.00570367 -0.00612758 0.999965 155.947
0.999576 -0.028538 0.00580564 -0.407899 0.0284815 0.999548 0.00960458 -2.6584 -0.00607711 -0.00943515 0.999937 157.264
0.999468 -0.0320849 0.00584138 -0.399543 0.0320205 0.999429 0.0108164 -2.67449 -0.00618508 -0.0106236 0.999925 158.568
0.999401 -0.0341206 0.00584763 -0.389408 0.034055 0.99936 0.0109817 -2.69216 -0.00621859 -0.010776 0.999923 159.941
0.999471 -0.0318698 0.00646601 -0.380155 0.0317948 0.99943 0.0113816 -2.70866 -0.00682506 -0.01117 0.999914 161.307
0.999554 -0.0287779 0.00794877 -0.385191 0.0286923 0.999531 0.0106795 -2.72495 -0.00825238 -0.0104466 0.999911 162.667
0.999668 -0.0241237 0.00903758 -0.386473 0.0240471 0.999675 0.00849179 -2.74368 -0.00923949 -0.00827164 0.999923 164.009
0.999727 -0.0212929 0.00959434 -0.379669 0.021218 0.999744 0.00784577 -2.76177 -0.00975895 -0.00764005 0.999923 165.376
0.999757 -0.0198641 0.00951892 -0.3742 0.0197781 0.999763 0.00904246 -2.77847 -0.00969629 -0.008852 0.999914 166.734
0.999775 -0.0188865 0.00965584 -0.371526 0.0187982 0.999781 0.00914751 -2.7979 -0.0098265 -0.00896394 0.999912 168.119
0.999825 -0.0160769 0.00952423 -0.372621 0.0160142 0.99985 0.00662707 -2.81864 -0.00962934 -0.00647339 0.999933 169.521
0.999887 -0.0120064 0.00901736 -0.371196 0.0119722 0.999921 0.00383664 -2.84441 -0.00906271 -0.00372825 0.999952 170.947
0.99994 -0.00657061 0.00879597 -0.370858 0.00654895 0.999976 0.00248843 -2.86772 -0.0088121 -0.00243067 0.999958 172.254
0.999956 -0.00258717 0.00902692 -0.374127 0.00255406 0.99999 0.00367752 -2.88999 -0.00903635 -0.0036543 0.999953 173.652
0.999954 0.000133851 0.00957569 -0.369291 -0.000190062 0.999983 0.00586961 -2.91122 -0.00957474 -0.00587116 0.999937 175.008
0.99995 0.000769346 0.009968 -0.364818 -0.000849888 0.999967 0.00807835 -2.93318 -0.00996146 -0.00808642 0.999918 176.382
0.999961 -0.00121602 0.00876746 -0.357573 0.00113516 0.999957 0.00922196 -2.95173 -0.0087783 -0.00921164 0.999919 177.751
0.999961 -0.00467727 0.0074807 -0.349211 0.00460745 0.999946 0.00932399 -2.96595 -0.00752391 -0.00928916 0.999929 179.173
0.999975 -0.00436357 0.00559977 -0.350647 0.00433283 0.999976 0.00548945 -2.99 -0.00562359 -0.00546504 0.999969 180.556
0.99999 -0.00149763 0.00427874 -0.3494 0.00149191 0.999998 0.00133892 -3.01697 -0.00428074 -0.00133253 0.99999 181.941
0.99999 0.00248222 0.00375301 -0.360644 -0.00248312 0.999997 0.000236838 -3.0398 -0.00375241 -0.000246153 0.999993 183.382
0.999974 0.00628489 0.00343711 -0.365041 -0.00628937 0.999979 0.00129273 -3.06898 -0.00342891 -0.00131431 0.999993 184.754
0.99996 0.00820215 0.00357388 -0.369115 -0.00821833 0.999956 0.00453614 -3.09252 -0.00353652 -0.00456533 0.999983 186.202
0.999958 0.00820134 0.00401084 -0.375222 -0.0082294 0.999941 0.00703035 -3.11425 -0.00395294 -0.00706306 0.999967 187.579
0.999961 0.00781283 0.00413694 -0.375656 -0.00784549 0.999938 0.00793776 -3.13475 -0.00407467 -0.00796991 0.99996 188.967
0.999971 0.00638606 0.0041726 -0.376088 -0.0064221 0.999942 0.00867988 -3.15495 -0.00411692 -0.00870643 0.999954 190.457
0.999986 0.00322352 0.00420914 -0.374004 -0.00326207 0.999953 0.00918382 -3.17363 -0.00417933 -0.00919742 0.999949 191.809
0.99999 0.00107077 0.00441052 -0.372009 -0.00111274 0.999954 0.00952265 -3.19414 -0.00440012 -0.00952746 0.999945 193.322
0.999986 -0.0018593 0.00496345 -0.362405 0.00180751 0.999944 0.0104201 -3.21119 -0.00498254 -0.0104109 0.999933 194.653
0.999962 -0.00692889 0.0053341 -0.354593 0.00686453 0.999905 0.0119919 -3.22285 -0.00541668 -0.0119548 0.999914 196.057
0.999931 -0.0103893 0.00546983 -0.345431 0.0103226 0.999874 0.0120825 -3.24268 -0.00559467 -0.0120252 0.999912 197.563
0.999947 -0.00835012 0.00608963 -0.344144 0.00830204 0.999935 0.00787888 -3.25791 -0.00615502 -0.00782791 0.99995 198.931
0.99998 -0.000623119 0.00635817 -0.346091 0.000604704 0.999996 0.00289761 -3.28428 -0.00635994 -0.00289371 0.999976 200.4
0.999925 0.00946105 0.00775644 -0.356632 -0.00947966 0.999952 0.00236689 -3.30816 -0.00773368 -0.00244025 0.999967 201.776
0.999833 0.0159798 0.00890587 -0.367498 -0.0160339 0.999853 0.00603604 -3.32614 -0.00880811 -0.00617782 0.999942 203.223
0.999794 0.0177447 0.00984353 -0.365459 -0.0178284 0.999805 0.00847549 -3.34799 -0.00969122 -0.00864924 0.999916 204.669
0.99983 0.0158838 0.00938505 -0.355763 -0.0159669 0.999833 0.00884243 -3.36408 -0.00924303 -0.00899077 0.999917 206.169
0.999883 0.012943 0.0081399 -0.347534 -0.0130169 0.999874 0.00909255 -3.38502 -0.00802119 -0.00919745 0.999926 207.598
0.999914 0.0110116 0.00706701 -0.332632 -0.0110723 0.999902 0.00861963 -3.4071 -0.0069714 -0.00869714 0.999938 209.01
0.999911 0.0114938 0.00675169 -0.331932 -0.0115477 0.999901 0.00799774 -3.42533 -0.0066591 -0.008075 0.999945 210.563
0.999897 0.0127816 0.00654065 -0.329598 -0.0128357 0.999883 0.00828517 -3.44621 -0.00643399 -0.00836827 0.999944 211.986
0.999885 0.0137171 0.0064095 -0.330474 -0.0137757 0.999863 0.0091822 -3.46382 -0.00628266 -0.00926944 0.999937 213.428
0.999893 0.01327 0.006133 -0.329658 -0.0133258 0.999869 0.00914832 -3.48338 -0.0060108 -0.00922906 0.999939 214.895
0.999894 0.0133825 0.00569816 -0.323295 -0.0134271 0.999879 0.00785146 -3.5054 -0.0055924 -0.00792713 0.999953 216.374
0.999903 0.0126746 0.0057633 -0.325247 -0.0127188 0.99989 0.00769181 -3.52378 -0.00566518 -0.00776437 0.999954 217.882
0.999902 0.0129971 0.00514745 -0.325201 -0.0130359 0.999886 0.00759142 -3.54474 -0.0050482 -0.00765778 0.999958 219.301
0.999903 0.0131063 0.00480848 -0.323864 -0.0131432 0.999884 0.00773311 -3.56423 -0.00470656 -0.00779556 0.999959 220.762
0.9999 0.0133342 0.00472076 -0.3172 -0.0133685 0.999884 0.00730877 -3.58751 -0.00462276 -0.00737115 0.999962 222.241
0.999888 0.0143404 0.00423466 -0.322504 -0.0143707 0.999871 0.00722662 -3.60656 -0.00413048 -0.00728667 0.999965 223.737
0.999892 0.0142529 0.00371332 -0.324342 -0.0142787 0.999874 0.0070141 -3.63159 -0.00361288 -0.00706636 0.999969 225.265
0.999885 0.0147216 0.00359906 -0.32515 -0.0147468 0.999866 0.00706596 -3.65059 -0.00349455 -0.00711823 0.999969 226.761
0.999898 0.0138735 0.00345071 -0.333565 -0.0138983 0.999877 0.00727254 -3.67318 -0.00334939 -0.00731975 0.999968 228.283
0.999907 0.0131598 0.00350323 -0.330554 -0.0131835 0.99989 0.00682961 -3.69619 -0.00341297 -0.00687516 0.999971 229.725
0.999918 0.0122072 0.00381481 -0.333078 -0.0122346 0.999899 0.00724141 -3.7195 -0.00372603 -0.00728749 0.999967 231.279
0.99994 0.0102322 0.00392035 -0.331006 -0.0102639 0.999914 0.00813161 -3.74248 -0.00383681 -0.00817136 0.999959 232.782
0.999942 0.0101997 0.00357182 -0.323936 -0.0102296 0.999912 0.00843821 -3.76248 -0.00348544 -0.00847425 0.999958 234.247
0.999936 0.0105265 0.00404525 -0.33137 -0.0105593 0.999911 0.00819245 -3.78652 -0.00395865 -0.00823464 0.999958 235.864
0.99992 0.0118986 0.00436588 -0.325093 -0.0119314 0.9999 0.00756309 -3.80628 -0.00427546 -0.00761457 0.999962 237.19
0.999905 0.0129633 0.00459187 -0.329013 -0.0130016 0.99988 0.00839954 -3.82971 -0.00448243 -0.00845844 0.999954 238.864
0.999901 0.0129898 0.00545709 -0.329732 -0.0130457 0.999862 0.010337 -3.84705 -0.00532206 -0.0104072 0.999932 240.262
0.999905 0.0124398 0.0059769 -0.331258 -0.0125036 0.999864 0.0107433 -3.8648 -0.00584245 -0.010817 0.999924 241.723
0.999886 0.0136274 0.00651895 -0.326717 -0.0136883 0.999862 0.00939392 -3.88509 -0.00639004 -0.00948208 0.999935 243.314
0.999877 0.013893 0.00730026 -0.329741 -0.0139513 0.999871 0.00800055 -3.90801 -0.00718816 -0.00810141 0.999941 244.868
0.999869 0.014402 0.00732299 -0.321838 -0.0144637 0.99986 0.00844857 -3.92281 -0.00720028 -0.00855338 0.999938 246.333
0.999876 0.0139357 0.00735166 -0.321018 -0.014005 0.999857 0.00945698 -3.94524 -0.00721882 -0.00955876 0.999928 247.839
0.99987 0.0142807 0.0074465 -0.312441 -0.0143572 0.999844 0.0103151 -3.96517 -0.00729803 -0.0104207 0.999919 249.36
0.999871 0.0145156 0.00687752 -0.311961 -0.0145864 0.99984 0.0103521 -3.98224 -0.00672616 -0.010451 0.999923 250.867
0.999848 0.0159148 0.00717586 -0.301197 -0.0159901 0.999816 0.0105657 -3.99883 -0.00700639 -0.0106788 0.999918 252.364
0.999831 0.0168165 0.00744182 -0.306902 -0.0168959 0.9998 0.0107389 -4.01842 -0.00725974 -0.0108628 0.999915 253.918
0.999818 0.0175689 0.00742776 -0.302183 -0.0176491 0.999785 0.0108769 -4.03297 -0.00723507 -0.011006 0.999913 255.464
0.999851 0.0156125 0.00737807 -0.29876 -0.015696 0.999812 0.0113922 -4.05071 -0.00719882 -0.0115063 0.999908 256.97
0.999875 0.0140901 0.00714687 -0.299581 -0.0141755 0.999827 0.0120383 -4.06524 -0.00697601 -0.0121381 0.999902 258.538
0.999915 0.0109797 0.00704373 -0.290012 -0.0110729 0.99985 0.0133383 -4.08259 -0.00689622 -0.0134151 0.999886 260.064
0.999931 0.00951947 0.00687279 -0.283598 -0.00960348 0.999878 0.0122966 -4.09721 -0.00675489 -0.0123618 0.999901 261.645
0.999931 0.00944446 0.0070487 -0.271145 -0.00952489 0.999889 0.0114652 -4.11756 -0.00693964 -0.0115316 0.999909 263.256
0.999948 0.0069944 0.00742848 -0.25452 -0.00709385 0.999884 0.0134469 -4.13446 -0.00733357 -0.0134989 0.999882 264.761
0.99996 0.00395732 0.00801202 -0.247627 -0.00407885 0.999876 0.0152097 -4.14145 -0.00795084 -0.0152417 0.999852 266.27
0.99996 0.00241006 0.00860489 -0.235061 -0.00253434 0.999892 0.0144621 -4.15586 -0.00856911 -0.0144833 0.999858 267.888
0.99996 0.00205067 0.00874522 -0.226358 -0.00216896 0.999906 0.0135389 -4.1719 -0.00871664 -0.0135574 0.99987 269.431
0.999948 0.00288797 0.00981788 -0.211408 -0.00301934 0.999906 0.0133922 -4.18435 -0.00977828 -0.0134212 0.999862 270.969
0.999934 0.00418309 0.0106976 -0.212104 -0.0043265 0.999901 0.0134179 -4.1976 -0.0106404 -0.0134633 0.999853 272.479
0.999912 0.00639757 0.0115884 -0.194781 -0.00654684 0.999896 0.012889 -4.21549 -0.0115047 -0.0129637 0.99985 274.037
0.999887 0.00744572 0.0130742 -0.185563 -0.00761458 0.999888 0.0129139 -4.22973 -0.0129765 -0.013012 0.999831 275.633
0.999881 0.00698456 0.0137547 -0.172427 -0.00716207 0.999891 0.0128983 -4.24392 -0.0136631 -0.0129953 0.999822 277.163
0.999851 0.00815861 0.0151839 -0.138751 -0.00834493 0.99989 0.0122478 -4.26272 -0.0150823 -0.0123727 0.99981 278.734
0.999848 0.00715383 0.0158716 -0.132193 -0.00734011 0.999905 0.01171 -4.27966 -0.0157863 -0.0118247 0.999806 280.271
0.999823 0.0078421 0.0170981 -0.109817 -0.00804555 0.999897 0.0118628 -4.29993 -0.0170033 -0.0119982 0.999784 281.861
0.999839 0.00550804 0.0170923 -0.09348 -0.00573593 0.999895 0.0133128 -4.31146 -0.0170172 -0.0134087 0.999765 283.39
0.999824 0.00431229 0.0182606 -0.0517015 -0.00455689 0.9999 0.0133744 -4.33046 -0.0182011 -0.0134553 0.999744 284.983
0.999823 0.00305395 0.0185463 -0.0238077 -0.00325939 0.999934 0.0110571 -4.34955 -0.0185113 -0.0111156 0.999767 286.561
0.999836 0.00348325 0.0177875 -0.0196225 -0.00364345 0.999953 0.00898139 -4.36622 -0.0177554 -0.00904472 0.999802 288.133
0.999843 0.00344186 0.0173638 0.028924 -0.00359955 0.999953 0.00905843 -4.38548 -0.0173318 -0.00911951 0.999808 289.652
0.999856 0.0013923 0.0169389 0.0431199 -0.0015494 0.999956 0.00926526 -4.40368 -0.0169253 -0.00929017 0.999814 291.28
0.999873 0.0018874 0.0158402 0.0565126 -0.00202472 0.999961 0.00865745 -4.42362 -0.0158232 -0.00868842 0.999837 292.763
0.999874 0.00221365 0.0156989 0.0977963 -0.00234556 0.999962 0.00838922 -4.44559 -0.0156797 -0.00842499 0.999842 294.428
0.999886 0.00216225 0.0149258 0.0995943 -0.00229298 0.999959 0.00874706 -4.46247 -0.0149063 -0.00878029 0.99985 295.949
0.999897 0.00200197 0.0142093 0.122287 -0.00213062 0.999957 0.00904412 -4.48553 -0.0141905 -0.00907346 0.999858 297.502
0.999912 0.00226579 0.0130977 0.147095 -0.00239862 0.999946 0.0101352 -4.5061 -0.013074 -0.0101658 0.999863 299.179
0.999923 0.00304511 0.0120402 0.182499 -0.0031898 0.999923 0.0120165 -4.51939 -0.0120027 -0.012054 0.999855 300.706
0.999905 0.00369694 0.0132841 0.205746 -0.0038544 0.999922 0.0118471 -4.53883 -0.0132393 -0.0118972 0.999842 302.327
0.999887 0.00400754 0.0144598 0.199854 -0.00417334 0.999926 0.0114543 -4.54861 -0.0144128 -0.0115134 0.99983 303.858
0.999886 0.00266024 0.0148754 0.233381 -0.00283176 0.99993 0.0115209 -4.56399 -0.0148437 -0.0115617 0.999823 305.473
0.999875 0.00138967 0.0157521 0.261616 -0.00155416 0.999944 0.0104352 -4.58284 -0.0157367 -0.0104584 0.999821 307.094
0.999883 -0.000611854 0.0152899 0.279577 0.000481411 0.999964 0.0085335 -4.60219 -0.0152945 -0.00852514 0.999847 308.689
0.999875 -0.00138659 0.0157654 0.292007 0.00126861 0.999971 0.00749087 -4.62137 -0.0157753 -0.00746993 0.999848 310.315
0.999901 0.000358416 0.0140856 0.313806 -0.000449552 0.999979 0.00646741 -4.64846 -0.014083 -0.0064731 0.99988 311.898
0.999939 0.00131657 0.0109615 0.3201 -0.00139637 0.999973 0.00727597 -4.66979 -0.0109516 -0.00729083 0.999914 313.559
0.999946 0.0024668 0.0101152 0.337035 -0.00257295 0.999942 0.0104953 -4.68759 -0.0100887 -0.0105207 0.999894 315.176
0.999948 0.000892816 0.0101594 0.349848 -0.0010323 0.999905 0.0137326 -4.70543 -0.0101461 -0.0137424 0.999854 316.758
0.999935 -0.000229512 0.0114094 0.352446 6.39967e-05 0.999895 0.0145052 -4.7182 -0.0114115 -0.0145035 0.99983 318.463
0.999937 -0.000999778 0.0111656 0.361175 0.000849598 0.999909 0.0134468 -4.73238 -0.011178 -0.0134365 0.999847 320.069
0.999929 -0.00145466 0.0118503 0.376186 0.00129859 0.999913 0.0131669 -4.74606 -0.0118684 -0.0131506 0.999843 321.715
0.999935 -0.00211624 0.0112399 0.369585 0.00196275 0.999905 0.0136493 -4.75951 -0.0112677 -0.0136263 0.999844 323.346
0.999928 -0.00206554 0.0118486 0.355921 0.00190372 0.999905 0.0136529 -4.77954 -0.0118757 -0.0136294 0.999837 324.965
0.999937 -0.000551169 0.0112244 0.390887 0.000406119 0.999916 0.0129209 -4.79304 -0.0112306 -0.0129156 0.999854 326.636
0.999923 3.25129e-05 0.0124458 0.392914 -0.000183746 0.999926 0.0121504 -4.81248 -0.0124444 -0.0121517 0.999849 328.269
0.999901 -0.000841127 0.014078 0.394663 0.00064669 0.999904 0.0138103 -4.82906 -0.0140883 -0.0137998 0.999806 329.851
0.999909 -0.00234041 0.0132648 0.410236 0.00213879 0.999882 0.0151938 -4.84334 -0.0132988 -0.015164 0.999797 331.522
0.999922 -0.00242553 0.0122344 0.432577 0.00225518 0.999901 0.0139184 -4.86101 -0.012267 -0.0138897 0.999828 333.156
0.999903 -0.00200434 0.0137604 0.44681 0.00180728 0.999896 0.0143178 -4.88126 -0.0137876 -0.0142915 0.999803 334.75
0.999917 -0.000807097 0.0128603 0.448424 0.000649443 0.999925 0.0122584 -4.88569 -0.0128692 -0.0122491 0.999842 336.383
0.999916 0.00269481 0.012676 0.474443 -0.00281306 0.999953 0.00932006 -4.9172 -0.0126503 -0.00935493 0.999876 337.977
0.999936 0.0030642 0.0108826 0.471267 -0.00317511 0.999943 0.010189 -4.93197 -0.0108508 -0.0102229 0.999889 339.605
0.999936 0.00381348 0.0106998 0.506608 -0.00395371 0.999906 0.0131149 -4.9567 -0.0106488 -0.0131563 0.999857 341.227
0.99994 0.00448524 0.01005 0.517119 -0.00464481 0.999863 0.015911 -4.96643 -0.00997729 -0.0159567 0.999823 342.839
0.999947 0.00563817 0.00863958 0.510709 -0.00576843 0.999869 0.015127 -4.98122 -0.00855316 -0.015176 0.999848 344.419
0.999958 0.0059512 0.00700029 0.491712 -0.00604713 0.999887 0.0137626 -4.9968 -0.0069176 -0.0138044 0.999881 346.053
0.999981 0.0038691 0.00473899 0.485001 -0.0039387 0.999883 0.0147669 -5.00926 -0.0046813 -0.0147853 0.99988 347.653
0.99999 0.00204071 0.00391807 0.484923 -0.00210238 0.999873 0.0158019 -5.02704 -0.00388533 -0.0158099 0.999867 349.23
0.999988 0.00219161 0.00432382 0.487599 -0.00225556 0.999887 0.0148408 -5.04236 -0.00429081 -0.0148503 0.999881 350.901
0.999988 0.00129659 0.0046694 0.484815 -0.00136267 0.999899 0.014178 -5.05838 -0.00465055 -0.0141842 0.999889 352.439
0.999992 0.00116394 0.00380748 0.474671 -0.0012172 0.999901 0.0140172 -5.06942 -0.00379078 -0.0140218 0.999894 354.053
0.99999 0.000490067 0.00444988 0.474972 -0.000552051 0.999903 0.0139388 -5.08819 -0.00444262 -0.0139411 0.999893 355.64
0.999991 -0.000207234 0.00430052 0.462815 0.000149692 0.999911 0.0133764 -5.10511 -0.0043029 -0.0133756 0.999901 357.209
0.999986 -0.00033059 0.00533308 0.451389 0.000262601 0.999919 0.0127442 -5.12271 -0.00533686 -0.0127426 0.999905 358.819
0.999988 -0.000879992 0.0048134 0.461404 0.000817096 0.999915 0.0130533 -5.14035 -0.00482448 -0.0130492 0.999903 360.434
0.999987 -0.00073399 0.00503277 0.462713 0.000672566 0.999925 0.0121957 -5.15345 -0.00504135 -0.0121921 0.999913 362.041
0.999981 -0.00190724 0.00595274 0.441158 0.00184079 0.999936 0.011147 -5.17396 -0.00597362 -0.0111359 0.99992 363.543
0.999977 -0.00380423 0.00560094 0.446295 0.00373513 0.999917 0.0122964 -5.18833 -0.00564725 -0.0122752 0.999909 365.158
0.999965 -0.00590925 0.00594806 0.449766 0.00582509 0.999884 0.0140691 -5.20663 -0.00603051 -0.014034 0.999883 366.764
0.999964 -0.00586693 0.00619351 0.475124 0.00578678 0.9999 0.0128808 -5.2221 -0.00626846 -0.0128445 0.999898 368.305
0.999963 -0.00474863 0.0072104 0.461299 0.00465989 0.999914 0.0122746 -5.23603 -0.00726806 -0.0122405 0.999899 369.939
0.999971 -0.00307013 0.00689555 0.464871 0.00297951 0.99991 0.0131138 -5.24806 -0.00693519 -0.0130929 0.99989 371.506
0.999966 -0.00214014 0.00800557 0.462735 0.00202942 0.999903 0.0138137 -5.26396 -0.00803435 -0.013797 0.999873 373.152
0.999971 -0.00194866 0.00740235 0.457224 0.00184679 0.999904 0.0137435 -5.27827 -0.00742842 -0.0137294 0.999878 374.713
0.99996 -0.00164887 0.00876805 0.463177 0.00153393 0.999913 0.0130993 -5.29434 -0.00878889 -0.0130853 0.999876 376.359
0.999955 -0.0016906 0.00935646 0.457843 0.00157117 0.999917 0.0127579 -5.30836 -0.00937725 -0.0127426 0.999875 377.971
0.999949 -0.00126834 0.0100463 0.467667 0.00113842 0.999916 0.0129272 -5.32108 -0.0100619 -0.0129151 0.999866 379.537
0.999946 0.000163624 0.0104234 0.460937 -0.000298923 0.999916 0.01298 -5.33779 -0.0104204 -0.0129824 0.999861 381.195
0.999944 0.00134681 0.0105194 0.491457 -0.0014904 0.999906 0.0136543 -5.35197 -0.0105 -0.0136692 0.999852 382.761
0.999924 0.00220088 0.0121326 0.503321 -0.0023619 0.999909 0.0132739 -5.36851 -0.0121023 -0.0133015 0.999838 384.321
0.999902 0.0030084 0.0136695 0.501006 -0.00317522 0.999921 0.0121989 -5.38446 -0.0136317 -0.0122411 0.999832 385.945
0.999899 0.00382066 0.0136924 0.502619 -0.00399698 0.999909 0.0128725 -5.39952 -0.013642 -0.0129259 0.999823 387.547
0.999898 0.00517569 0.013321 0.51259 -0.00535939 0.999891 0.0137923 -5.41244 -0.0132481 -0.0138623 0.999816 389.186
0.999883 0.0065203 0.0138176 0.532734 -0.00671672 0.999876 0.0142163 -5.42847 -0.0137232 -0.0143075 0.999804 390.834
0.999879 0.00774434 0.0134539 0.560736 -0.00792775 0.999876 0.0136332 -5.44374 -0.0133466 -0.0137382 0.999817 392.432
0.999863 0.00775914 0.0145976 0.558462 -0.00796148 0.999872 0.0138551 -5.45808 -0.0144883 -0.0139694 0.999797 394.1
