1 -4.1311e-11 -1.95776e-11 0 -4.12612e-11 1 -1.70424e-11 0 -1.42043e-10 -1.70424e-11 1 -2.98023e-08
0.999884 0.000646904 0.0152055 0.0127815 -0.000635539 1 -0.000752341 -0.0140317 -0.015206 0.000742591 0.999884 0.114904
0.999309 0.00399641 0.036962 0.0251683 -0.00398801 0.999992 -0.000300914 -0.0164253 -0.0369629 0.000153302 0.999317 0.26603
0.997887 0.00608993 0.0646917 0.0494539 -0.00617716 0.99998 0.0011485 -0.0202229 -0.0646834 -0.00154568 0.997905 0.438395
0.995285 0.00498326 0.0968653 0.103062 -0.00532268 0.999981 0.00324601 -0.0229383 -0.0968472 -0.00374629 0.995292 0.608278
0.990759 0.00189203 0.135617 0.181242 -0.00264676 0.999982 0.00538506 -0.0241512 -0.135605 -0.00569424 0.990747 0.819971
0.984415 -0.00144442 0.175856 0.246472 0.00037699 0.999981 0.00610318 -0.0282719 -0.175861 -0.00594176 0.984397 1.00917
0.975522 -0.00193033 0.219893 0.338603 0.000334406 0.999973 0.00729475 -0.0292466 -0.219901 -0.00704265 0.975497 1.2388
0.963814 -0.00171389 0.266571 0.416009 -0.00104825 0.999947 0.0102191 -0.0237764 -0.266575 -0.0101287 0.963761 1.43631
0.94941 -0.00551104 0.31399 0.550924 0.000193924 0.999856 0.0169628 -0.0209266 -0.314039 -0.0160437 0.949275 1.66843
0.932475 -0.0152802 0.360911 0.681405 0.00651163 0.999654 0.0254994 -0.0311102 -0.361175 -0.0214274 0.932252 1.89336
0.910788 -0.0208966 0.412346 0.838325 0.00922216 0.999499 0.0302822 -0.0306965 -0.412772 -0.023778 0.910524 2.15638
0.885627 -0.0228983 0.463832 1.01955 0.00803071 0.999389 0.0340039 -0.027163 -0.464327 -0.0263899 0.885271 2.39252
0.857591 -0.0248967 0.51373 1.217 0.00591511 0.999239 0.0385514 -0.016095 -0.514299 -0.0300225 0.857086 2.59622
0.824978 -0.0302785 0.564353 1.4424 0.00707249 0.999039 0.0432616 -0.0121121 -0.56512 -0.0316985 0.824399 2.8371
0.789617 -0.0356777 0.612562 1.68316 0.00911502 0.99888 0.0464285 -0.00679997 -0.613533 -0.0310772 0.789057 3.04008
0.751184 -0.0403095 0.658861 1.95647 0.0105314 0.998739 0.0490964 0.00257161 -0.660009 -0.0299417 0.750661 3.28536
0.710849 -0.043824 0.701978 2.22765 0.0116387 0.998653 0.0505594 0.0130906 -0.703248 -0.02777 0.710402 3.49641
0.66969 -0.0455704 0.741242 2.56455 0.0108289 0.998609 0.0516093 0.0288809 -0.742562 -0.0265354 0.669251 3.70343
0.626569 -0.0460402 0.778005 2.88649 0.00659253 0.998531 0.053781 0.0488183 -0.779338 -0.0285685 0.625952 3.93152
0.583598 -0.0468541 0.81069 3.22856 0.00361265 0.998474 0.0551065 0.062747 -0.812034 -0.0292313 0.582877 4.13685
0.544677 -0.0479474 0.837274 3.61249 0.00152399 0.998419 0.0561841 0.0801865 -0.838645 -0.0293262 0.543889 4.34191
0.50453 -0.0505812 0.861912 4.02929 0.000965921 0.998315 0.0580207 0.0973017 -0.863394 -0.0284406 0.503728 4.55711
0.467196 -0.0504037 0.882716 4.46041 -0.00223638 0.998303 0.0581875 0.117407 -0.884151 -0.0291591 0.466291 4.76033
0.430556 -0.0496783 0.901196 4.91481 -0.00333885 0.99839 0.0566313 0.140105 -0.902558 -0.0273919 0.429697 4.93077
0.397166 -0.0484667 0.916466 5.42678 -0.00209248 0.998554 0.0537147 0.159593 -0.917745 -0.0232513 0.39649 5.11949
0.367507 -0.0467654 0.928844 5.91984 -8.47422e-05 0.998733 0.0503177 0.181211 -0.930021 -0.0185708 0.367037 5.29418
0.342785 -0.0448608 0.938342 6.48239 0.000670248 0.998871 0.0475097 0.204704 -0.939414 -0.0156567 0.342428 5.46774
0.321693 -0.0441508 0.945814 7.09293 0.00165929 0.998937 0.0460662 0.226991 -0.946843 -0.0132498 0.321424 5.65882
0.30757 -0.0448929 0.950466 7.6678 0.00326425 0.99893 0.0461257 0.253131 -0.95152 -0.0110843 0.307387 5.8473
0.294612 -0.0462687 0.954496 8.31226 0.00389766 0.998877 0.047217 0.272647 -0.955609 -0.0101904 0.294461 6.04235
0.283966 -0.0481889 0.957623 8.95075 0.00285686 0.998774 0.0494126 0.298491 -0.95883 -0.0112957 0.283756 6.21557
0.272977 -0.0497659 0.960733 9.613 0.00100885 0.998675 0.0514446 0.327021 -0.96202 -0.013074 0.272665 6.40412
0.262022 -0.051548 0.963684 10.3222 0.000331919 0.998577 0.0533242 0.355945 -0.965062 -0.0136522 0.261666 6.60859
0.252265 -0.053544 0.966176 11.0559 -0.000677924 0.998458 0.0555101 0.384116 -0.967658 -0.0146582 0.25184 6.77802
0.241733 -0.055375 0.968762 11.7717 -0.000823259 0.998358 0.0572722 0.415613 -0.970342 -0.0146421 0.24129 6.94806
0.230928 -0.0567948 0.971312 12.5461 -0.00133149 0.998276 0.058688 0.445503 -0.97297 -0.014846 0.230454 7.15365
0.223088 -0.059825 0.972961 13.3241 -0.00221365 0.998081 0.0618771 0.478585 -0.974796 -0.0159578 0.222528 7.29878
0.210548 -0.0632631 0.975534 14.0882 -0.00450314 0.997831 0.0656809 0.517466 -0.977573 -0.0182219 0.209806 7.48373
0.196673 -0.0668186 0.97819 14.8981 -0.00474296 0.997599 0.069098 0.555535 -0.980458 -0.0182292 0.195884 7.64201
0.185522 -0.0695173 0.980178 15.7169 -0.00568727 0.997402 0.0718153 0.594198 -0.982624 -0.0188979 0.184645 7.77719
0.169287 -0.0702909 0.983057 16.516 -0.00658721 0.997351 0.0724473 0.630253 -0.985545 -0.01874 0.168376 7.91292
0.15682 -0.0695776 0.985173 17.2794 -0.00811742 0.997391 0.0717326 0.669667 -0.987594 -0.0192462 0.155846 8.02584
0.138621 -0.0681629 0.987997 18.1876 -0.00934151 0.997494 0.0701288 0.712802 -0.990301 -0.0189507 0.137637 8.15302
0.119508 -0.0671956 0.990557 18.9355 -0.0117255 0.997542 0.0690841 0.748508 -0.992764 -0.0198709 0.118426 8.21218
0.0930005 -0.0656371 0.9935 19.7879 -0.0166858 0.997582 0.0674687 0.789699 -0.995526 -0.022852 0.0916803 8.299
0.0649693 -0.0653214 0.995747 20.6173 -0.0204896 0.997558 0.066777 0.824933 -0.997677 -0.0247409 0.0634722 8.34809
0.0297622 -0.0650693 0.997437 21.4833 -0.0237732 0.997551 0.065786 0.864097 -0.999274 -0.0256701 0.0281424 8.38383
-0.00422911 -0.0644732 0.99791 22.3338 -0.0248838 0.997617 0.0643487 0.898236 -0.999681 -0.0245596 -0.00582337 8.35777
-0.0363848 -0.0635829 0.997313 23.1699 -0.0266136 0.997682 0.0626355 0.929104 -0.998984 -0.0242632 -0.0379926 8.3095
-0.0696402 -0.0614313 0.995679 24.0109 -0.028452 0.997818 0.0595733 0.961249 -0.997166 -0.0241804 -0.0712361 8.28575
-0.10018 -0.0585519 0.993245 24.8812 -0.0308578 0.99797 0.0557181 0.993375 -0.994491 -0.0250675 -0.101783 8.16908
-0.133267 -0.0542216 0.989596 25.706 -0.0284313 0.998301 0.0508697 1.01853 -0.990672 -0.0213562 -0.134582 8.02858
-0.165346 -0.0485706 0.985039 26.541 -0.0233751 0.998699 0.0453205 1.03759 -0.985959 -0.0155318 -0.166266 7.8789
-0.196586 -0.0427136 0.979556 27.367 -0.017298 0.999046 0.040092 1.05142 -0.980334 -0.00906286 -0.197137 7.66149
-0.22626 -0.0369709 0.973365 28.1963 -0.0111821 0.999312 0.0353571 1.06557 -0.974003 -0.00288434 -0.226518 7.44643
-0.254979 -0.029816 0.966487 29.0517 -0.00276493 0.999543 0.0301063 1.0753 -0.966943 0.00500421 -0.254945 7.19552
-0.281135 -0.0195867 0.959468 29.8789 0.00350206 0.999764 0.0214355 1.07414 -0.959662 0.00938638 -0.281 6.96109
-0.305524 -0.0044747 0.952174 30.6419 0.0076968 0.999945 0.00716886 1.06364 -0.952153 0.00951895 -0.305472 6.68878
-0.332891 0.0122085 0.942886 31.426 0.00860296 0.999914 -0.00990952 1.04125 -0.942926 0.00481282 -0.332968 6.41114
-0.353679 0.0266587 0.934987 32.1809 0.00658329 0.99964 -0.0260119 1.01485 -0.935344 -0.00304456 -0.353727 6.08149
-0.380666 0.0373625 0.923957 32.9622 0.0107542 0.999295 -0.0359782 0.974234 -0.92465 -0.00375929 -0.3808 5.77272
-0.404023 0.042413 0.913765 33.7302 0.0149539 0.999097 -0.0397619 0.926574 -0.914627 -0.00240041 -0.404293 5.4291
-0.425289 0.0415642 0.904103 34.4736 0.0171314 0.999136 -0.0378745 0.878235 -0.904896 -0.000619057 -0.425633 5.05282
-0.445884 0.0383742 0.894268 35.221 0.0211618 0.999253 -0.032328 0.832751 -0.894841 0.00450975 -0.446363 4.68198
-0.463602 0.0375628 0.885247 35.9893 0.0290088 0.999209 -0.0272066 0.790229 -0.885568 0.0130669 -0.464325 4.2427
-0.477945 0.0381723 0.87756 36.707 0.0329182 0.999132 -0.0255322 0.74395 -0.877773 0.0166847 -0.478786 3.86479
-0.488119 0.0413779 0.871796 37.3871 0.03535 0.998993 -0.0276226 0.697371 -0.872061 0.0173348 -0.489091 3.45511
-0.498634 0.0440296 0.865694 38.086 0.0368236 0.998884 -0.0295935 0.654938 -0.86603 0.0171217 -0.499698 3.07362
-0.5092 0.0430858 0.859569 38.7445 0.0304726 0.999023 -0.0320242 0.607113 -0.860109 0.00988657 -0.510015 2.67961
-0.519821 0.0418737 0.853248 39.4807 0.0290289 0.999087 -0.0313457 0.566094 -0.853782 0.0084747 -0.520562 2.24029
-0.528344 0.0435238 0.847914 40.1801 0.0313062 0.999005 -0.0317721 0.524793 -0.848453 0.00975843 -0.529181 1.80942
-0.536476 0.0465967 0.842628 40.8277 0.0348841 0.998846 -0.0330257 0.48173 -0.843194 0.0116768 -0.537482 1.39321
-0.540214 0.0496469 0.840062 41.5308 0.0356738 0.998712 -0.0360825 0.439607 -0.840771 0.0104759 -0.541289 0.933802
-0.539333 0.0511338 0.840539 42.2144 0.0349136 0.998654 -0.0383503 0.397769 -0.841369 0.00866268 -0.540392 0.489179
-0.536664 0.0522877 0.842175 42.9477 0.037572 0.998569 -0.0380554 0.353119 -0.842959 0.0112193 -0.53786 0.0316309
-0.530358 0.0508006 0.84625 43.7105 0.0359971 0.998652 -0.0373894 0.306089 -0.847009 0.0106328 -0.531472 -0.436647
-0.523324 0.0496291 0.850687 44.4613 0.0334816 0.998729 -0.0376688 0.260932 -0.851476 0.0087694 -0.52432 -0.88769
-0.516816 0.0487335 0.854708 45.2233 0.0318955 0.998781 -0.037662 0.213376 -0.855502 0.00779705 -0.517741 -1.33415
-0.510037 0.0475289 0.858838 46.0382 0.0292121 0.998853 -0.0379293 0.166358 -0.859656 0.00574316 -0.51084 -1.81847
-0.505833 0.0453455 0.861439 46.8457 0.0248664 0.998969 -0.0379836 0.115412 -0.862273 0.00220747 -0.50644 -2.26046
-0.50396 0.0421876 0.862696 47.6894 0.0200265 0.999109 -0.0371596 0.0680923 -0.863495 -0.00145019 -0.504356 -2.74036
-0.504437 0.0397916 0.862531 48.5367 0.0171732 0.999202 -0.0360532 0.0173398 -0.863278 -0.00337417 -0.504718 -3.2294
-0.504953 0.0384249 0.862291 49.3802 0.0156 0.999252 -0.0353928 -0.0318346 -0.863006 -0.00441991 -0.505174 -3.72923
-0.50552 0.0383431 0.861963 50.2395 0.0162485 0.999258 -0.0349211 -0.0806017 -0.862662 -0.00364773 -0.505768 -4.21741
-0.505423 0.0372446 0.862067 51.1077 0.015404 0.999298 -0.0341422 -0.131769 -0.862734 -0.00397696 -0.505642 -4.73252
-0.505756 0.0366577 0.861898 51.993 0.0161006 0.999324 -0.033055 -0.181914 -0.862527 -0.00284065 -0.506004 -5.23292
-0.506081 0.0363694 0.861719 52.9079 0.0158706 0.999334 -0.0328569 -0.240766 -0.86234 -0.00295223 -0.506321 -5.75054
-0.505627 0.0346032 0.862058 53.7816 0.0136796 0.999391 -0.0320922 -0.289595 -0.862644 -0.00443413 -0.505793 -6.27213
-0.506108 0.0337465 0.86181 54.6905 0.0134028 0.999421 -0.0312641 -0.347722 -0.862366 -0.00427236 -0.506267 -6.78926
-0.505539 0.0328607 0.862178 55.5742 0.0117928 0.999444 -0.0311777 -0.402766 -0.862723 -0.0055941 -0.505646 -7.30823
-0.504411 0.0317363 0.86288 56.4807 0.0117647 0.999484 -0.0298832 -0.456371 -0.863384 -0.00492185 -0.504524 -7.82392
-0.502189 0.0292261 0.864264 57.4069 0.0121114 0.999568 -0.0267641 -0.514873 -0.864673 -0.00297323 -0.502327 -8.33621
-0.499834 0.0284496 0.865654 58.2336 0.0131354 0.999594 -0.0252671 -0.560332 -0.866022 -0.00125868 -0.500005 -8.82529
-0.497909 0.0275544 0.866792 59.1453 0.0128396 0.99962 -0.0244015 -0.612174 -0.867134 -0.00102047 -0.498073 -9.31402
-0.495009 0.0280648 0.868435 60.016 0.0132735 0.999606 -0.0247378 -0.657738 -0.868787 -0.000718249 -0.495186 -9.83518
-0.494361 0.0285697 0.868787 60.9079 0.0137541 0.999592 -0.0250448 -0.710524 -0.869148 -0.000431764 -0.494552 -10.3202
-0.495004 0.0301432 0.868367 61.8122 0.0130738 0.999543 -0.0272441 -0.760738 -0.868792 -0.00213306 -0.495172 -10.8277
-0.497991 0.0316235 0.866605 62.6584 0.0114283 0.999487 -0.0299053 -0.812431 -0.867107 -0.00498878 -0.498097 -11.3083
-0.502928 0.0321819 0.863729 63.5456 0.0106024 0.999461 -0.0310657 -0.868355 -0.864263 -0.00646618 -0.502998 -11.7959
-0.508015 0.0306875 0.860801 64.3804 0.0101321 0.999509 -0.0296528 -0.918774 -0.861288 -0.00634233 -0.508077 -12.3081
-0.512931 0.0287667 0.857948 65.2612 0.0138066 0.999586 -0.0252614 -0.971774 -0.858319 -0.00111199 -0.513115 -12.8323
-0.518786 0.0259964 0.854509 66.1189 0.0103389 0.999655 -0.0241353 -1.02462 -0.854842 -0.00368638 -0.518876 -13.3458
-0.524147 0.0285587 0.851149 66.9712 0.011975 0.999586 -0.0261649 -1.07542 -0.851544 -0.00352173 -0.524272 -13.8416
-0.528797 0.0313562 0.848169 67.7883 0.0126976 0.999498 -0.0290343 -1.12117 -0.848653 -0.00458358 -0.52893 -14.3738
-0.533665 0.0311469 0.845122 68.6465 0.0111402 0.999494 -0.0298016 -1.17813 -0.845623 -0.00648921 -0.533742 -14.8822
-0.536769 0.0313267 0.843148 69.4633 0.00970467 0.999474 -0.0309567 -1.23261 -0.843674 -0.00843413 -0.53679 -15.4045
-0.540079 0.0310216 0.841042 70.2769 0.0102798 0.999489 -0.0302647 -1.28416 -0.841551 -0.00769956 -0.540122 -15.9239
-0.543447 0.0248467 0.839076 71.1147 0.0124783 0.999691 -0.0215209 -1.32888 -0.839351 -0.00122525 -0.543589 -16.4442
-0.545093 0.0162037 0.838219 71.9475 0.0128104 0.999857 -0.0109978 -1.37258 -0.838278 0.00474314 -0.545222 -16.9924
-0.546616 0.0135289 0.837274 72.7593 0.0127163 0.999888 -0.00785458 -1.41217 -0.837287 0.00635362 -0.546727 -17.5185
-0.548308 0.0190913 0.836058 73.5542 0.0134533 0.999811 -0.0140076 -1.44229 -0.836168 0.00356728 -0.548462 -18.0182
-0.549378 0.0246321 0.835211 74.3477 0.013917 0.999696 -0.0203289 -1.48619 -0.835458 0.000455366 -0.549554 -18.5418
-0.551001 0.029268 0.833991 75.1415 0.0200859 0.99956 -0.0218081 -1.52288 -0.834263 0.00473517 -0.551346 -19.0496
-0.550878 0.0298396 0.834052 75.9212 0.0230636 0.999523 -0.0205265 -1.56634 -0.834267 0.00792865 -0.551304 -19.5782
-0.549377 0.0271561 0.835133 76.719 0.0234166 0.99958 -0.0170992 -1.60432 -0.835247 0.010162 -0.549782 -20.1031
-0.549429 0.0222283 0.835245 77.5045 0.0212155 0.999695 -0.0126492 -1.63589 -0.835271 0.0107703 -0.549733 -20.6094
-0.548493 0.0162901 0.835996 78.3114 0.0197889 0.999783 -0.00649825 -1.66715 -0.835921 0.0129792 -0.548697 -21.1229
-0.548784 0.0094596 0.835911 79.1053 0.0107602 0.999933 -0.00425157 -1.70313 -0.835895 0.0066614 -0.548849 -21.6179
-0.54728 0.00409233 0.83694 79.9016 0.00216791 0.999992 -0.00347198 -1.72317 -0.836947 -8.57342e-05 -0.547284 -22.115
-0.545059 0.00437587 0.838386 80.6955 0.00490127 0.999986 -0.00203287 -1.75026 -0.838384 0.00300112 -0.545072 -22.6215
-0.542027 0.00824452 0.84032 81.4809 0.0110859 0.999935 -0.00265984 -1.77593 -0.840288 0.00787401 -0.542084 -23.1282
-0.536419 0.0108367 0.843882 82.2599 0.0113264 0.99992 -0.00564072 -1.80691 -0.843876 0.00653238 -0.536499 -23.6318
-0.529592 0.0128148 0.848156 83.0381 0.0164654 0.999853 -0.0048257 -1.83017 -0.848093 0.0114095 -0.529725 -24.1059
-0.521407 0.0166644 0.853145 83.8416 0.0258189 0.99966 -0.00374675 -1.86004 -0.852917 0.0200737 -0.52166 -24.6035
-0.511666 0.0161326 0.859033 84.6351 0.0240799 0.9997 -0.00443156 -1.88564 -0.858847 0.018418 -0.511901 -25.0667
-0.501022 0.013548 0.865329 85.459 0.020481 0.999783 -0.00379471 -1.90898 -0.865192 0.0158215 -0.50119 -25.5294
-0.489402 0.0103979 0.871996 86.2602 0.021788 0.999763 0.000306985 -1.93162 -0.871786 0.0191493 -0.489512 -25.9699
-0.479099 0.00866152 0.877718 87.0886 0.0208166 0.999782 0.00149657 -1.95896 -0.877514 0.0189881 -0.479175 -26.4122
-0.467312 0.00751397 0.88406 87.9204 0.0202019 0.999794 0.00218106 -1.97532 -0.883862 0.018879 -0.467368 -26.8396
-0.454624 0.00983958 0.890629 88.7381 0.0251332 0.999683 0.00178492 -1.99452 -0.890329 0.0231958 -0.454727 -27.2498
-0.442663 0.0121607 0.896606 89.5562 0.0235916 0.99972 -0.00191182 -2.01949 -0.896378 0.0203061 -0.442826 -27.6542
-0.431104 0.0221914 0.902029 90.4045 0.0258137 0.999592 -0.0122545 -2.04724 -0.901933 0.0180017 -0.431501 -28.0552
-0.419242 0.0272777 0.907465 91.2031 0.0265318 0.99949 -0.0177865 -2.07323 -0.907487 0.0166198 -0.419752 -28.4095
-0.406668 0.0234588 0.913275 92.0553 0.0244092 0.999592 -0.014807 -2.10273 -0.91325 0.0162708 -0.407075 -28.7875
-0.394976 0.0198787 0.918477 92.8977 0.0249899 0.999628 -0.0108886 -2.14408 -0.918352 0.0186519 -0.395326 -29.1358
-0.385343 0.0204069 0.922548 93.718 0.0218148 0.999678 -0.0130012 -2.17769 -0.922516 0.0151153 -0.385664 -29.4788
-0.377729 0.0242904 0.925598 94.5859 0.0162306 0.999676 -0.0196109 -2.21726 -0.925774 0.00761543 -0.378001 -29.8196
-0.372424 0.0290617 0.927608 95.4181 0.00873453 0.999575 -0.0278096 -2.25689 -0.928022 -0.00225475 -0.37252 -30.1298
-0.368697 0.0313844 0.92902 96.2626 0.00634289 0.999492 -0.0312478 -2.30277 -0.929528 -0.00562833 -0.368709 -30.4641
-0.36547 0.0307413 0.930315 97.1003 0.00503507 0.999505 -0.0310496 -2.34751 -0.930809 -0.00666351 -0.365444 -30.7802
-0.359941 0.0306132 0.932473 97.9745 0.00407498 0.999504 -0.0312408 -2.39746 -0.932966 -0.00744506 -0.359887 -31.1144
-0.354723 0.0266869 0.93459 98.7847 0.00174109 0.99961 -0.0278827 -2.43924 -0.93497 -0.00826345 -0.354631 -31.4065
-0.349067 0.0220517 0.936838 99.6653 0.000177499 0.999725 -0.0234659 -2.48636 -0.937098 -0.00802487 -0.348975 -31.7225
-0.342995 0.0195029 0.939135 100.483 -0.000512081 0.99978 -0.0209493 -2.52735 -0.939337 -0.00766642 -0.34291 -32.0248
-0.337459 0.0187013 0.941154 101.315 -0.0035408 0.99977 -0.0211356 -2.56247 -0.941333 -0.0104649 -0.337316 -32.297
-0.331156 0.0180045 0.943404 102.158 -0.0150326 0.99959 -0.0243536 -2.60099 -0.943456 -0.0222467 -0.33075 -32.5654
-0.324452 0.0214947 0.945658 102.989 -0.013147 0.999543 -0.0272302 -2.64726 -0.945811 -0.0212675 -0.324021 -32.8578
-0.318682 0.0255024 0.947519 103.838 -0.00982665 0.999495 -0.0302063 -2.6899 -0.947811 -0.0189371 -0.31827 -33.112
-0.311074 0.0243157 0.950074 104.675 -0.011338 0.999507 -0.0292931 -2.73195 -0.950318 -0.0198843 -0.310645 -33.397
-0.304034 0.0192776 0.952466 105.504 -0.010244 0.999671 -0.023503 -2.76812 -0.952606 -0.0169028 -0.303737 -33.6636
-0.296439 0.0169939 0.954901 106.379 -0.00966335 0.999737 -0.0207918 -2.80806 -0.955003 -0.015391 -0.296197 -33.9319
-0.290566 0.0195001 0.956656 107.231 -0.0128115 0.999623 -0.0242672 -2.85091 -0.956769 -0.0193074 -0.290207 -34.1676
-0.283874 0.0231065 0.958583 108.079 -0.0117207 0.999551 -0.027565 -2.89311 -0.95879 -0.0190602 -0.283476 -34.4198
-0.277551 0.0240613 0.96041 108.938 -0.0121511 0.999518 -0.0285527 -2.93022 -0.960634 -0.0195949 -0.277125 -34.6533
-0.26965 0.0224999 0.962696 109.821 -0.0133498 0.999544 -0.0271004 -2.97875 -0.962866 -0.0201594 -0.269226 -34.9073
-0.261908 0.0226364 0.964827 110.656 -0.00990155 0.999609 -0.0261403 -3.01807 -0.965042 -0.0163996 -0.261581 -35.1219
-0.254453 0.023498 0.9668 111.514 -0.00640356 0.999642 -0.0259816 -3.06721 -0.967064 -0.0128021 -0.254212 -35.3493
-0.247687 0.0241745 0.968538 112.39 -0.00454299 0.999649 -0.0261128 -3.10768 -0.968829 -0.0108679 -0.247491 -35.565
-0.240595 0.0232161 0.970348 113.256 -0.010932 0.999586 -0.0266262 -3.14759 -0.970564 -0.0170139 -0.240242 -35.7708
-0.234675 0.0210726 0.971845 114.109 -0.0151086 0.999565 -0.025322 -3.18338 -0.971956 -0.0206257 -0.234254 -35.9532
-0.230149 0.0216373 0.972915 114.984 -0.0117177 0.999619 -0.0250031 -3.22451 -0.973085 -0.0171548 -0.229808 -36.1626
-0.225103 0.0217238 0.974093 115.849 -0.00996263 0.999648 -0.024596 -3.26684 -0.974284 -0.0152412 -0.224807 -36.3546
-0.220934 0.022937 0.975019 116.709 -0.00890281 0.999634 -0.0255334 -3.30678 -0.975248 -0.0143216 -0.220649 -36.5417
-0.214831 0.0223509 0.976395 117.586 -0.00222699 0.999724 -0.0233749 -3.33911 -0.976649 -0.00719608 -0.214722 -36.7361
-0.209525 0.0212139 0.977573 118.436 0.00523681 0.999775 -0.0205733 -3.38211 -0.977789 0.000808741 -0.209589 -36.9234
-0.205133 0.0206544 0.978516 119.311 0.00877381 0.999776 -0.0192638 -3.41939 -0.978695 0.00463367 -0.205268 -37.0969
-0.200544 0.0215193 0.979448 120.17 0.00556763 0.999768 -0.0208257 -3.46274 -0.979669 0.00127673 -0.200617 -37.2651
-0.196663 0.0233842 0.980192 121.035 0.0039426 0.999726 -0.0230592 -3.4961 -0.980463 -0.000670385 -0.196701 -37.4363
-0.194992 0.0228568 0.980538 121.903 0.00269173 0.999737 -0.0227691 -3.53389 -0.980801 -0.00180045 -0.195002 -37.5915
-0.194062 0.0212868 0.980758 122.735 0.000257301 0.999766 -0.0216485 -3.57703 -0.980989 -0.00394879 -0.194022 -37.7503
-0.193241 0.0174583 0.980996 123.63 0.00298094 0.999848 -0.0172066 -3.60928 -0.981147 -0.000400739 -0.193264 -37.9184
-0.192134 0.0117642 0.981298 124.484 0.000733865 0.99993 -0.0118438 -3.65033 -0.981368 -0.00155546 -0.192129 -38.0778
-0.191036 0.00963617 0.981536 125.334 0.00273397 0.999953 -0.00928487 -3.67768 -0.981579 0.000909742 -0.191054 -38.2405
-0.190394 0.014156 0.981606 126.21 0.00134803 0.999899 -0.0141584 -3.71354 -0.981707 -0.00137243 -0.190394 -38.4045
-0.189953 0.0181507 0.981625 127.047 0.00151061 0.999833 -0.0181951 -3.74652 -0.981792 -0.00197336 -0.189949 -38.5622
-0.189989 0.0172763 0.981634 127.891 -0.00059324 0.999843 -0.0177116 -3.77382 -0.981786 -0.00394736 -0.189949 -38.72
-0.18918 0.0161137 0.98181 128.767 -0.00313725 0.99985 -0.0170143 -3.8132 -0.981937 -0.00629893 -0.189101 -38.8805
-0.188506 0.0163187 0.981936 129.598 0.00154936 0.999866 -0.0163192 -3.84884 -0.982071 -0.0015549 -0.188506 -39.0396
-0.188215 0.0190988 0.981942 130.444 0.00128766 0.999815 -0.0191996 -3.88417 -0.982127 -0.00234924 -0.188205 -39.1904
-0.188141 0.0202365 0.981934 131.275 -0.00945512 0.999704 -0.0224144 -3.91573 -0.982097 -0.0135014 -0.187894 -39.3279
-0.187577 0.0214675 0.982015 132.121 -0.014752 0.999587 -0.0246695 -3.95391 -0.982139 -0.0191141 -0.187183 -39.4739
-0.187844 0.0245348 0.981892 132.952 -0.0141443 0.999517 -0.0276811 -3.99577 -0.982097 -0.0190879 -0.187406 -39.6203
-0.18731 0.0258155 0.981962 133.779 -0.010598 0.999543 -0.0282993 -4.03959 -0.982244 -0.0157075 -0.186951 -39.7646
-0.185911 0.026519 0.982209 134.591 -0.012089 0.999498 -0.029274 -4.08117 -0.982492 -0.0173163 -0.185497 -39.9134
-0.183327 0.0263615 0.982699 135.429 -0.00540497 0.999598 -0.0278231 -4.11813 -0.983037 -0.0104122 -0.183111 -40.0713
-0.180087 0.0230982 0.983379 136.278 0.00151529 0.99973 -0.0232048 -4.16428 -0.983649 -0.00268877 -0.180074 -40.2299
-0.177466 0.0185261 0.983953 137.091 0.00722171 0.99982 -0.0175224 -4.20017 -0.9841 0.00399619 -0.177568 -40.3847
-0.173669 0.018001 0.98464 137.92 0.00991874 0.999814 -0.016529 -4.23793 -0.984754 0.00689582 -0.173815 -40.525
-0.168751 0.0222573 0.985407 138.718 0.00688705 0.999747 -0.0214018 -4.2828 -0.985635 0.00317497 -0.168862 -40.6581
-0.162036 0.0255597 0.986454 139.468 0.00982014 0.999657 -0.0242887 -4.30927 -0.986736 0.00575148 -0.162231 -40.7779
-0.154569 0.0257837 0.987645 140.247 0.00454491 0.999667 -0.0253863 -4.34739 -0.987972 0.000564823 -0.154635 -40.8896
-0.144367 0.0223652 0.989271 141.112 0.0120432 0.99971 -0.0208437 -4.37986 -0.989451 0.00890485 -0.144595 -41.011
-0.132084 0.0206534 0.991023 141.881 0.0214433 0.999609 -0.0179743 -4.41813 -0.991007 0.0188767 -0.132475 -41.1237
-0.118271 0.0232401 0.992709 142.686 0.0222302 0.999537 -0.0207515 -4.45295 -0.992732 0.0196138 -0.118733 -41.2169
-0.104741 0.0243472 0.994202 143.379 0.02253 0.999502 -0.0221034 -4.47883 -0.994244 0.0200843 -0.105237 -41.2822
-0.089526 0.024173 0.995691 144.276 0.0247772 0.99945 -0.0220364 -4.52024 -0.995676 0.0226976 -0.0900757 -41.3557
-0.0767889 0.0260609 0.996707 144.951 0.028964 0.999295 -0.0238971 -4.55316 -0.996627 0.0270336 -0.0774896 -41.4082
-0.0622202 0.0319176 0.997552 145.806 0.0255238 0.999213 -0.0303788 -4.60307 -0.997736 0.0235711 -0.0629859 -41.4502
-0.0501794 0.0412698 0.997887 146.547 0.0180739 0.99902 -0.0404078 -4.64381 -0.998577 0.0160081 -0.0508762 -41.4644
-0.0361232 0.0498774 0.998102 147.312 0.0128036 0.998695 -0.0494437 -4.6928 -0.999265 0.0109933 -0.0367146 -41.4797
-0.0225324 0.0507062 0.998459 148.105 0.0114366 0.998661 -0.0504583 -4.73922 -0.999681 0.0102821 -0.0230821 -41.4837
-0.0107866 0.0467313 0.998849 148.816 0.0113816 0.998848 -0.0466084 -4.79079 -0.999877 0.0108658 -0.011306 -41.4816
0.00023007 0.0439585 0.999033 149.575 0.00967184 0.998987 -0.0439587 -4.84646 -0.999953 0.0096726 -0.000195324 -41.4658
0.00893054 0.0501844 0.9987 150.322 0.00716761 0.998711 -0.0502491 -4.90422 -0.999934 0.00760704 0.00855933 -41.4446
0.0155033 0.0587261 0.998154 151.101 -0.000614387 0.998274 -0.0587237 -4.95917 -0.99988 0.00029716 0.0155126 -41.4152
0.0185144 0.0620243 0.997903 151.821 -0.00463944 0.998069 -0.0619486 -5.00838 -0.999818 -0.00348277 0.0187664 -41.3916
0.0181365 0.057906 0.998157 152.546 -0.00736386 0.998302 -0.0577806 -5.06211 -0.999808 -0.00630236 0.0185321 -41.365
0.0175029 0.0520564 0.998491 153.292 -0.00252629 0.998643 -0.0520201 -5.13016 -0.999844 -0.00161197 0.0176107 -41.3591
0.0141932 0.0496078 0.998668 154.047 -0.00267358 0.998767 -0.0495747 -5.18014 -0.999896 -0.00196639 0.0143084 -41.3429
0.0113409 0.0498046 0.998695 154.801 -0.00100963 0.998759 -0.0497964 -5.23269 -0.999935 -0.000443571 0.0113771 -41.3269
0.00795474 0.0501576 0.99871 155.502 0.000492207 0.998741 -0.0501631 -5.2838 -0.999968 0.000890606 0.00792004 -41.3262
0.00356998 0.0480478 0.998839 156.267 0.000275703 0.998845 -0.0480491 -5.34041 -0.999994 0.000446919 0.00355261 -41.3184
-0.00188739 0.04853 0.99882 156.994 -0.00149367 0.99882 -0.0485329 -5.38727 -0.999997 -0.00158351 -0.00181268 -41.3145
-0.00809296 0.0466984 0.998876 157.716 -0.00127364 0.998908 -0.0467101 -5.43328 -0.999966 -0.00165023 -0.00802465 -41.3154
-0.0140872 0.0440539 0.99893 158.461 0.00209247 0.999028 -0.0440288 -5.48597 -0.999899 0.00146999 -0.0141657 -41.3241
-0.0190704 0.0438315 0.998857 159.176 0.000811403 0.999039 -0.043824 -5.53184 -0.999818 -2.52654e-05 -0.0190877 -41.3365
-0.0250742 0.0450567 0.99867 159.887 0.000511949 0.998984 -0.0450581 -5.57593 -0.999686 -0.000618524 -0.0250718 -41.3485
-0.0284162 0.0467818 0.998501 160.614 -0.000936418 0.998903 -0.0468273 -5.62631 -0.999596 -0.00226567 -0.0283412 -41.3677
-0.0312184 0.0490305 0.998309 161.302 -0.00145244 0.998793 -0.0490997 -5.67636 -0.999512 -0.0029828 -0.0311095 -41.3888
-0.0328041 0.0506584 0.998177 162.056 0.00131794 0.998716 -0.0506424 -5.72725 -0.999461 -0.000345743 -0.0328288 -41.4085
-0.0319084 0.049053 0.998286 162.75 0.00460429 0.998792 -0.0489306 -5.77599 -0.99948 0.0030351 -0.0320957 -41.4351
-0.0278686 0.0454228 0.998579 163.447 0.00924018 0.998936 -0.0451812 -5.8218 -0.999569 0.00796792 -0.0282586 -41.4599
-0.0206258 0.0445895 0.998793 164.151 0.00917757 0.998971 -0.044408 -5.87731 -0.999745 0.00825053 -0.0210138 -41.468
-0.00926217 0.045707 0.998912 164.839 0.012468 0.998882 -0.04559 -5.92403 -0.999879 0.0120321 -0.0098217 -41.4761
0.00487024 0.0456064 0.998948 165.518 0.0157882 0.998831 -0.0456781 -5.97128 -0.999864 0.0159941 0.0041445 -41.4715
0.0203364 0.0435965 0.998842 166.21 0.0150532 0.998922 -0.0439064 -6.01273 -0.99968 0.0159287 0.0196582 -41.4469
0.036951 0.0389789 0.998557 166.914 0.00958228 0.999179 -0.0393578 -6.05985 -0.999271 0.0110228 0.0365472 -41.4042
0.0527592 0.0327274 0.998071 167.577 0.00873465 0.999409 -0.033233 -6.09807 -0.998569 0.0104711 0.0524422 -41.3576
0.070022 0.0251691 0.997228 168.249 0.00880193 0.999627 -0.0258477 -6.13467 -0.997507 0.0105874 0.0697743 -41.2988
0.0885947 0.0171785 0.99592 168.954 0.00916564 0.999795 -0.0180607 -6.16715 -0.996026 0.0107283 0.088419 -41.2289
0.105397 0.01107 0.994369 169.597 0.00611098 0.999912 -0.0117794 -6.19734 -0.994411 0.00731809 0.10532 -41.1449
0.123528 0.00869949 0.992303 170.275 0.00631614 0.999934 -0.00955266 -6.22797 -0.992321 0.00744755 0.123465 -41.0505
0.141041 0.00767438 0.989974 170.901 0.00821266 0.999927 -0.00892159 -6.24458 -0.98997 0.00938863 0.140968 -40.9507
0.158206 0.00660289 0.987384 171.549 0.0074265 0.999941 -0.00787679 -6.26177 -0.987378 0.00857896 0.158147 -40.8321
0.173924 0.00628745 0.984739 172.193 0.00260687 0.999973 -0.00684514 -6.28344 -0.984756 0.00375762 0.173903 -40.6949
0.187875 0.0027446 0.982189 172.808 -0.00184889 0.999995 -0.0024407 -6.30223 -0.982191 -0.00135741 0.187879 -40.558
0.199965 -0.00148564 0.979802 173.426 0.00170611 0.999998 0.00116807 -6.3216 -0.979802 0.00143808 0.199967 -40.4255
0.211339 -0.0034485 0.977407 174.066 0.00768459 0.999969 0.00186651 -6.33342 -0.977383 0.00711651 0.211359 -40.2866
0.220803 0.000456966 0.975318 174.65 0.00119936 0.999999 -0.000740052 -6.35406 -0.975318 0.00133317 0.220802 -40.1368
0.229436 0.00752508 0.973295 175.249 -0.00070039 0.999971 -0.00756623 -6.37195 -0.973323 0.00105428 0.229435 -39.9776
0.23876 0.0173557 0.970923 175.839 -0.00195349 0.999847 -0.0173923 -6.39439 -0.971077 0.0022559 0.238758 -39.82
0.246784 0.0241669 0.968769 176.407 0.00108846 0.999681 -0.0252153 -6.41315 -0.96907 0.00727719 0.246679 -39.6778
0.253218 0.0226871 0.967143 177.03 0.00288629 0.999703 -0.0242066 -6.43256 -0.967405 0.00892101 0.253078 -39.5125
0.259276 0.0153652 0.965681 177.604 0.000913891 0.999869 -0.0161546 -6.45062 -0.965803 0.00507102 0.259228 -39.3417
0.26303 0.00457327 0.964777 178.238 -0.00352948 0.999987 -0.00377791 -6.47417 -0.964781 -0.00241145 0.263043 -39.1613
0.265191 -0.00442978 0.964186 178.821 -0.00376754 0.999977 0.00563044 -6.49733 -0.964189 -0.00512575 0.265168 -38.9888
0.266162 -0.00552995 0.963912 179.414 -0.0010298 0.999981 0.00602124 -6.51688 -0.963928 -0.00259526 0.266152 -38.8255
0.267524 -0.00256734 0.963548 180.024 0.00238249 0.999995 0.00200297 -6.52654 -0.963548 0.0017598 0.267528 -38.6589
0.269188 -0.00315393 0.963083 180.625 0.00437698 0.999988 0.00205139 -6.53371 -0.963078 0.00366319 0.269198 -38.4913
0.270889 -0.0049289 0.962598 181.211 0.00316812 0.999986 0.00422878 -6.53668 -0.962605 0.0019041 0.270901 -38.3152
0.273142 -0.00905707 0.961931 181.833 0.00272986 0.999959 0.00863998 -6.54987 -0.96197 0.000265998 0.273155 -38.1362
0.2763 -0.0148377 0.960957 182.46 0.00409554 0.99989 0.0142613 -6.56393 -0.961063 -4.74609e-06 0.27633 -37.9482
0.280462 -0.0177471 0.959701 183.069 0.00458645 0.999842 0.0171491 -6.56759 -0.959854 -0.000408041 0.280499 -37.7632
0.286373 -0.0195684 0.957918 183.706 0.00623185 0.999808 0.0185611 -6.56663 -0.958098 0.000654202 0.28644 -37.577
0.293787 -0.0226254 0.955603 184.316 0.00770481 0.999743 0.0213018 -6.56704 -0.95584 0.00110457 0.293886 -37.3865
0.30409 -0.0250953 0.952313 184.94 0.0102596 0.999681 0.0230675 -6.57322 -0.952588 0.00275571 0.304251 -37.1822
0.314714 -0.0228045 0.948913 185.554 0.00863091 0.999739 0.0211635 -6.57599 -0.949147 0.00152956 0.314828 -36.9634
0.32667 -0.018579 0.944956 186.165 0.00729011 0.999827 0.0171377 -6.57577 -0.94511 0.00129047 0.326749 -36.7451
0.337703 -0.0154349 0.941126 186.779 0.00638971 0.99988 0.0141057 -6.57668 -0.941231 0.00124998 0.337761 -36.5109
0.350119 -0.0146924 0.93659 187.395 0.00667907 0.999891 0.0131886 -6.57759 -0.936681 0.00163796 0.350179 -36.268
0.360458 -0.0184029 0.932594 188.019 0.00840937 0.999829 0.0164793 -6.58093 -0.932738 0.00190244 0.360551 -36.0243
0.371891 -0.0202991 0.928054 188.621 0.0082797 0.999794 0.0185504 -6.58121 -0.928239 0.000785279 0.371982 -35.7629
0.383675 -0.0209824 0.92323 189.252 0.00611896 0.999778 0.0201792 -6.5904 -0.923448 -0.00209305 0.383718 -35.4931
0.392376 -0.0222683 0.919535 189.858 0.00366277 0.999737 0.0226476 -6.57977 -0.919798 -0.00551833 0.392354 -35.2174
0.399597 -0.0208669 0.916453 190.504 -0.00138605 0.999726 0.0233672 -6.5806 -0.91669 -0.0106077 0.399459 -34.9344
0.404427 -0.0229565 0.914282 191.138 -0.00189603 0.999662 0.025939 -6.57722 -0.914569 -0.0122239 0.404246 -34.6371
0.405745 -0.0279277 0.91356 191.787 0.0028205 0.999567 0.0293043 -6.57117 -0.913982 -0.00931336 0.405648 -34.3527
0.407097 -0.0262937 0.913007 192.445 0.00514808 0.999636 0.026493 -6.56813 -0.913371 -0.006085 0.407084 -34.0596
0.406004 -0.0265053 0.913487 193.098 0.00741638 0.999642 0.0257089 -6.56508 -0.913841 -0.00366313 0.406055 -33.7731
0.404705 -0.0254656 0.914093 193.762 0.0103231 0.999676 0.0232794 -6.56019 -0.914389 1.49993e-05 0.404836 -33.4712
0.40502 -0.0269609 0.913911 194.439 0.0129697 0.999634 0.023742 -6.55294 -0.914216 0.0022372 0.405221 -33.1805
0.403238 -0.0328635 0.914505 195.13 0.0169994 0.999452 0.0284204 -6.54722 -0.914937 0.00408582 0.403576 -32.8808
0.402874 -0.0358604 0.914553 195.803 0.0167233 0.999354 0.0318187 -6.54316 -0.915103 0.00247538 0.403214 -32.5809
0.401303 -0.0381826 0.915149 196.508 0.017636 0.999268 0.0339587 -6.53933 -0.915776 0.00251183 0.401682 -32.2649
0.3994 -0.0383318 0.915975 197.198 0.0164917 0.999264 0.0346263 -6.52946 -0.916628 0.00127619 0.399738 -31.9643
0.39843 -0.038207 0.916403 197.894 0.0147177 0.99927 0.035263 -6.51794 -0.917081 -0.000562494 0.398701 -31.6614
0.395639 -0.0376177 0.917636 198.579 0.0148713 0.999292 0.0345534 -6.51234 -0.918286 -2.42463e-05 0.395918 -31.3454
0.394998 -0.0346241 0.918029 199.262 0.0158595 0.999398 0.0308691 -6.50682 -0.918545 0.00236623 0.395309 -31.0585
0.394538 -0.0275151 0.918468 199.949 0.0134909 0.999617 0.024151 -6.50778 -0.918781 0.00286245 0.394758 -30.7577
0.393188 -0.0248336 0.919123 200.624 0.0121048 0.999688 0.0218321 -6.49886 -0.919379 0.00254172 0.393366 -30.4538
0.392276 -0.0268896 0.919455 201.332 0.0107658 0.999638 0.0246414 -6.49524 -0.919785 0.000232415 0.392423 -30.1565
0.390371 -0.0305207 0.920152 202.012 0.0095307 0.999531 0.0291103 -6.49313 -0.920608 -0.0025941 0.390479 -29.8609
0.388199 -0.0302425 0.921079 202.697 0.00618982 0.999524 0.0302094 -6.49167 -0.921555 -0.00602595 0.388202 -29.5606
0.383922 -0.0301069 0.922875 203.398 0.00319829 0.999506 0.0312763 -6.4874 -0.92336 -0.00905605 0.383829 -29.2605
0.376953 -0.0316734 0.925691 204.081 0.00341253 0.999456 0.0328077 -6.47947 -0.926226 -0.00920801 0.376856 -28.9813
0.368915 -0.0316969 0.928923 204.775 0.00365895 0.99946 0.0326507 -6.47074 -0.929456 -0.00864643 0.368832 -28.7181
0.358567 -0.0309764 0.93299 205.468 0.00638118 0.999507 0.0307325 -6.47384 -0.933482 -0.00506607 0.358588 -28.4551
0.34819 -0.0279127 0.937008 206.157 0.00478115 0.999597 0.0280005 -6.47366 -0.937412 -0.00526952 0.348183 -28.2031
0.337104 -0.0277118 0.94106 206.845 0.00240122 0.999589 0.0285752 -6.45451 -0.941464 -0.00737311 0.337032 -27.9441
0.326309 -0.0351987 0.944608 207.548 0.00686454 0.999368 0.0348679 -6.44558 -0.945238 -0.00489339 0.326344 -27.7155
0.316813 -0.0445109 0.947443 208.253 0.0124228 0.999007 0.0427793 -6.44318 -0.948407 -0.00178312 0.317051 -27.4811
0.310186 -0.0498595 0.949368 208.959 0.0121543 0.99875 0.0484818 -6.43335 -0.950598 -0.00349944 0.310404 -27.2609
0.305682 -0.0509218 0.950771 209.663 0.00712429 0.998663 0.0511963 -6.407 -0.952107 -0.00887623 0.305636 -27.0261
0.302824 -0.0528192 0.951582 210.374 0.00756218 0.998565 0.0530205 -6.38565 -0.953016 -0.00885987 0.302789 -26.7912
0.300788 -0.0536262 0.952182 211.08 0.00865789 0.99853 0.0535015 -6.3646 -0.953652 -0.00784873 0.30081 -26.5635
0.299594 -0.0525778 0.952617 211.798 0.00869192 0.998589 0.0523816 -6.34647 -0.954027 -0.00741315 0.299629 -26.3332
0.299479 -0.0499984 0.952792 212.507 0.00464529 0.998691 0.0509469 -6.31868 -0.954092 -0.0108315 0.299319 -26.0923
0.300301 -0.0508743 0.952487 213.235 0.0045055 0.998641 0.051919 -6.29846 -0.953834 -0.0112999 0.300123 -25.8646
0.30087 -0.0521195 0.95224 213.955 0.00442056 0.998571 0.0532587 -6.27446 -0.953655 -0.0118145 0.300671 -25.6196
0.303001 -0.0536733 0.951478 214.679 0.00571147 0.998497 0.0545068 -6.25449 -0.952973 -0.0110813 0.302852 -25.3895
0.304763 -0.0557714 0.950794 215.406 0.00929349 0.998411 0.0555856 -6.23206 -0.952383 -0.00810426 0.304797 -25.1634
0.307876 -0.0565157 0.949747 216.132 0.0102356 0.998373 0.0560912 -6.20193 -0.951371 -0.00754791 0.307954 -24.9232
0.31222 -0.0579481 0.948241 216.86 0.00808084 0.998264 0.0583443 -6.17684 -0.949975 -0.0105537 0.312146 -24.6773
0.317853 -0.0616127 0.946136 217.604 0.00660133 0.998006 0.0627727 -6.14394 -0.948117 -0.0137068 0.317626 -24.4185
0.323211 -0.0656542 0.944047 218.332 0.00624674 0.997717 0.0672481 -6.11239 -0.946306 -0.0158381 0.322884 -24.1659
0.327375 -0.065987 0.942588 219.087 0.00452689 0.997657 0.0682699 -6.08237 -0.944884 -0.0180828 0.326906 -23.8939
0.331101 -0.0628721 0.941498 219.812 0.00260652 0.997835 0.0657176 -6.05325 -0.943592 -0.0193051 0.330548 -23.623
0.336546 -0.0555449 0.940027 220.524 -0.00610466 0.998109 0.0611625 -6.0203 -0.941647 -0.0263226 0.335571 -23.3572
0.340535 -0.0524897 0.938766 221.229 -0.00822649 0.998236 0.058799 -5.9874 -0.940196 -0.0277458 0.339502 -23.0911
0.344736 -0.0533267 0.937184 221.963 -0.00821825 0.998175 0.0598202 -5.9591 -0.938664 -0.0283242 0.343669 -22.8122
0.349641 -0.050959 0.935497 222.682 -0.0104166 0.998246 0.0582703 -5.9324 -0.936826 -0.0301184 0.348497 -22.5314
0.352839 -0.0481824 0.934443 223.424 -0.0116376 0.99837 0.055873 -5.90609 -0.935612 -0.0305889 0.351704 -22.2434
0.357975 -0.0475203 0.932521 224.15 -0.011994 0.998388 0.0554811 -5.8795 -0.933654 -0.0310455 0.356828 -21.9604
0.362648 -0.0491372 0.93063 224.876 -0.0110131 0.998313 0.0570025 -5.85393 -0.931861 -0.030921 0.361495 -21.6699
0.366305 -0.0497453 0.929164 225.636 -0.00820497 0.998358 0.0566845 -5.82919 -0.930459 -0.0283876 0.365296 -21.3669
0.37062 -0.0496906 0.927454 226.358 -0.00436852 0.998464 0.0552408 -5.80753 -0.928774 -0.024525 0.369834 -21.0778
0.374412 -0.0478052 0.926029 227.09 -0.00546956 0.998539 0.0537598 -5.78687 -0.927246 -0.0251933 0.373604 -20.7761
0.379468 -0.0479836 0.92396 227.817 -0.0094419 0.998401 0.0557273 -5.75691 -0.925157 -0.0298707 0.378409 -20.4592
0.383236 -0.0476615 0.92242 228.536 -0.0130045 0.99829 0.0569847 -5.72781 -0.923559 -0.0338342 0.381961 -20.1539
0.388107 -0.0455053 0.92049 229.268 -0.0102828 0.998504 0.0536976 -5.70889 -0.921557 -0.0303056 0.387059 -19.8359
0.390998 -0.0392317 0.919555 229.998 -0.00988003 0.998855 0.046816 -5.69443 -0.920339 -0.0273902 0.390162 -19.5146
0.394916 -0.0330426 0.918123 230.715 -0.0151981 0.998981 0.0424899 -5.67253 -0.918591 -0.0307336 0.394012 -19.1857
0.39788 -0.0323924 0.916866 231.425 -0.0236781 0.998681 0.0455582 -5.64096 -0.917132 -0.0398363 0.396588 -18.8595
0.400368 -0.0428725 0.915351 232.17 -0.0213725 0.998196 0.056101 -5.61681 -0.916105 -0.0420244 0.39873 -18.5317
0.401474 -0.0556651 0.914177 232.903 -0.0170339 0.997525 0.0682209 -5.58946 -0.915712 -0.0429609 0.399532 -18.1995
0.403882 -0.0638227 0.912582 233.631 -0.0170371 0.996866 0.0772574 -5.55298 -0.914652 -0.0467506 0.401529 -17.8798
0.406187 -0.0664493 0.911371 234.356 -0.0172862 0.996615 0.0803688 -5.51582 -0.913627 -0.0483988 0.403663 -17.5536
0.409103 -0.0611315 0.910438 235.07 -0.0203494 0.996894 0.0760805 -5.47803 -0.912261 -0.0496516 0.406588 -17.2247
0.413813 -0.0549407 0.908703 235.804 -0.0198479 0.997396 0.0693417 -5.44068 -0.910146 -0.0467303 0.411645 -16.8891
0.41771 -0.05039 0.907182 236.508 -0.0202903 0.997695 0.0647601 -5.40219 -0.908354 -0.0454579 0.415724 -16.5542
0.422673 -0.0485383 0.904982 237.222 -0.017487 0.997942 0.0616915 -5.37264 -0.906114 -0.0419008 0.420954 -16.2196
0.426689 -0.0463168 0.903211 237.938 -0.0177944 0.998065 0.0595872 -5.33974 -0.904223 -0.0414973 0.425039 -15.8704
0.430396 -0.048052 0.90136 238.67 -0.0162709 0.998007 0.0609735 -5.30726 -0.902494 -0.0409087 0.428756 -15.5112
0.433366 -0.0548619 0.899547 239.37 -0.00922929 0.997823 0.065302 -5.27177 -0.901171 -0.0366018 0.431916 -15.1723
0.437253 -0.0591536 0.897391 240.1 -0.0110248 0.997407 0.0711182 -5.23821 -0.899271 -0.0409902 0.435467 -14.8114
0.438712 -0.066754 0.896145 240.808 -0.00612303 0.996992 0.0772637 -5.19891 -0.898607 -0.0393836 0.436984 -14.465
0.44151 -0.0707945 0.894459 241.543 -0.00669918 0.996595 0.082185 -5.15316 -0.897231 -0.0422777 0.439533 -14.095
0.443234 -0.0781277 0.892995 242.246 -0.00292466 0.996063 0.0885967 -5.10795 -0.896401 -0.0418808 0.441261 -13.7441
0.444641 -0.0790494 0.892214 242.964 -0.00383807 0.995921 0.0901505 -5.0607 -0.8957 -0.043509 0.442524 -13.3828
0.445841 -0.0682994 0.892503 243.683 -0.0111482 0.996584 0.0818332 -5.01248 -0.895043 -0.0464344 0.443556 -13.0094
0.447238 -0.0545747 0.892748 244.393 -0.0151045 0.997534 0.0685472 -4.98022 -0.894288 -0.0441414 0.445311 -12.6549
0.447192 -0.0454964 0.89328 245.092 -0.016523 0.998115 0.0591075 -4.93912 -0.894286 -0.0411921 0.445597 -12.2934
0.447412 -0.0482797 0.893024 245.823 -0.0150793 0.997993 0.0615095 -4.89668 -0.894201 -0.0409862 0.445786 -11.9111
0.446961 -0.0543079 0.892903 246.524 -0.014376 0.99759 0.0678713 -4.86166 -0.894438 -0.0431723 0.445104 -11.5638
0.448546 -0.0561017 0.891997 247.248 -0.0129739 0.997514 0.0692621 -4.82997 -0.893665 -0.04264 0.446704 -11.1754
