1 -4.1311e-11 -7.1807e-10 -4.65661e-10 -4.12612e-11 1 -1.70424e-11 0 5.56449e-10 -1.70424e-11 1 -2.98023e-08
0.999999 0.000388971 0.00112043 0.000578893 -0.000389848 1 0.000782302 -0.0454841 -0.00112013 -0.000782739 0.999999 1.19625
0.999996 0.000746818 0.00284146 -0.00512335 -0.0007498 0.999999 0.00104846 -0.0727804 -0.00284068 -0.00105059 0.999995 2.39796
0.999991 5.0954e-05 0.00423606 -0.00759392 -5.75902e-05 0.999999 0.0015662 -0.0998422 -0.00423598 -0.00156643 0.99999 3.60532
0.999988 -0.000266445 0.00485989 -0.00403089 0.000260327 0.999999 0.0012593 -0.128501 -0.00486022 -0.00125802 0.999987 4.80743
0.999987 -0.000624432 0.00515671 0.00123238 0.000615872 0.999998 0.00166151 -0.151881 -0.00515774 -0.00165831 0.999985 6.0107
0.999983 -0.000802378 0.005746 -0.00442813 0.00079719 0.999999 0.00090496 -0.181785 -0.00574672 -0.000900365 0.999983 7.21647
0.999969 -0.000408649 0.00791351 0.00343831 0.000404356 1 0.000543995 -0.206582 -0.00791373 -0.000540777 0.999969 8.42885
0.999974 -0.000986757 0.00710682 0.00318456 0.000970739 0.999997 0.0022571 -0.234866 -0.00710903 -0.00225014 0.999972 9.63622
0.99999 -0.00176683 0.00406593 -0.0032153 0.00175424 0.999994 0.00309918 -0.259456 -0.00407138 -0.00309202 0.999987 10.8438
0.999992 -0.00284528 0.00293223 -0.0131935 0.00283812 0.999993 0.00244353 -0.288645 -0.00293916 -0.00243518 0.999993 12.0401
0.999995 -0.00274317 0.00138686 -0.0144679 0.00274053 0.999994 0.00189728 -0.314157 -0.00139205 -0.00189347 0.999997 13.2294
0.999997 -0.00258612 0.000384915 -0.00931722 0.00258535 0.999995 0.00198432 -0.340434 -0.000390045 -0.00198332 0.999998 14.4204
0.999999 -0.00111672 0.000122059 -0.0261319 0.00111658 0.999999 0.00115432 -0.367114 -0.000123348 -0.00115418 0.999999 15.613
0.999998 -0.00202607 -0.000424768 -0.0431898 0.00202663 0.999997 0.00132372 -0.389893 0.000422084 -0.00132458 0.999999 16.8036
0.999997 -0.00195624 -0.001515 -0.0342969 0.00195906 0.999996 0.00186298 -0.420341 0.00151135 -0.00186595 0.999997 18.0097
0.999993 -0.00234719 -0.00287276 -0.0509752 0.00235385 0.999995 0.00231637 -0.445563 0.0028673 -0.00232311 0.999993 19.1708
0.999994 -0.00239845 -0.0024571 -0.0612255 0.00240182 0.999996 0.00136782 -0.475523 0.00245381 -0.00137371 0.999996 20.392
0.999994 -0.00232596 -0.00270075 -0.0712481 0.00232745 0.999997 0.000546556 -0.498328 0.00269947 -0.000552838 0.999996 21.5697
0.999996 -0.00195608 -0.00190019 -0.0813239 0.00195797 0.999998 0.000995073 -0.526523 0.00189824 -0.00099879 0.999998 22.7766
0.999997 -0.00232807 -0.000942934 -0.090272 0.00232867 0.999997 0.000639023 -0.552778 0.000941443 -0.000641216 0.999999 23.963
0.999993 -0.00156301 -0.00338716 -0.100575 0.00156273 0.999999 -8.52093e-05 -0.581003 0.00338729 7.99157e-05 0.999994 25.1675
0.999981 -0.00110994 -0.00609726 -0.124808 0.00111466 0.999999 0.000770383 -0.607658 0.0060964 -0.000777165 0.999981 26.3957
0.999965 -0.00261299 -0.00796711 -0.133848 0.00263255 0.999994 0.00244564 -0.632939 0.00796067 -0.00246653 0.999965 27.5722
0.999969 -0.00289103 -0.00734773 -0.156019 0.0029129 0.999991 0.0029675 -0.660135 0.00733909 -0.00298881 0.999969 28.772
0.999968 -0.00314214 -0.00732462 -0.173623 0.00315701 0.999993 0.00202003 -0.683541 0.00731822 -0.00204309 0.999971 29.9616
0.999967 -0.0031535 -0.0074981 -0.190233 0.00316035 0.999995 0.000900591 -0.708886 0.00749522 -0.000924257 0.999972 31.1453
0.999976 -0.00261198 -0.00647252 -0.201591 0.0026162 0.999996 0.000643275 -0.736862 0.00647082 -0.000660193 0.999979 32.3522
0.999933 -0.00267724 -0.0112193 -0.211579 0.00269348 0.999995 0.00143308 -0.760929 0.0112154 -0.00146321 0.999936 33.5371
0.999948 -0.00307051 -0.00972978 -0.236578 0.00308774 0.999994 0.0017565 -0.786712 0.00972433 -0.00178645 0.999951 34.7367
0.999979 -0.00372685 -0.00520638 -0.249679 0.0037332 0.999992 0.00121033 -0.817625 0.00520182 -0.00122974 0.999986 35.9527
0.999946 -0.00346551 -0.00982175 -0.261197 0.00347558 0.999994 0.00100857 -0.840719 0.00981819 -0.00104265 0.999951 37.1445
0.999936 -0.00421837 -0.0104731 -0.280706 0.0042351 0.99999 0.00157577 -0.869331 0.0104663 -0.00162002 0.999944 38.3687
0.999969 -0.003816 -0.00693473 -0.306737 0.00383561 0.999989 0.00281725 -0.893668 0.0069239 -0.00284376 0.999972 39.5407
0.999985 -0.00336744 -0.00428989 -0.321825 0.00338248 0.999988 0.00350376 -0.921583 0.00427804 -0.00351822 0.999985 40.7469
0.99999 -0.00228868 -0.00396897 -0.325341 0.00230312 0.999991 0.00363579 -0.943508 0.00396061 -0.00364489 0.999986 41.9515
0.999974 -0.000362658 -0.00722739 -0.32841 0.000390038 0.999993 0.00378739 -0.969567 0.00722596 -0.00379011 0.999967 43.1574
0.999958 0.0025974 -0.00875158 -0.34258 -0.00254858 0.999981 0.00558565 -0.988385 0.00876593 -0.00556311 0.999946 44.3533
0.999973 0.00231596 -0.00701382 -0.377389 -0.00225792 0.999963 0.00827072 -1.01113 0.00703272 -0.00825466 0.999941 45.5656
0.999981 0.0034222 -0.00516385 -0.381604 -0.00336397 0.999931 0.011243 -1.0267 0.00520196 -0.0112254 0.999923 46.7585
0.999985 0.00352478 -0.00417445 -0.387985 -0.00346298 0.999886 0.0147185 -1.03851 0.00422585 -0.0147038 0.999883 47.9761
0.999989 0.0027991 -0.00377956 -0.392454 -0.00274039 0.999877 0.0154495 -1.05025 0.00382234 -0.015439 0.999874 49.1604
0.999996 0.00163514 -0.00247366 -0.406744 -0.00159954 0.999896 0.0143256 -1.06054 0.00249683 -0.0143216 0.999894 50.3717
0.999996 0.00278274 0.000310113 -0.415039 -0.00278658 0.99991 0.0131331 -1.07276 -0.000273539 -0.0131339 0.999914 51.5741
0.999994 0.00348386 0.000168479 -0.417419 -0.0034857 0.999915 0.0125296 -1.07521 -0.000124814 -0.0125301 0.999921 52.7828
0.999993 0.00310199 0.00189623 -0.428738 -0.00312461 0.999923 0.0120434 -1.09329 -0.00185873 -0.0120493 0.999926 53.9876
0.999996 0.00274969 0.00113413 -0.444498 -0.00276198 0.999936 0.010979 -1.10717 -0.00110387 -0.0109821 0.999939 55.1934
0.999985 0.00346945 -0.00419625 -0.446595 -0.00342293 0.999933 0.011041 -1.11981 0.00423428 -0.0110265 0.99993 56.399
0.999958 0.00326012 -0.00862248 -0.453207 -0.00314712 0.99991 0.0130865 -1.13516 0.00866436 -0.0130588 0.999877 57.6089
0.999964 0.00454138 -0.00722515 -0.474131 -0.00444356 0.999899 0.0134968 -1.14644 0.00728572 -0.0134642 0.999883 58.8203
0.999967 0.00528925 -0.00613831 -0.467148 -0.00520548 0.999894 0.0135839 -1.1597 0.00620951 -0.0135515 0.999889 60.048
0.999919 0.00600366 -0.0112009 -0.495597 -0.00585396 0.999894 0.0133498 -1.17343 0.0112798 -0.0132831 0.999848 61.2513
0.999906 0.0058472 -0.0124395 -0.523892 -0.00568422 0.999898 0.0130965 -1.18254 0.0125148 -0.0130246 0.999837 62.4668
0.999928 0.00480472 -0.0110125 -0.533012 -0.00467044 0.999915 0.0121868 -1.19959 0.0110701 -0.0121344 0.999865 63.639
0.999959 0.00450729 -0.00783632 -0.570624 -0.00440536 0.999906 0.0129769 -1.21171 0.00789407 -0.0129418 0.999885 64.8322
0.999943 0.00359825 -0.0100108 -0.572437 -0.00345311 0.999889 0.0144781 -1.22275 0.0100618 -0.0144427 0.999845 66.0184
0.99993 0.00452613 -0.0109242 -0.58461 -0.00438125 0.999903 0.0132496 -1.23837 0.0109831 -0.0132008 0.999853 67.1845
0.999948 0.00705971 -0.00734394 -0.634422 -0.00697253 0.999906 0.01183 -1.24924 0.00742676 -0.0117782 0.999903 68.3848
0.999956 0.00823647 -0.00459349 -0.645008 -0.00818085 0.999895 0.0119993 -1.26298 0.00469184 -0.0119612 0.999918 69.5984
0.999947 0.00997471 -0.00250975 -0.644573 -0.00994236 0.999871 0.0125868 -1.27901 0.00263497 -0.0125611 0.999918 70.7603
0.999901 0.0120208 -0.00727889 -0.634408 -0.0119296 0.999851 0.0124483 -1.28933 0.00742745 -0.0123603 0.999896 71.9836
0.999924 0.0115386 -0.00443975 -0.653411 -0.0114738 0.999831 0.0143624 -1.3056 0.00460472 -0.0143104 0.999887 73.1648
0.999898 0.0132379 -0.00528407 -0.674409 -0.0131626 0.999815 0.014041 -1.31357 0.00546897 -0.01397 0.999887 74.3472
0.999936 0.0113384 -0.000602937 -0.688765 -0.0113298 0.999854 0.0127871 -1.32562 0.000747835 -0.0127794 0.999918 75.5592
0.999937 0.0103769 0.0042699 -0.668182 -0.0104092 0.999917 0.007611 -1.35174 -0.00419057 -0.00765496 0.999962 76.713
0.999926 0.0111122 0.00486738 -0.659158 -0.0111452 0.999915 0.00680958 -1.3645 -0.00479129 -0.00686333 0.999965 77.8635
0.999947 0.00942971 0.00414739 -0.656904 -0.00947211 0.999902 0.0103259 -1.38072 -0.00404961 -0.0103647 0.999938 79.0493
0.999936 0.00882818 0.00701592 -0.665075 -0.00890923 0.999893 0.0116066 -1.39957 -0.0069127 -0.0116684 0.999908 80.2183
0.999849 0.0104436 0.0139114 -0.675166 -0.0105769 0.999899 0.00954402 -1.41116 -0.0138104 -0.00968971 0.999858 81.3813
0.999815 0.00863285 0.0171982 -0.667449 -0.00875259 0.999938 0.00689921 -1.43155 -0.0171375 -0.00704847 0.999828 82.5776
0.999746 0.00861604 0.0208362 -0.62698 -0.00868377 0.999957 0.00316235 -1.45726 -0.020808 -0.00334248 0.999778 83.7302
0.999708 0.0074212 0.0229841 -0.591556 -0.0074771 0.999969 0.00234696 -1.48122 -0.0229659 -0.00251813 0.999733 84.8468
0.999656 0.0067848 0.0253531 -0.576663 -0.00690316 0.999966 0.00458412 -1.5034 -0.0253211 -0.00475755 0.999668 86.0226
0.999537 0.00805847 0.0293346 -0.535734 -0.00820069 0.999955 0.00473109 -1.52899 -0.0292952 -0.00496947 0.999559 87.1931
0.999308 0.00789195 0.0363512 -0.520964 -0.00798792 0.999965 0.00249545 -1.55514 -0.0363302 -0.00278409 0.999336 88.3231
0.999268 0.00875207 0.0372301 -0.461993 -0.00877735 0.999961 0.000515639 -1.58393 -0.0372242 -0.000842043 0.999307 89.482
0.999196 0.00846698 0.039196 -0.440178 -0.00850001 0.999964 0.000675994 -1.60796 -0.0391889 -0.00100862 0.999231 90.5812
0.999031 0.0066379 0.0435005 -0.406001 -0.00671835 0.999976 0.00170353 -1.63509 -0.0434881 -0.00199413 0.999052 91.7577
0.998917 0.00575226 0.0461724 -0.34888 -0.00588941 0.999979 0.00283468 -1.6568 -0.0461551 -0.00310353 0.99893 92.9068
0.998784 0.00530213 0.0490086 -0.290327 -0.0055354 0.999974 0.00462541 -1.68198 -0.0489828 -0.00489107 0.998788 94.0737
0.99859 0.00342963 0.0529813 -0.239798 -0.00371962 0.999979 0.00537575 -1.70005 -0.0529618 -0.00556524 0.998581 95.2367
0.99849 0.00247601 0.0548793 -0.197528 -0.00264374 0.999992 0.0029839 -1.72289 -0.0548715 -0.00312448 0.998489 96.3877
0.998358 0.000816783 0.0572741 -0.129952 -0.000815607 1 -4.38978e-05 -1.74853 -0.0572741 -2.88602e-06 0.998358 97.5532
0.998232 0.00186282 0.0594131 -0.0704607 -0.00169904 0.999995 -0.00280706 -1.77271 -0.059418 0.00270115 0.99823 98.715
0.998151 0.00157401 0.0607576 -0.0125073 -0.00134868 0.999992 -0.00374942 -1.79895 -0.060763 0.00366055 0.998146 99.8584
0.998098 0.00212094 0.061618 0.0551419 -0.00192377 0.999993 -0.003259 -1.82726 -0.0616244 0.00313426 0.998095 101.064
0.998154 0.00173149 0.0607149 0.134493 -0.00163341 0.999997 -0.001665 -1.85642 -0.0607176 0.00156275 0.998154 102.249
0.998274 0.000916514 0.05873 0.194566 -0.000912021 1 -0.000103304 -1.88383 -0.05873 4.95639e-05 0.998274 103.425
0.99838 0.00130304 0.056887 0.252546 -0.0013542 0.999999 0.000860728 -1.90734 -0.0568858 -0.000936369 0.99838 104.635
0.998512 0.00135686 0.0545149 0.303883 -0.00144818 0.999998 0.00163562 -1.93142 -0.0545126 -0.00171213 0.998512 105.809
0.998727 0.00187341 0.0504097 0.356837 -0.00195722 0.999997 0.0016133 -1.95418 -0.0504066 -0.00170991 0.998727 107.028
0.998968 0.00337572 0.0452873 0.415365 -0.00341906 0.999994 0.000879473 -1.97747 -0.045284 -0.00103341 0.998974 108.245
0.999159 0.00376498 0.0408393 0.451387 -0.00382558 0.999992 0.00140595 -2.00195 -0.0408337 -0.001561 0.999165 109.46
0.999226 0.00413822 0.03913 0.48573 -0.00422911 0.999989 0.00224021 -2.02435 -0.0391202 -0.00240396 0.999232 110.65
0.999401 0.0041069 0.0343518 0.531537 -0.00422474 0.999985 0.00335872 -2.04847 -0.0343375 -0.00350183 0.999404 111.892
0.999514 0.00403205 0.0309036 0.550679 -0.00415443 0.999984 0.00389687 -2.0712 -0.0308874 -0.00402336 0.999515 113.106
0.999656 0.00461699 0.0258075 0.580223 -0.0047328 0.999979 0.00442821 -2.09412 -0.0257865 -0.00454883 0.999657 114.336
0.999811 0.00536887 0.0186794 0.594557 -0.00544829 0.999976 0.00420322 -2.11395 -0.0186564 -0.0043042 0.999817 115.559
0.999884 0.00612601 0.0139583 0.608025 -0.00618389 0.999972 0.00410717 -2.13679 -0.0139328 -0.00419301 0.999894 116.772
0.999926 0.00683441 0.0100368 0.61328 -0.00687189 0.99997 0.00370452 -2.15892 -0.0100112 -0.00377322 0.999943 118.012
0.99992 0.00859402 0.00928391 0.617229 -0.008626 0.999957 0.00341027 -2.1821 -0.0092542 -0.00349008 0.999951 119.238
0.999931 0.0107974 0.00451717 0.620332 -0.0108134 0.999935 0.00353501 -2.20168 -0.00447871 -0.00358361 0.999984 120.474
0.999923 0.0118052 0.00390965 0.619828 -0.0118196 0.999923 0.00367901 -2.22893 -0.00386592 -0.00372494 0.999986 121.714
0.999893 0.0136372 0.00529924 0.608538 -0.0136575 0.9999 0.00381352 -2.25113 -0.00524671 -0.00388549 0.999979 122.943
0.999869 0.0152557 0.00541779 0.58756 -0.0152819 0.999872 0.00483003 -2.26975 -0.00534341 -0.00491219 0.999974 124.196
0.99986 0.0153003 0.00676577 0.593986 -0.0153368 0.999868 0.0053774 -2.29468 -0.0066826 -0.00548042 0.999963 125.447
0.99981 0.0185373 0.005976 0.580891 -0.0185803 0.999801 0.00722042 -2.31262 -0.00584097 -0.00733009 0.999956 126.699
0.999787 0.0197746 0.00594296 0.589065 -0.0198329 0.999754 0.00992389 -2.32213 -0.00574525 -0.0100396 0.999933 127.969
0.999814 0.0181326 0.00654577 0.569755 -0.0181991 0.999782 0.0102423 -2.3428 -0.00635862 -0.0103595 0.999926 129.2
0.999794 0.0187686 0.00779461 0.579452 -0.0188368 0.999784 0.00877157 -2.35925 -0.0076283 -0.00891658 0.999931 130.482
0.999824 0.0163066 0.00931848 0.58745 -0.0163952 0.99982 0.00950563 -2.3714 -0.00916181 -0.00965673 0.999911 131.731
0.999894 0.0129617 0.00654932 0.589159 -0.0130362 0.999849 0.0114616 -2.38985 -0.00639977 -0.0115458 0.999913 132.989
0.999927 0.0100259 0.00670798 0.607136 -0.0101128 0.999864 0.013046 -2.4004 -0.00657627 -0.0131129 0.999892 134.271
0.999929 0.00762996 0.00914846 0.61009 -0.00775847 0.999871 0.0140951 -2.41171 -0.00903973 -0.0141651 0.999859 135.54
0.999946 0.003937 0.00958799 0.612543 -0.0040559 0.999915 0.0124128 -2.42899 -0.00953831 -0.0124511 0.999877 136.833
0.999925 0.00200828 0.0120465 0.633329 -0.00214731 0.999931 0.0115401 -2.43608 -0.0120225 -0.0115651 0.999861 138.106
0.999952 -0.000235526 0.00982821 0.644042 0.000120122 0.999931 0.0117409 -2.45498 -0.0098303 -0.0117392 0.999883 139.405
0.999937 0.000179478 0.0112067 0.666908 -0.000315561 0.999926 0.0121425 -2.4649 -0.0112037 -0.0121453 0.999864 140.672
0.999942 0.000604197 0.0107236 0.668303 -0.000755113 0.999901 0.0140749 -2.47947 -0.0107141 -0.0140822 0.999843 141.934
0.999924 0.00247733 0.0120864 0.668836 -0.00266358 0.999878 0.0154185 -2.48603 -0.0120468 -0.0154495 0.999808 143.211
0.999922 0.00270111 0.0121755 0.706048 -0.00287489 0.999894 0.0142781 -2.50371 -0.0121357 -0.014312 0.999824 144.5
0.99987 0.00363275 0.0156966 0.707819 -0.00382004 0.999922 0.0119183 -2.51345 -0.0156521 -0.0119767 0.999806 145.76
0.99987 0.00314609 0.0158192 0.719762 -0.00329708 0.999949 0.00952735 -2.52864 -0.0157884 -0.00957827 0.99983 147.047
0.999903 0.00259902 0.0136599 0.752393 -0.00268324 0.999978 0.00615067 -2.55434 -0.0136436 -0.00618673 0.999888 148.313
0.999937 0.00296409 0.0108421 0.787156 -0.00299254 0.999992 0.00260846 -2.5767 -0.0108343 -0.00264074 0.999938 149.567
0.999891 0.00268538 0.0145149 0.787671 -0.00271038 0.999995 0.00170319 -2.60309 -0.0145102 -0.00174234 0.999893 150.826
0.999906 0.00237314 0.0135401 0.803092 -0.00239948 0.999995 0.00192947 -2.63191 -0.0135354 -0.00196177 0.999906 152.106
0.999922 0.0032617 0.0120285 0.821434 -0.00329174 0.999992 0.00247784 -2.65892 -0.0120203 -0.00251724 0.999925 153.368
0.99992 0.00347044 0.0121988 0.822302 -0.00351325 0.999988 0.00348939 -2.68541 -0.0121865 -0.00353197 0.99992 154.625
0.999883 0.00452234 0.0146171 0.82579 -0.00457676 0.999983 0.00369177 -2.71023 -0.0146001 -0.00375824 0.999886 155.885
0.999851 0.00462687 0.0166155 0.846343 -0.00468154 0.999984 0.00325301 -2.73655 -0.0166001 -0.00333032 0.999857 157.145
0.999907 0.00509084 0.0126649 0.869152 -0.00514131 0.999979 0.00395499 -2.76351 -0.0126445 -0.00401974 0.999912 158.419
0.999933 0.00457066 0.0106276 0.876254 -0.00462653 0.999976 0.00523843 -2.78787 -0.0106034 -0.00528725 0.99993 159.673
0.999915 0.00539945 0.0118419 0.884669 -0.0054589 0.999973 0.00499351 -2.81147 -0.0118146 -0.00505773 0.999917 160.962
0.999947 0.00548883 0.00875322 0.895373 -0.0055299 0.999974 0.00467479 -2.8353 -0.00872733 -0.00472294 0.999951 162.224
0.999943 0.00674543 0.00822205 0.898101 -0.00677272 0.999972 0.00329489 -2.85835 -0.00819959 -0.00335039 0.999961 163.466
0.999938 0.00697223 0.00872324 0.895846 -0.00699774 0.999971 0.00289732 -2.8823 -0.00870279 -0.00295818 0.999958 164.758
0.999957 0.0068573 0.00629018 0.917338 -0.00687205 0.999974 0.00232588 -2.91013 -0.00627406 -0.002369 0.999978 166.035
0.999944 0.00720708 0.00776072 0.90014 -0.00721895 0.999973 0.00150201 -2.93718 -0.00774968 -0.00155795 0.999969 167.293
0.999949 0.00706966 0.00726123 0.906564 -0.00708522 0.999973 0.00211906 -2.9632 -0.00724605 -0.0021704 0.999971 168.569
0.999959 0.00699793 0.00575163 0.918126 -0.00701638 0.99997 0.00319421 -2.99261 -0.00572911 -0.00323444 0.999978 169.86
0.99996 0.00734076 0.00513837 0.916147 -0.00735869 0.999967 0.00347764 -3.01615 -0.00511268 -0.00351531 0.999981 171.095
0.999968 0.00773596 0.00227331 0.912387 -0.00774503 0.999962 0.00400783 -3.04007 -0.00224222 -0.0040253 0.999989 172.37
0.999967 0.00793843 0.00161639 0.904431 -0.00794556 0.999959 0.00445295 -3.0633 -0.00158097 -0.00446564 0.999989 173.632
0.999964 0.00850864 0.000322307 0.894522 -0.00850982 0.999956 0.00387899 -3.08718 -0.000289288 -0.00388159 0.999992 174.915
0.999954 0.0096235 0.000136486 0.888108 -0.0096239 0.999948 0.00333861 -3.11105 -0.00010435 -0.00333977 0.999994 176.185
0.999953 0.00959184 0.00118828 0.876619 -0.00959544 0.999949 0.00306093 -3.13606 -0.00115886 -0.00307219 0.999995 177.43
0.999954 0.00952575 0.00145126 0.873348 -0.00952884 0.999952 0.00213797 -3.16011 -0.00143083 -0.0021517 0.999997 178.705
0.999962 0.00819258 0.00308265 0.870423 -0.00819543 0.999966 0.000911263 -3.18805 -0.00307508 -0.000936493 0.999995 179.941
0.999972 0.00529399 0.00525644 0.868333 -0.00530214 0.999985 0.00153793 -3.22025 -0.00524822 -0.00156575 0.999985 181.255
0.999981 0.00543688 0.00296442 0.863944 -0.00545023 0.999975 0.0045167 -3.24454 -0.00293979 -0.00453277 0.999985 182.505
0.999989 0.00322956 0.00352356 0.862531 -0.00325979 0.999958 0.00860662 -3.26492 -0.00349561 -0.008618 0.999957 183.758
0.99999 0.00428971 0.00137535 0.870366 -0.00430125 0.999955 0.00850075 -3.2881 -0.00133883 -0.00850658 0.999963 185.02
0.999972 0.00684681 0.00311894 0.858662 -0.00686326 0.999962 0.00529243 -3.3066 -0.00308259 -0.00531369 0.999981 186.294
0.999965 0.00788922 0.0028969 0.857364 -0.00789963 0.999962 0.00359951 -3.33071 -0.0028684 -0.00362227 0.999989 187.534
0.999974 0.0071079 0.00103304 0.861686 -0.00711186 0.999967 0.00388487 -3.35528 -0.00100539 -0.00389211 0.999992 188.771
0.999975 0.00679852 0.0019319 0.858649 -0.0068086 0.999963 0.00526219 -3.38058 -0.00189605 -0.00527521 0.999984 190.034
0.99997 0.00675973 0.0036727 0.863207 -0.00678529 0.999953 0.00699308 -3.40408 -0.00362526 -0.00701779 0.999969 191.252
0.999977 0.0061886 0.00296068 0.861211 -0.00621216 0.999949 0.00801594 -3.4296 -0.00291092 -0.00803415 0.999964 192.516
0.999977 0.00626615 0.00240409 0.846774 -0.00628419 0.999952 0.00757315 -3.44703 -0.00235652 -0.00758809 0.999969 193.747
0.999984 0.00467035 0.00313605 0.84899 -0.00468899 0.999971 0.00596292 -3.47544 -0.00310811 -0.00597753 0.999977 194.977
0.999969 0.00593948 0.00523184 0.843772 -0.00596046 0.999974 0.00400397 -3.49433 -0.00520793 -0.00403503 0.999978 196.209
0.999976 0.00417647 0.00560784 0.850537 -0.00419834 0.999984 0.003893 -3.5244 -0.00559149 -0.00391644 0.999977 197.441
0.999964 0.004754 0.00709116 0.847568 -0.00478809 0.999977 0.00479745 -3.54948 -0.00706819 -0.00483123 0.999963 198.637
0.99994 0.00347772 0.0104156 0.832582 -0.00354144 0.999975 0.00610559 -3.57121 -0.0103941 -0.0061421 0.999927 199.833
0.999925 0.00455062 0.0113496 0.869452 -0.00462594 0.999967 0.00661907 -3.60007 -0.0113191 -0.00667108 0.999914 201.073
0.999934 0.00471927 0.0104552 0.86129 -0.00478845 0.999967 0.00660215 -3.62188 -0.0104237 -0.00665178 0.999924 202.267
0.999951 0.00513093 0.00848297 0.869757 -0.00519233 0.99996 0.00723197 -3.64245 -0.00844552 -0.00727566 0.999938 203.442
0.999919 0.00506787 0.0116927 0.884567 -0.00515216 0.999961 0.00719029 -3.66662 -0.0116558 -0.00724995 0.999906 204.651
0.999923 0.00559285 0.0110934 0.882678 -0.00567072 0.999959 0.00700081 -3.69009 -0.0110538 -0.00706317 0.999914 205.796
0.999901 0.00535762 0.0130066 0.879997 -0.0054487 0.999961 0.0069774 -3.70914 -0.0129688 -0.00704758 0.999891 206.961
0.999899 0.00411206 0.0136128 0.896349 -0.00421138 0.999965 0.00727591 -3.73537 -0.0135824 -0.0073325 0.999881 208.126
0.999925 0.00418785 0.0114862 0.910076 -0.00428201 0.999957 0.00818482 -3.7554 -0.0114514 -0.00823339 0.999901 209.255
0.999923 0.00336521 0.0119088 0.919887 -0.0034797 0.999948 0.00960686 -3.77962 -0.0118758 -0.00964756 0.999883 210.389
0.999924 0.00371302 0.0117221 0.92182 -0.00382134 0.99995 0.00923207 -3.79724 -0.0116873 -0.00927617 0.999889 211.5
0.99994 0.00404522 0.0101436 0.920368 -0.00413019 0.999956 0.00837015 -3.8214 -0.0101093 -0.00841155 0.999914 212.607
0.999928 0.00448249 0.0110955 0.923067 -0.00456282 0.999964 0.00722503 -3.84022 -0.0110627 -0.00727514 0.999912 213.67
0.999942 0.00397921 0.00995749 0.923992 -0.00404661 0.999969 0.00675805 -3.86183 -0.00993029 -0.00679795 0.999928 214.757
0.999952 0.00267675 0.00943195 0.919081 -0.00274597 0.999969 0.00733433 -3.88698 -0.00941203 -0.00735988 0.999929 215.803
0.999955 0.00274452 0.00910811 0.928958 -0.00281429 0.999967 0.00765594 -3.90633 -0.0090868 -0.00768123 0.999929 216.853
0.999988 0.00143322 0.00471628 0.932727 -0.00147838 0.999953 0.00958771 -3.92603 -0.00470231 -0.00959457 0.999943 217.895
0.999994 0.00164016 0.0031443 0.933831 -0.00167599 0.999933 0.0114273 -3.94392 -0.00312535 -0.0114325 0.99993 218.905
0.999999 0.00170723 1.68063e-05 0.925502 -0.00170731 0.999932 0.0115145 -3.96343 2.85274e-06 -0.0115145 0.999934 219.905
0.999995 0.00219896 -0.00218362 0.913336 -0.00217503 0.999938 0.0109031 -3.97879 0.00220746 -0.0108983 0.999938 220.896
0.999992 0.00213334 -0.00344932 0.891939 -0.00209553 0.999938 0.0109269 -3.99611 0.00347242 -0.0109196 0.999934 221.869
0.999969 0.00301216 -0.00726449 0.89811 -0.00292965 0.999931 0.0113408 -4.01453 0.00729815 -0.0113192 0.999909 222.812
0.999948 0.00309317 -0.00969606 0.869085 -0.00298392 0.999932 0.0112621 -4.03058 0.00973024 -0.0112326 0.99989 223.735
0.999914 0.00288645 -0.0127768 0.846261 -0.0027495 0.999939 0.0107232 -4.04813 0.012807 -0.0106872 0.999861 224.647
0.99989 0.00290488 -0.0145771 0.831185 -0.00275284 0.999942 0.0104393 -4.06721 0.0146066 -0.010398 0.999839 225.518
0.999813 0.00401287 -0.0189257 0.813142 -0.00382475 0.999943 0.00996595 -4.08095 0.0189647 -0.0098917 0.999771 226.397
0.999732 0.00444443 -0.0227247 0.789903 -0.00423208 0.999947 0.00938398 -4.10092 0.0227652 -0.00928529 0.999698 227.215
0.99965 0.00629508 -0.0257122 0.762882 -0.00605229 0.999937 0.00950957 -4.11402 0.0257704 -0.00935062 0.999624 228.024
0.999578 0.00727718 -0.0281133 0.730892 -0.00700214 0.999927 0.00986935 -4.13082 0.028183 -0.00966833 0.999556 228.825
0.999609 0.00706439 -0.027043 0.690498 -0.00677237 0.999918 0.0108749 -4.14509 0.0271176 -0.0106875 0.999575 229.601
0.999607 0.00695812 -0.0271682 0.663351 -0.00664639 0.999911 0.0115473 -4.15874 0.0272461 -0.0113622 0.999564 230.365
0.999638 0.00668362 -0.0260648 0.64249 -0.00639366 0.999917 0.011192 -4.17318 0.0261375 -0.0110213 0.999598 231.111
0.999647 0.00713861 -0.0255889 0.618229 -0.00690243 0.999933 0.00930622 -4.18612 0.0256537 -0.00912631 0.999629 231.838
0.999666 0.00742195 -0.024743 0.599437 -0.00724598 0.999948 0.00719406 -4.19987 0.0247951 -0.00701237 0.999668 232.56
0.999735 0.00731545 -0.0218087 0.574097 -0.00719024 0.999957 0.00581396 -4.21519 0.0218503 -0.00565561 0.999745 233.298
0.999753 0.00793512 -0.0207477 0.563562 -0.00782648 0.999955 0.00531199 -4.22842 0.0207889 -0.0051483 0.999771 234.022
0.999776 0.00752354 -0.019781 0.544422 -0.0074229 0.999959 0.00515649 -4.24237 0.019819 -0.0050085 0.999791 234.748
0.999831 0.00722919 -0.0168749 0.532278 -0.0071434 0.999961 0.0051388 -4.25566 0.0169114 -0.00501739 0.999844 235.461
0.999847 0.00724294 -0.0159543 0.518879 -0.00716239 0.999961 0.00510007 -4.26987 0.0159906 -0.00498502 0.99986 236.182
0.999871 0.00696197 -0.0144839 0.504861 -0.00689197 0.999964 0.00487717 -4.28553 0.0145174 -0.00477671 0.999883 236.875
0.99991 0.00716443 -0.0113545 0.497357 -0.00710093 0.999959 0.00562339 -4.29849 0.0113943 -0.00554226 0.99992 237.583
0.999937 0.00625831 -0.00927008 0.486251 -0.00620145 0.999962 0.00614926 -4.30791 0.00930821 -0.00609139 0.999938 238.294
0.999973 0.00485706 -0.00560868 0.483884 -0.0048207 0.999967 0.00647696 -4.3222 0.00563996 -0.00644975 0.999963 238.979
0.99999 0.004524 0.000160277 0.470193 -0.00452494 0.999969 0.00640913 -4.33723 -0.000131277 -0.00640979 0.999979 239.677
0.999987 0.00417943 0.00290328 0.474076 -0.00419697 0.999973 0.00606139 -4.35222 -0.00287787 -0.00607349 0.999978 240.367
0.999978 0.00410708 0.00512228 0.481528 -0.00413618 0.999975 0.00568517 -4.36093 -0.0050988 -0.00570623 0.999971 241.055
0.999949 0.00462149 0.00893596 0.475663 -0.00466673 0.999976 0.00504883 -4.3685 -0.00891241 -0.00509028 0.999947 241.747
0.999905 0.0044655 0.0130276 0.470586 -0.00452532 0.999979 0.00456599 -4.37939 -0.0130069 -0.00462451 0.999905 242.447
0.999853 0.00404062 0.0166881 0.47877 -0.00413013 0.999977 0.0053325 -4.38989 -0.0166662 -0.00540064 0.999847 243.176
0.999791 0.00446003 0.0199363 0.499315 -0.00457906 0.999972 0.00592856 -4.39873 -0.0199093 -0.00601861 0.999784 243.88
0.999759 0.0037902 0.0216347 0.518221 -0.00392101 0.999974 0.00600725 -4.40667 -0.0216113 -0.00609063 0.999748 244.578
0.999715 0.0037273 0.0235948 0.527956 -0.00383563 0.999982 0.00454784 -4.42254 -0.0235775 -0.00463704 0.999711 245.304
0.999656 0.00439515 0.0258656 0.537922 -0.00444998 0.999988 0.00206251 -4.43671 -0.0258562 -0.0021769 0.999663 246.006
0.99961 0.00381236 0.0276588 0.548707 -0.00382244 0.999993 0.000311661 -4.45206 -0.0276574 -0.000417262 0.999617 246.721
0.9996 0.00369228 0.0280473 0.57272 -0.003699 0.999993 0.000187875 -4.46335 -0.0280464 -0.000291547 0.999607 247.425
0.999628 0.0030379 0.0270882 0.59388 -0.00302338 0.999995 -0.000576692 -4.48111 -0.0270898 0.000494581 0.999633 248.178
0.999635 0.00408211 0.0266884 0.622595 -0.00406126 0.999991 -0.000835266 -4.50006 -0.0266916 0.000726574 0.999644 248.922
0.99961 0.00495375 0.0274881 0.64054 -0.00491963 0.999987 -0.00130888 -4.51576 -0.0274942 0.00117314 0.999621 249.649
0.999598 0.00428564 0.0280379 0.651827 -0.00419737 0.999986 -0.00320609 -4.52951 -0.0280513 0.00308711 0.999602 250.399
0.999666 0.000579635 0.0258478 0.693118 -0.000443933 0.999986 -0.00525546 -4.55411 -0.0258505 0.00524223 0.999652 251.139
0.99965 -0.00156762 0.0263973 0.706588 0.00173748 0.999978 -0.00641285 -4.57204 -0.0263867 0.00645647 0.999631 251.881
0.999609 -0.00115018 0.0279232 0.722109 0.00123131 0.999995 -0.00288863 -4.58757 -0.0279197 0.00292188 0.999606 252.689
0.999623 0.00333972 0.0272601 0.740826 -0.00342409 0.99999 0.00304907 -4.59609 -0.0272496 -0.00314126 0.999624 253.451
0.99959 0.00253549 0.0285344 0.769317 -0.00273604 0.999972 0.00699146 -4.61748 -0.0285159 -0.00706666 0.999568 254.279
0.999542 -0.000386211 0.03025 0.786934 0.000236239 0.999988 0.00496113 -4.62402 -0.0302515 -0.00495172 0.99953 255.084
0.999425 0.00284867 0.0337947 0.81197 -0.00281858 0.999996 -0.000937916 -4.64361 -0.0337973 0.000842124 0.999428 255.854
0.999287 0.00469352 0.0374538 0.826669 -0.0044992 0.999976 -0.00527103 -4.65068 -0.0374776 0.00509876 0.999284 256.665
0.999147 0.00618254 0.0408202 0.851709 -0.005985 0.99997 -0.00495977 -4.66907 -0.0408497 0.00471123 0.999154 257.471
0.999003 0.00491151 0.0443701 0.875921 -0.00479377 0.999985 -0.00275957 -4.68933 -0.044383 0.00254412 0.999011 258.31
0.99891 0.000979886 0.0466614 0.922192 -0.0010065 0.999999 0.000546831 -4.70679 -0.0466609 -0.0005932 0.998911 259.174
0.9988 -0.0011862 0.048972 0.955527 0.00108572 0.999997 0.00207838 -4.72417 -0.0489743 -0.00202271 0.998798 259.98
0.998578 -0.00153043 0.053296 1.00025 0.00137764 0.999995 0.00290345 -4.74195 -0.0533002 -0.0028259 0.998574 260.837
0.998461 0.00080654 0.0554498 1.04592 -0.000861235 0.999999 0.000962526 -4.75726 -0.055449 -0.0010088 0.998461 261.649
0.998333 0.00152597 0.0576958 1.07871 -0.00144591 0.999998 -0.00142934 -4.77712 -0.0576979 0.00134354 0.998333 262.501
0.998165 0.0024183 0.0605074 1.12707 -0.00232223 0.999996 -0.00165802 -4.79521 -0.0605112 0.00151447 0.998166 263.314
0.998025 0.0028308 0.0627553 1.17196 -0.00287103 0.999996 0.000550892 -4.81307 -0.0627535 -0.000729975 0.998029 264.166
0.997839 0.00375177 0.0656044 1.21749 -0.00391138 0.99999 0.00230469 -4.83305 -0.0655951 -0.00255632 0.997843 265.045
0.99757 0.00452988 0.0695265 1.26544 -0.00468764 0.999987 0.00210607 -4.85259 -0.069516 -0.00242687 0.997578 265.852
0.997348 0.00449087 0.0726457 1.32278 -0.00460751 0.999988 0.00143816 -4.86919 -0.0726384 -0.00176906 0.997357 266.68
0.997196 0.00313402 0.0747637 1.3862 -0.00322026 0.999994 0.00103304 -4.88791 -0.07476 -0.0012709 0.997201 267.573
0.997067 -0.000230151 0.0765282 1.44434 0.00010288 0.999999 0.001667 -4.90286 -0.0765285 -0.00165424 0.997066 268.371
0.997028 -0.00174152 0.0770208 1.50869 0.00158584 0.999997 0.00208225 -4.92388 -0.0770241 -0.00195392 0.997027 269.208
0.997009 -0.00237128 0.0772519 1.57555 0.00222681 0.999996 0.00195619 -4.94217 -0.0772562 -0.00177831 0.99701 270.098
0.996854 -0.00260596 0.0792173 1.62851 0.00242603 0.999994 0.00236752 -4.9572 -0.079223 -0.00216789 0.996855 270.929
0.996972 -0.00249235 0.0777172 1.6962 0.00230753 0.999994 0.00246772 -4.97342 -0.077723 -0.00228091 0.996972 271.805
0.997157 -0.00223783 0.0753204 1.75213 0.00201793 0.999994 0.00299553 -4.99261 -0.0753266 -0.00283502 0.997155 272.659
0.997288 -0.00231012 0.073562 1.808 0.0021781 0.999996 0.00187492 -5.01083 -0.073566 -0.00170961 0.997289 273.523
0.997438 -0.00217582 0.071504 1.86136 0.00211519 0.999997 0.000923562 -5.02765 -0.0715059 -0.00076995 0.99744 274.35
0.99761 -0.0012055 0.069088 1.91513 0.00120243 0.999999 8.59337e-05 -5.0477 -0.0690881 -2.65485e-06 0.997611 275.198
0.997618 -0.000440821 0.0689729 1.95928 0.000412407 1 0.000426196 -5.06798 -0.0689731 -0.000396737 0.997618 276.064
0.997628 0.000714023 0.0688321 2.01055 -0.000694653 1 -0.000305325 -5.08604 -0.0688323 0.000256786 0.997628 276.89
0.997746 0.00120878 0.0670998 2.0576 -0.00123638 0.999999 0.000369819 -5.10855 -0.0670993 -0.000451946 0.997746 277.767
0.998001 0.000857512 0.0631946 2.10586 -0.00098755 0.999997 0.00202654 -5.12673 -0.0631927 -0.00208489 0.997999 278.587
0.998318 -0.000718144 0.0579671 2.14871 0.000472455 0.999991 0.00425204 -5.14493 -0.0579696 -0.0042175 0.998309 279.42
0.99865 -0.00186224 0.0519074 2.18614 0.0015518 0.999981 0.0060203 -5.16491 -0.0519176 -0.00593163 0.998634 280.279
0.998871 -0.00228101 0.0474506 2.22139 0.00192593 0.99997 0.00752748 -5.18155 -0.0474663 -0.0074276 0.998845 281.092
0.999057 -0.00301078 0.0433127 2.24917 0.00265827 0.999963 0.00819394 -5.19634 -0.0433358 -0.00807108 0.999028 281.929
0.999225 -0.00315932 0.0392405 2.27574 0.0028189 0.999958 0.00872738 -5.21199 -0.0392664 -0.00860999 0.999192 282.746
0.999327 -0.00448206 0.0363934 2.29906 0.0041489 0.999949 0.00922474 -5.22811 -0.0364329 -0.00906754 0.999295 283.544
0.999474 -0.00435707 0.0321247 2.32012 0.00407934 0.999954 0.00870587 -5.241 -0.0321612 -0.00857025 0.999446 284.33
0.999579 -0.00409556 0.0287328 2.32871 0.00385597 0.999957 0.00838888 -5.25408 -0.028766 -0.00827455 0.999552 285.071
0.999649 -0.00349756 0.0262443 2.33923 0.00328785 0.999962 0.0080295 -5.26929 -0.0262714 -0.0079404 0.999623 285.857
0.99973 -0.0045864 0.0227884 2.34669 0.0044 0.999957 0.00822344 -5.28352 -0.0228251 -0.00812094 0.999707 286.599
0.999817 -0.00565255 0.0182661 2.35624 0.0055138 0.999956 0.00763747 -5.30104 -0.0183085 -0.00753536 0.999804 287.308
0.999876 -0.00425903 0.0151496 2.35809 0.0041605 0.99997 0.00652953 -5.31781 -0.015177 -0.0064657 0.999864 287.999
0.999955 -0.00260946 0.00917443 2.35946 0.00256925 0.999987 0.00439231 -5.33349 -0.00918577 -0.00436854 0.999948 288.669
0.999998 -0.00168702 0.000921025 2.34525 0.00168474 0.999996 0.00247592 -5.34782 -0.000925198 -0.00247436 0.999997 289.32
0.999944 -0.0015137 -0.0104327 2.32846 0.00153227 0.999997 0.00177192 -5.36506 0.01043 -0.0017878 0.999944 289.949
0.99971 -0.0015468 -0.0240207 2.3062 0.0015762 0.999998 0.00120497 -5.38066 0.0240188 -0.00124249 0.999711 290.591
0.999176 -0.000600875 -0.0405757 2.26363 0.000683924 0.999998 0.00203289 -5.39983 0.0405744 -0.00205897 0.999174 291.186
0.998142 0.00170008 -0.0609023 2.21145 -0.00154502 0.999995 0.0025931 -5.41281 0.0609064 -0.00249419 0.99814 291.772
0.996472 0.00373196 -0.0838485 2.14213 -0.00353837 0.999991 0.00245732 -5.42676 0.0838569 -0.00215196 0.996475 292.349
0.99409 0.00505433 -0.10844 2.05507 -0.00481524 0.999985 0.00246658 -5.44257 0.108451 -0.00192983 0.9941 292.907
0.990675 0.00676282 -0.136075 1.95821 -0.00646499 0.999976 0.00263054 -5.45614 0.13609 -0.00172628 0.990695 293.469
0.985984 0.00803587 -0.166644 1.83449 -0.00748634 0.999964 0.00392553 -5.4656 0.166669 -0.00262296 0.986009 294.009
0.979914 0.00816658 -0.199253 1.70544 -0.00719266 0.999958 0.0056112 -5.47791 0.199291 -0.00406533 0.979932 294.516
0.972175 0.00850082 -0.2341 1.55483 -0.0069356 0.999948 0.00750858 -5.49056 0.234152 -0.00567603 0.972184 295.023
0.962459 0.00981616 -0.271249 1.37777 -0.00736243 0.999922 0.0100622 -5.49841 0.271327 -0.00768736 0.962457 295.512
0.950649 0.0116337 -0.31005 1.18933 -0.00813484 0.999888 0.0125755 -5.50626 0.310162 -0.00943267 0.950637 296.012
0.936489 0.0126884 -0.350467 0.993801 -0.00806146 0.99986 0.014658 -5.51234 0.350604 -0.0109018 0.93646 296.452
0.919813 0.0130096 -0.392141 0.765713 -0.00712595 0.999839 0.0164556 -5.518 0.392292 -0.0123417 0.919758 296.906
0.900905 0.0130374 -0.433821 0.516336 -0.00597083 0.999826 0.0176479 -5.51893 0.433976 -0.0133088 0.900826 297.343
0.879069 0.0125854 -0.476529 0.265615 -0.00421353 0.999818 0.018633 -5.52389 0.476676 -0.0143718 0.878962 297.723
0.854606 0.0123592 -0.519131 -0.0191097 -0.00236592 0.999799 0.0199078 -5.52695 0.519272 -0.0157851 0.854463 298.136
0.826901 0.0129271 -0.562199 -0.31789 -0.00101139 0.999768 0.0215009 -5.5288 0.562346 -0.0172105 0.826723 298.509
0.796012 0.0144427 -0.605108 -0.629141 -0.00123904 0.999752 0.0222321 -5.52735 0.605279 -0.0169472 0.795833 298.828
0.762169 0.0139034 -0.647229 -0.966736 0.00058862 0.999754 0.0221692 -5.52819 0.647378 -0.0172777 0.761974 299.187
0.724257 0.01287 -0.68941 -1.29924 0.00474631 0.999709 0.023649 -5.52786 0.689514 -0.0204001 0.723985 299.457
0.682048 0.0127292 -0.731196 -1.66332 0.0107819 0.999565 0.0274583 -5.52844 0.731228 -0.0266116 0.681614 299.775
0.635446 0.0135785 -0.772026 -2.03598 0.0150276 0.999439 0.0299473 -5.52758 0.771999 -0.0306316 0.634885 300.016
0.58545 0.0176539 -0.810516 -2.41211 0.0145685 0.999372 0.0322905 -5.52849 0.810577 -0.0307125 0.584826 300.196
0.533271 0.024022 -0.845603 -2.82129 0.00995086 0.999349 0.0346651 -5.52263 0.845886 -0.0269004 0.532685 300.411
0.479036 0.0284586 -0.877334 -3.22491 0.00695463 0.99932 0.0362129 -5.51607 0.877768 -0.0234488 0.478512 300.566
0.422685 0.0312358 -0.905738 -3.60701 0.00620737 0.999283 0.0373586 -5.51284 0.906256 -0.0214132 0.422188 300.681
0.365388 0.0335131 -0.930252 -4.01726 0.00768766 0.999209 0.0390169 -5.50423 0.930824 -0.0214078 0.364841 300.797
0.306989 0.0370806 -0.950991 -4.40568 0.00996467 0.999061 0.0421717 -5.49997 0.951661 -0.0224225 0.306331 300.871
0.248541 0.0406858 -0.967767 -4.83791 0.0117991 0.998916 0.0450256 -5.48812 0.96855 -0.0226095 0.247792 300.925
0.187004 0.0442488 -0.981362 -5.24589 0.0146866 0.998747 0.0478313 -5.4882 0.982249 -0.0233575 0.186119 300.946
0.123046 0.0482855 -0.991226 -5.65042 0.0148039 0.998615 0.0504831 -5.47003 0.992291 -0.0208857 0.122161 300.97
0.0583154 0.0540027 -0.996836 -6.10323 0.017095 0.998335 0.055084 -5.45773 0.998152 -0.0202532 0.0572951 300.917
-0.00783404 0.0608756 -0.998115 -6.54701 0.0190926 0.997972 0.060717 -5.43855 0.999787 -0.0185809 -0.00898043 300.854
-0.074818 0.0674496 -0.994913 -6.97688 0.0215039 0.997587 0.0660137 -5.42035 0.996965 -0.0164555 -0.0760879 300.798
-0.141437 0.0736695 -0.987202 -7.45531 0.0236967 0.997193 0.07102 -5.39716 0.989664 -0.0133486 -0.142786 300.658
-0.207583 0.0796633 -0.974968 -7.89172 0.0282497 0.996751 0.0754285 -5.37694 0.977809 -0.0118848 -0.209159 300.535
-0.27149 0.0841008 -0.95876 -8.36564 0.032521 0.996408 0.0781942 -5.35185 0.961892 -0.00995094 -0.273249 300.327
-0.333693 0.0867672 -0.93868 -8.82075 0.0368103 0.996195 0.0789978 -5.32596 0.941963 -0.00819206 -0.335617 300.107
-0.393463 0.0877367 -0.915145 -9.25856 0.0407359 0.996122 0.0779859 -5.29916 0.918438 -0.0065947 -0.395511 299.892
-0.449247 0.0877952 -0.889083 -9.72296 0.0433988 0.99613 0.0764367 -5.26516 0.892353 -0.00424621 -0.451319 299.6
-0.501422 0.0879493 -0.860721 -10.1644 0.0459144 0.996123 0.0750368 -5.23296 0.863984 -0.00189446 -0.503516 299.294
-0.548142 0.0881788 -0.831724 -10.6193 0.0478464 0.996104 0.0740735 -5.19819 0.835016 0.000807789 -0.550226 298.925
-0.589451 0.0891567 -0.802869 -11.0827 0.0497018 0.99601 0.0741145 -5.16064 0.806274 0.00378283 -0.591531 298.547
-0.627485 0.0928526 -0.773072 -11.5368 0.0546458 0.995668 0.0752334 -5.12392 0.776709 0.00496267 -0.62984 298.148
-0.664573 0.0997635 -0.740533 -12.0052 0.063128 0.995 0.0773923 -5.09034 0.744552 0.00468447 -0.667549 297.679
-0.700672 0.105503 -0.70564 -12.4592 0.0700571 0.994401 0.079113 -5.05074 0.710036 0.00599715 -0.70414 297.22
-0.733967 0.107673 -0.670596 -12.9121 0.0738573 0.994152 0.078788 -5.01073 0.675158 0.00829929 -0.737627 296.68
-0.764896 0.104176 -0.635674 -13.3377 0.0739611 0.994513 0.0739877 -4.9661 0.639893 0.00957776 -0.768404 296.118
-0.79272 0.101219 -0.601124 -13.767 0.0751272 0.994823 0.0684393 -4.93203 0.604939 0.00909245 -0.79622 295.506
-0.818719 0.0961138 -0.566094 -14.1825 0.0741962 0.995334 0.0616849 -4.88181 0.569381 0.00850055 -0.82203 294.859
-0.842158 0.0931802 -0.53112 -14.575 0.0744697 0.995616 0.0565908 -4.8526 0.534064 0.0081061 -0.845405 294.197
-0.863694 0.0914184 -0.495656 -14.9524 0.0741642 0.99576 0.0544239 -4.81131 0.498529 0.0102457 -0.866812 293.462
-0.88371 0.0887547 -0.459543 -15.3063 0.072629 0.995966 0.0526909 -4.78152 0.462366 0.0131873 -0.886591 292.725
-0.902114 0.0874018 -0.422553 -15.6588 0.0730039 0.996069 0.050172 -4.74663 0.425277 0.0144128 -0.904948 291.914
-0.918859 0.0899286 -0.384203 -15.9847 0.0769326 0.995827 0.0490968 -4.71316 0.387014 0.0155553 -0.921943 291.111
-0.933665 0.0935983 -0.345702 -16.2828 0.0818173 0.995464 0.0485499 -4.69095 0.348678 0.0170449 -0.937087 290.242
-0.946768 0.0937347 -0.307967 -16.5641 0.0827344 0.995385 0.0486152 -4.64726 0.311102 0.0205479 -0.950154 289.365
-0.957549 0.0976852 -0.271216 -16.8022 0.0876226 0.994948 0.048997 -4.6214 0.274633 0.0231523 -0.961271 288.442
-0.96721 0.0966882 -0.234852 -17.0388 0.087956 0.994996 0.0474016 -4.58856 0.23826 0.0251906 -0.970875 287.479
-0.975103 0.0942676 -0.200719 -17.2308 0.0874767 0.995261 0.0424578 -4.55312 0.20377 0.0238426 -0.978729 286.519
-0.981383 0.0930444 -0.168018 -17.386 0.0877904 0.995397 0.0384489 -4.52743 0.170822 0.0229827 -0.985034 285.469
-0.986281 0.0922699 -0.136883 -17.5303 0.0879571 0.995428 0.0372408 -4.49939 0.139693 0.0246901 -0.989887 284.447
-0.99027 0.0904897 -0.105726 -17.6238 0.087126 0.995546 0.0360222 -4.47335 0.108514 0.0264602 -0.993743 283.375
-0.993005 0.0894962 -0.0770155 -17.7102 0.0871287 0.995631 0.0335775 -4.4466 0.0796841 0.0266323 -0.996464 282.271
-0.994818 0.0885129 -0.0500229 -17.7536 0.0869574 0.995683 0.0324637 -4.42883 0.0526804 0.0279456 -0.99822 281.17
