1 -4.1311e-11 -1.95776e-11 0 -4.12612e-11 1 -1.70424e-11 0 -1.42043e-10 -1.70424e-11 1 -2.98023e-08
1 -0.00055902 -0.000467223 -0.00763845 0.000559951 0.999998 0.00199427 -0.0377264 0.000466107 -0.00199453 0.999998 1.29722
0.999997 -0.00230686 -0.000225164 -0.0251411 0.0023073 0.999995 0.00198225 -0.0645944 0.00022059 -0.00198276 0.999998 2.60004
0.999995 -0.00305302 -0.00113941 -0.0360798 0.00305523 0.999994 0.00194063 -0.0964357 0.00113348 -0.0019441 0.999998 3.93808
0.999994 -0.00351421 -0.000236311 -0.043226 0.00351467 0.999992 0.00199332 -0.123035 0.000229304 -0.00199414 0.999998 5.23519
0.999991 -0.00411978 -0.000669824 -0.0490604 0.00412163 0.999988 0.00278163 -0.145635 0.000658356 -0.00278436 0.999996 6.57303
0.999987 -0.00515768 -0.000333206 -0.0583679 0.00515904 0.999978 0.00422443 -0.17378 0.00031141 -0.0042261 0.999991 7.89728
0.999986 -0.00538136 -8.78661e-05 -0.0715107 0.00538171 0.999975 0.00459646 -0.195879 6.31283e-05 -0.00459687 0.99999 9.21398
0.99999 -0.00435801 -0.00103964 -0.081072 0.00436134 0.999985 0.0032218 -0.222464 0.00102558 -0.0032263 0.999994 10.5566
0.999999 -0.0014143 -0.00094745 -0.0953615 0.00141541 0.999998 0.0011706 -0.244893 0.000945793 -0.00117194 0.999999 11.8697
0.999997 0.00196427 -0.00118458 -0.113568 -0.001964 0.999998 0.000230799 -0.277219 0.00118503 -0.000228472 0.999999 13.2252
0.99999 0.00441382 -0.00104025 -0.13165 -0.00441358 0.99999 0.000238553 -0.302525 0.00104129 -0.000233959 0.999999 14.5496
0.999987 0.00501587 -0.000565036 -0.149354 -0.00501519 0.999987 0.00119149 -0.32828 0.000571004 -0.00118864 0.999999 15.8929
0.999996 0.00270463 -0.000725388 -0.156421 -0.00270175 0.999989 0.00394611 -0.355075 0.000736053 -0.00394413 0.999992 17.258
0.999999 -0.00145281 -0.00039181 -0.155138 0.00145508 0.999982 0.00584368 -0.380449 0.000383313 -0.00584425 0.999983 18.5988
0.999993 -0.00374024 -0.000416311 -0.156895 0.00374193 0.999985 0.00411633 -0.406936 0.000400908 -0.00411786 0.999992 19.9636
0.999989 -0.00474204 -0.000597783 -0.163142 0.00474305 0.999987 0.00171232 -0.429033 0.000589655 -0.00171513 0.999998 21.2977
0.999998 -0.00220963 0.000366474 -0.163344 0.00220934 0.999997 0.000792136 -0.466414 -0.000368224 -0.000791324 1 22.6898
1 -4.85921e-05 0.000282104 -0.16483 4.80656e-05 0.999998 0.00186699 -0.482527 -0.000282195 -0.00186698 0.999998 24.0505
0.999999 2.16608e-05 0.0015194 -0.169357 -3.09241e-05 0.999981 0.00609687 -0.502772 -0.00151924 -0.00609691 0.99998 25.4192
0.999996 -0.0020948 0.00162379 -0.17178 0.00208311 0.999972 0.00717042 -0.523106 -0.00163877 -0.00716701 0.999973 26.7858
0.999983 -0.00543921 0.00196457 -0.185421 0.00542624 0.999964 0.00654798 -0.551507 -0.00200012 -0.00653721 0.999977 28.1359
0.99998 -0.00605972 0.00169773 -0.18899 0.00605351 0.999975 0.00363852 -0.567116 -0.00171973 -0.00362817 0.999992 29.5217
0.99998 -0.00573875 0.00265958 -0.190719 0.00573327 0.999981 0.00206185 -0.600017 -0.00267137 -0.00204656 0.999994 30.9096
0.999991 -0.00323859 0.00260943 -0.196103 0.00323723 0.999995 0.000523793 -0.619875 -0.00261111 -0.000515341 0.999997 32.2862
0.999994 -0.00129984 0.00337184 -0.202605 0.00130293 0.999999 -0.000913735 -0.654083 -0.00337065 0.000918122 0.999994 33.6553
0.999994 -0.000181927 0.00339461 -0.195576 0.000184883 1 -0.000870626 -0.684035 -0.00339445 0.000871248 0.999994 35.0679
0.999993 -0.00159151 0.00332416 -0.204284 0.00158881 0.999998 0.000814464 -0.713654 -0.00332545 -0.000809176 0.999994 36.4425
0.999996 0.000374377 0.00282506 -0.204978 -0.000380708 0.999997 0.00224054 -0.7424 -0.00282421 -0.0022416 0.999994 37.845
0.999993 0.00258799 0.00273899 -0.204988 -0.00259465 0.999994 0.00243046 -0.767563 -0.00273268 -0.00243755 0.999993 39.2261
0.99998 0.00518646 0.00351035 -0.230193 -0.00519496 0.999984 0.00241691 -0.794658 -0.00349776 -0.0024351 0.999991 40.6217
0.999968 0.00733915 0.00318623 -0.216415 -0.0073474 0.99997 0.00258556 -0.823329 -0.00316715 -0.00260889 0.999992 42.0542
0.999958 0.00865133 0.00297686 -0.236547 -0.00865989 0.999958 0.00287386 -0.848777 -0.00295187 -0.00289952 0.999991 43.4391
0.999967 0.0074351 0.00312275 -0.242408 -0.00744392 0.999968 0.00282326 -0.876689 -0.00310166 -0.00284641 0.999991 44.8436
0.999976 0.00663997 0.00222039 -0.244241 -0.00664522 0.999975 0.00236649 -0.903342 -0.00220462 -0.00238119 0.999995 46.2411
0.999976 0.00670069 0.00164549 -0.248079 -0.00670514 0.999974 0.00271701 -0.933434 -0.00162724 -0.00272798 0.999995 47.6618
0.999981 0.00622655 0.000486268 -0.25249 -0.00622826 0.999974 0.00359732 -0.956448 -0.000463857 -0.00360027 0.999994 49.0658
0.999972 0.00743843 -0.000990782 -0.246081 -0.00743463 0.999965 0.00378533 -0.984724 0.0010189 -0.00377786 0.999992 50.4951
0.999968 0.0076856 -0.00207895 -0.260394 -0.00767721 0.999962 0.00401668 -1.01003 0.00210974 -0.00400059 0.99999 51.9374
0.999965 0.00771931 -0.00311535 -0.27379 -0.00770362 0.999958 0.00501737 -1.03473 0.00315395 -0.00499319 0.999983 53.3405
0.999974 0.00588782 -0.0041022 -0.281824 -0.00586284 0.999964 0.00607334 -1.05734 0.00413781 -0.00604913 0.999973 54.7985
0.999981 0.00462075 -0.00419159 -0.297358 -0.00459511 0.999971 0.00610561 -1.08419 0.00421968 -0.00608623 0.999973 56.1939
0.999987 0.00242612 -0.00452825 -0.312381 -0.00240042 0.999981 0.00567316 -1.10975 0.00454193 -0.00566222 0.999974 57.6098
0.999989 0.00121973 -0.00442332 -0.322857 -0.00119336 0.999982 0.00595979 -1.13347 0.00443051 -0.00595445 0.999972 59.069
0.999992 0.000420796 -0.00408923 -0.334574 -0.000393337 0.999977 0.00671332 -1.16032 0.00409196 -0.00671166 0.999969 60.477
0.999993 -0.00172332 -0.00337301 -0.344438 0.00174832 0.999971 0.00742175 -1.18072 0.00336013 -0.0074276 0.999967 61.908
0.99999 -0.00334008 -0.00286562 -0.355094 0.00336077 0.999968 0.00724427 -1.20658 0.00284133 -0.00725383 0.99997 63.3377
0.999987 -0.00439374 -0.00264491 -0.36288 0.00441059 0.99997 0.00639645 -1.23302 0.00261673 -0.00640803 0.999976 64.7667
0.999989 -0.00440337 -0.00181263 -0.375668 0.00441457 0.999971 0.00622513 -1.25979 0.00178517 -0.00623307 0.999979 66.1935
0.999997 -0.0021311 -0.00098586 -0.385965 0.00213722 0.999978 0.00625511 -1.28771 0.000972509 -0.0062572 0.99998 67.6064
1 0.000245485 -0.000330798 -0.39845 -0.000243001 0.999972 0.00748819 -1.31087 0.000332627 -0.00748811 0.999972 69.0488
0.999992 0.00391784 -8.20675e-05 -0.404304 -0.00391696 0.999953 0.00882871 -1.33309 0.000116653 -0.00882832 0.999961 70.413
0.999969 0.00778655 0.000617326 -0.419014 -0.00779197 0.999926 0.00934013 -1.35732 -0.000544553 -0.00934466 0.999956 71.8864
0.999923 0.0123274 0.00160646 -0.435301 -0.0123413 0.999884 0.00895732 -1.37811 -0.00149585 -0.00897645 0.999959 73.241
0.999883 0.0151782 0.00214486 -0.443052 -0.0151956 0.99985 0.00833661 -1.40135 -0.00201801 -0.00836822 0.999963 74.6959
0.999846 0.0172659 0.00322257 -0.456575 -0.0172922 0.999816 0.00833891 -1.42411 -0.00307799 -0.00839335 0.99996 76.1056
0.999846 0.0171754 0.00351133 -0.464472 -0.0172056 0.999813 0.00877892 -1.44643 -0.00335989 -0.00883798 0.999955 77.4694
0.999867 0.0158978 0.0035788 -0.468248 -0.0159283 0.999836 0.00866394 -1.47047 -0.00344047 -0.00871979 0.999956 78.8726
0.999879 0.0151957 0.00337241 -0.467656 -0.015222 0.999853 0.00789758 -1.49232 -0.0032519 -0.00794796 0.999963 80.2008
0.99989 0.0145749 0.00285165 -0.469871 -0.014597 0.999862 0.0078858 -1.51741 -0.00273632 -0.00792656 0.999965 81.5937
0.999901 0.0138262 0.00282909 -0.473453 -0.0138488 0.999871 0.00809799 -1.53798 -0.00271676 -0.00813636 0.999963 83.0929
0.999898 0.0141344 0.00205217 -0.473857 -0.01415 0.99987 0.00776677 -1.56386 -0.00194213 -0.00779502 0.999968 84.4059
0.999898 0.0141965 0.00144243 -0.484443 -0.0142077 0.999866 0.0080781 -1.58476 -0.00132755 -0.00809777 0.999966 85.8236
0.999906 0.0136778 0.000657889 -0.497625 -0.0136832 0.999865 0.00906268 -1.60806 -0.000533843 -0.00907083 0.999959 87.168
0.999932 0.0116879 -0.000346438 -0.500873 -0.0116839 0.999881 0.0100357 -1.63129 0.000463694 -0.010031 0.99995 88.5906
0.999954 0.00945218 -0.00170928 -0.510116 -0.00943332 0.999898 0.0107199 -1.65077 0.00181044 -0.0107033 0.999941 89.9818
0.99997 0.00743332 -0.00233843 -0.518938 -0.00740776 0.999915 0.0107536 -1.67046 0.00241817 -0.010736 0.99994 91.2942
0.999976 0.00620969 -0.00308177 -0.52949 -0.00617751 0.999927 0.010343 -1.69085 0.00314577 -0.0103238 0.999942 92.6856
0.999983 0.00493455 -0.00314571 -0.537289 -0.00490334 0.999939 0.00985231 -1.71203 0.00319414 -0.00983672 0.999947 94.0361
0.999979 0.00557006 -0.00328717 -0.54428 -0.00553866 0.99994 0.00948501 -1.73469 0.0033398 -0.0094666 0.99995 95.5536
0.999979 0.00565208 -0.00307449 -0.55876 -0.00562417 0.999944 0.00901151 -1.75525 0.00312525 -0.00899403 0.999955 96.8024
0.999974 0.00666232 -0.00290542 -0.570212 -0.006638 0.999944 0.00830086 -1.78038 0.00296056 -0.00828136 0.999961 98.2351
0.999963 0.00825395 -0.00253979 -0.582911 -0.00823241 0.999931 0.00837761 -1.80188 0.00260876 -0.00835639 0.999962 99.6102
0.999961 0.00845904 -0.00244605 -0.593979 -0.00843431 0.999915 0.00995226 -1.82326 0.00253003 -0.00993125 0.999948 100.917
0.999954 0.00936926 -0.00230632 -0.605722 -0.00934261 0.999892 0.0113073 -1.84282 0.00241201 -0.0112852 0.999933 102.297
0.999959 0.00873503 -0.00231435 -0.618213 -0.00871143 0.999912 0.0100178 -1.86558 0.00240165 -0.00999725 0.999947 103.686
0.999949 0.00995195 -0.0018062 -0.631856 -0.00993797 0.999922 0.00758686 -1.88897 0.00188157 -0.00756852 0.99997 105.011
0.999955 0.00920378 -0.00222198 -0.638213 -0.00918891 0.999936 0.00660959 -1.90627 0.00228267 -0.00658888 0.999976 106.392
0.999975 0.00676353 -0.00214858 -0.648363 -0.00674652 0.999947 0.00782632 -1.93357 0.0022014 -0.00781163 0.999967 107.752
0.99999 0.00439556 -0.00123182 -0.657831 -0.004383 0.99994 0.0100256 -1.95185 0.00127581 -0.0100201 0.999949 109.069
0.999998 0.0021118 -0.000363095 -0.664769 -0.00210779 0.999941 0.0107072 -1.97097 0.000385685 -0.0107064 0.999943 110.33
0.999999 0.00170718 0.000253377 -0.668122 -0.00170949 0.999955 0.00937799 -1.9937 -0.000237355 -0.00937841 0.999956 111.733
0.999994 0.00339548 0.00098024 -0.669228 -0.00340222 0.99997 0.00695832 -2.01345 -0.000956583 -0.00696161 0.999975 113.142
0.999978 0.00635758 0.00174617 -0.67304 -0.00636592 0.999968 0.00481438 -2.03907 -0.00171551 -0.00482539 0.999987 114.516
0.999951 0.00927492 0.00351824 -0.683401 -0.00929155 0.999946 0.00474126 -2.05846 -0.00347407 -0.00477372 0.999983 115.853
0.999934 0.0105063 0.00474642 -0.686396 -0.0105382 0.999922 0.0067648 -2.08139 -0.00467497 -0.00681437 0.999966 117.099
0.999932 0.0100414 0.0059766 -0.689847 -0.0100961 0.999907 0.0091923 -2.10042 -0.00588374 -0.00925202 0.99994 118.459
0.99993 0.00957604 0.00690186 -0.688746 -0.00964358 0.999905 0.00982036 -2.12307 -0.00680717 -0.00988623 0.999928 119.805
0.999921 0.00993515 0.00775684 -0.681756 -0.0100075 0.999906 0.00933963 -2.13956 -0.00766332 -0.00941652 0.999926 121.172
0.999898 0.0110222 0.0090597 -0.682022 -0.0111044 0.999897 0.00907848 -2.15463 -0.0089587 -0.00917816 0.999918 122.5
0.999859 0.0132472 0.0102904 -0.675424 -0.0133362 0.999874 0.00862514 -2.17371 -0.0101748 -0.00876116 0.99991 123.854
0.999834 0.0141015 0.011574 -0.67197 -0.0141885 0.999871 0.00746996 -2.19471 -0.0114672 -0.00763293 0.999905 125.188
0.999798 0.0156864 0.0125488 -0.664501 -0.0157754 0.999851 0.00702597 -2.21443 -0.0124367 -0.00722251 0.999897 126.541
0.999804 0.014293 0.0136806 -0.660934 -0.0143857 0.999874 0.00670084 -2.23527 -0.0135831 -0.00689633 0.999884 127.844
0.999796 0.0140494 0.0145286 -0.647875 -0.0141648 0.999869 0.00787607 -2.25757 -0.0144161 -0.00808025 0.999863 129.205
0.999805 0.0123584 0.0153774 -0.632954 -0.0124996 0.99988 0.00911937 -2.27295 -0.0152628 -0.00930981 0.99984 130.47
0.999811 0.011516 0.01563 -0.616382 -0.0116563 0.999892 0.00891627 -2.29527 -0.0155256 -0.00909678 0.999838 131.88
0.999826 0.00978956 0.0158685 -0.602979 -0.00994151 0.999905 0.00952503 -2.31358 -0.0157738 -0.00968113 0.999829 133.189
0.999851 0.00771722 0.0154471 -0.583788 -0.00787354 0.999918 0.0100846 -2.33184 -0.0153681 -0.0102048 0.99983 134.546
0.999871 0.00597404 0.0149266 -0.569026 -0.00612553 0.99993 0.0101239 -2.34889 -0.014865 -0.0102141 0.999837 135.833
0.999891 0.00523016 0.0138106 -0.553687 -0.00537063 0.999934 0.0101533 -2.36786 -0.0137566 -0.0102263 0.999853 137.201
0.999913 0.00318916 0.0128402 -0.534635 -0.00332964 0.999935 0.010934 -2.38473 -0.0128045 -0.0109758 0.999858 138.571
0.999927 0.00209065 0.0118922 -0.523389 -0.00222428 0.999934 0.0112341 -2.40308 -0.0118679 -0.0112598 0.999866 139.917
0.999944 0.000744397 0.0105529 -0.509298 -0.000861859 0.999938 0.0111307 -2.41741 -0.0105439 -0.0111392 0.999882 141.247
0.999952 0.00134916 0.00965386 -0.501325 -0.0014544 0.99994 0.0109026 -2.43612 -0.00963856 -0.0109162 0.999894 142.598
0.999963 0.000607988 0.00858446 -0.499822 -0.000695649 0.999948 0.0102124 -2.45075 -0.0085778 -0.010218 0.999911 143.955
0.999971 -0.000688567 0.00760113 -0.492581 0.000626148 0.999966 0.008211 -2.46902 -0.00760653 -0.008206 0.999937 145.31
0.999961 -0.00578463 0.00664782 -0.481297 0.00573498 0.999956 0.0074633 -2.49379 -0.00669069 -0.00742489 0.99995 146.692
0.999887 -0.0139695 0.00563078 -0.469146 0.0139119 0.999852 0.010146 -2.50972 -0.00577168 -0.0100665 0.999933 147.995
0.999759 -0.021583 0.00406115 -0.445159 0.0215346 0.999701 0.0116129 -2.52541 -0.00431057 -0.0115226 0.999924 149.386
0.999697 -0.0244606 0.00282281 -0.432415 0.0244347 0.999662 0.00885746 -2.54447 -0.00303852 -0.0087858 0.999957 150.671
0.999721 -0.0233821 0.00335135 -0.433727 0.0233642 0.999713 0.00527631 -2.56832 -0.00347376 -0.00519654 0.999981 152.075
0.999785 -0.0202998 0.00421497 -0.432857 0.0202872 0.99979 0.003006 -2.58933 -0.0042751 -0.00291984 0.999987 153.428
0.999799 -0.019387 0.00504018 -0.432137 0.0193708 0.999807 0.00324129 -2.6202 -0.00510204 -0.003143 0.999982 154.757
0.999726 -0.0226849 0.00569693 -0.428851 0.0226495 0.999724 0.00619758 -2.6421 -0.00583595 -0.00606685 0.999965 156.135
0.999567 -0.0288177 0.00595225 -0.409491 0.0287607 0.999542 0.00944437 -2.66717 -0.00622168 -0.00926909 0.999938 157.46
0.999453 -0.0325001 0.00608445 -0.401117 0.032434 0.999417 0.0106584 -2.68371 -0.0064273 -0.0104553 0.999925 158.853
0.999408 -0.0338985 0.00595936 -0.389829 0.0338316 0.999367 0.0109767 -2.70407 -0.00632768 -0.0107685 0.999922 160.146
0.999453 -0.0323103 0.00703173 -0.387123 0.0322295 0.999417 0.0113121 -2.7179 -0.00739313 -0.0110792 0.999911 161.542
0.999542 -0.0290802 0.0084168 -0.390499 0.0289889 0.999522 0.010778 -2.73249 -0.0087262 -0.0105291 0.999907 162.875
0.999669 -0.0241129 0.00897124 -0.383809 0.0240369 0.999675 0.00848265 -2.75444 -0.00917286 -0.00826421 0.999924 164.244
0.999719 -0.0214425 0.0101059 -0.384479 0.0213647 0.999742 0.00774534 -2.7721 -0.0102694 -0.00752725 0.999919 165.599
0.999737 -0.0204837 0.0102809 -0.380737 0.0203905 0.999751 0.00908493 -2.78697 -0.0104644 -0.00887291 0.999906 166.988
0.999778 -0.0184214 0.0102207 -0.373814 0.0183302 0.999792 0.00895148 -2.80912 -0.0103834 -0.00876215 0.999908 168.349
0.999819 -0.0164114 0.00961546 -0.369131 0.0163465 0.999843 0.00678861 -2.82641 -0.00972536 -0.0066302 0.999931 169.744
0.99988 -0.0123807 0.00936109 -0.366553 0.012347 0.999917 0.00364627 -2.85429 -0.00940546 -0.00353025 0.99995 171.148
0.999939 -0.00647678 0.00890496 -0.369569 0.00645465 0.999976 0.00251208 -2.87886 -0.00892102 -0.00245445 0.999957 172.528
0.999953 -0.00257816 0.00935793 -0.370362 0.00254474 0.99999 0.00358119 -2.90014 -0.00936707 -0.00355721 0.99995 173.86
0.99995 0.000474853 0.0100324 -0.368712 -0.00053208 0.999984 0.00570241 -2.92522 -0.0100295 -0.00570746 0.999933 175.312
0.999948 0.000997292 0.0101908 -0.360256 -0.00107771 0.999968 0.00788836 -2.94658 -0.0101826 -0.00789893 0.999917 176.636
0.999956 -0.00135648 0.00924391 -0.354311 0.00127275 0.999958 0.00905852 -2.96411 -0.00925581 -0.00904636 0.999916 177.993
0.99996 -0.00434666 0.0078476 -0.34603 0.0042757 0.99995 0.00903625 -2.98021 -0.00788649 -0.00900233 0.999928 179.418
0.99997 -0.00478671 0.00602124 -0.345446 0.00475435 0.999974 0.00537778 -3.00248 -0.00604683 -0.005349 0.999967 180.924
0.99999 -0.00132754 0.00438986 -0.347155 0.00132224 0.999998 0.00121116 -3.03291 -0.00439146 -0.00120535 0.99999 182.241
0.99999 0.0023161 0.00383564 -0.355947 -0.00231527 0.999997 -0.000220575 -3.05652 -0.00383614 0.000211693 0.999993 183.766
0.999972 0.00642206 0.00386978 -0.364434 -0.00642582 0.999979 0.000960199 -3.08516 -0.00386353 -0.000985039 0.999992 185.081
0.99996 0.00814624 0.0037825 -0.363691 -0.00816227 0.999958 0.00424189 -3.10904 -0.00374779 -0.00427259 0.999984 186.542
0.999955 0.00852038 0.00417607 -0.368115 -0.00854909 0.99994 0.00690464 -3.13317 -0.00411698 -0.00694003 0.999968 187.889
0.999956 0.00823547 0.00440803 -0.371182 -0.00826897 0.999937 0.00763662 -3.15455 -0.00434486 -0.00767273 0.999961 189.386
0.999969 0.00677658 0.00410762 -0.365506 -0.00681088 0.999942 0.00839399 -3.17321 -0.0040505 -0.0084217 0.999956 190.784
0.999985 0.003463 0.00424332 -0.368744 -0.00350102 0.999954 0.00898718 -3.19266 -0.004212 -0.0090019 0.999951 192.141
0.999988 0.00134083 0.00467195 -0.363329 -0.00138421 0.999956 0.00929403 -3.2115 -0.00465929 -0.00930039 0.999946 193.655
0.999986 -0.0018401 0.004949 -0.355166 0.00178939 0.999946 0.010233 -3.22888 -0.00496756 -0.010224 0.999935 195.05
0.999968 -0.00608787 0.00521307 -0.340417 0.00602596 0.999912 0.0118118 -3.24645 -0.00528452 -0.01178 0.999917 196.485
0.999928 -0.0106188 0.00557919 -0.336511 0.0105512 0.999872 0.0120099 -3.25843 -0.005706 -0.0119501 0.999912 197.896
0.999951 -0.00799714 0.00577222 -0.336026 0.00795251 0.999939 0.00771295 -3.27862 -0.00583355 -0.00766667 0.999954 199.262
0.999979 -0.000706287 0.00644939 -0.338775 0.000688715 0.999996 0.00272646 -3.30335 -0.00645129 -0.00272196 0.999976 200.725
0.999922 0.0097659 0.00780498 -0.3517 -0.0097826 0.99995 0.00210448 -3.32827 -0.00778404 -0.00218067 0.999967 202.149
0.999819 0.0168038 0.00891576 -0.36423 -0.0168556 0.999841 0.00576205 -3.34859 -0.00881752 -0.00591129 0.999944 203.608
0.999789 0.0179696 0.00992619 -0.358073 -0.0180532 0.999802 0.00839889 -3.36766 -0.0097733 -0.00857631 0.999916 205.002
0.999811 0.0170445 0.00940729 -0.351402 -0.0171258 0.999816 0.0086296 -3.3892 -0.00925847 -0.00878907 0.999919 206.464
0.99988 0.0132369 0.00810411 -0.333192 -0.0133086 0.999872 0.0088562 -3.4067 -0.00798585 -0.00896299 0.999928 207.919
0.999909 0.0115963 0.00689947 -0.329847 -0.0116546 0.999896 0.00847273 -3.43005 -0.0068005 -0.00855237 0.99994 209.392
0.999904 0.0120816 0.00675215 -0.323741 -0.0121336 0.999897 0.00769961 -3.44843 -0.00665842 -0.0077808 0.999948 210.892
0.999893 0.0130913 0.00652779 -0.320039 -0.0131444 0.99988 0.00816068 -3.4684 -0.00642017 -0.00824561 0.999945 212.347
0.99988 0.0140663 0.00642614 -0.319994 -0.0141238 0.99986 0.00898708 -3.48752 -0.00629882 -0.00907676 0.999939 213.745
0.999886 0.0136602 0.00644983 -0.320774 -0.0137172 0.999866 0.00887721 -3.50788 -0.0063277 -0.00896467 0.99994 215.213
0.999893 0.0134811 0.00572827 -0.313709 -0.0135248 0.999879 0.00766075 -3.52804 -0.00562431 -0.0077374 0.999954 216.686
0.999896 0.0132372 0.00567462 -0.316359 -0.0132787 0.999885 0.00734704 -3.54881 -0.00557671 -0.00742163 0.999957 218.206
0.999898 0.0132987 0.00517261 -0.316973 -0.0133373 0.999883 0.00750411 -3.56839 -0.00507221 -0.00757234 0.999958 219.672
0.999897 0.0136398 0.0044955 -0.315965 -0.013672 0.99988 0.00722684 -3.59224 -0.00439639 -0.00728756 0.999964 221.205
0.999895 0.0138118 0.00444307 -0.310328 -0.0138423 0.99988 0.00691281 -3.61677 -0.00434706 -0.00697358 0.999966 222.669
0.99988 0.0149617 0.0041195 -0.310407 -0.0149902 0.999863 0.00697846 -3.63505 -0.00401453 -0.00703937 0.999967 224.115
0.999889 0.0144754 0.0036422 -0.317195 -0.0144998 0.999872 0.00677121 -3.65851 -0.00354372 -0.00682327 0.99997 225.65
0.999876 0.0153389 0.00344726 -0.319351 -0.0153621 0.999859 0.00681242 -3.67868 -0.00334228 -0.00686454 0.999971 227.124
0.99989 0.0144515 0.00339444 -0.327125 -0.0144746 0.999871 0.00689353 -3.70285 -0.00329438 -0.0069419 0.999971 228.623
0.999901 0.0136401 0.00332559 -0.323602 -0.0136615 0.999886 0.00648309 -3.72664 -0.00323678 -0.00652788 0.999973 230.109
0.999912 0.0128066 0.00357711 -0.324098 -0.0128316 0.999893 0.00705489 -3.74976 -0.00348638 -0.00710017 0.999969 231.629
0.999933 0.0110023 0.00359542 -0.320608 -0.0110302 0.999909 0.00783991 -3.77225 -0.00350884 -0.00787904 0.999963 233.096
0.999937 0.0106007 0.00368019 -0.323092 -0.0106302 0.999911 0.00808251 -3.79409 -0.00359419 -0.00812112 0.999961 234.679
0.99993 0.0112811 0.00360444 -0.319925 -0.0113095 0.999905 0.00794259 -3.81636 -0.00351449 -0.0079828 0.999962 236.09
0.999914 0.0124178 0.00412689 -0.319394 -0.0124474 0.999896 0.00723818 -3.83882 -0.00403658 -0.00728893 0.999965 237.577
0.999896 0.0137068 0.00446903 -0.326525 -0.0137423 0.999873 0.00802395 -3.86134 -0.00435848 -0.00808453 0.999958 239.101
0.999896 0.0134085 0.00529894 -0.327282 -0.0134614 0.999859 0.010078 -3.87704 -0.00516306 -0.0101483 0.999935 240.637
0.999901 0.0128473 0.00577235 -0.329267 -0.0129071 0.999862 0.01044 -3.898 -0.00563743 -0.0105134 0.999929 242.145
0.999885 0.013833 0.00625418 -0.324575 -0.0138901 0.999861 0.00918243 -3.91784 -0.00612629 -0.00926824 0.999938 243.671
0.999871 0.0143683 0.00723665 -0.322122 -0.0144236 0.999867 0.00764777 -3.94296 -0.0071258 -0.00775116 0.999945 245.209
0.999862 0.0150507 0.00697182 -0.321457 -0.0151075 0.999852 0.00817615 -3.95798 -0.00684773 -0.00828035 0.999942 246.701
0.999869 0.0145675 0.00706938 -0.314335 -0.0146327 0.99985 0.0092532 -3.97962 -0.00693352 -0.00935543 0.999932 248.17
0.999863 0.0149431 0.00712967 -0.314801 -0.0150147 0.999836 0.0100966 -4.00101 -0.00697762 -0.0102022 0.999924 249.73
0.999866 0.014868 0.00684004 -0.312354 -0.0149373 0.999837 0.0101853 -4.01731 -0.00668749 -0.0102861 0.999925 251.236
0.999841 0.0163949 0.00707085 -0.305847 -0.0164662 0.999813 0.0101521 -4.03622 -0.00690308 -0.0102669 0.999924 252.767
0.999819 0.0175976 0.00725468 -0.299153 -0.017673 0.999789 0.0104531 -4.05536 -0.0070692 -0.0105794 0.999919 254.277
0.999808 0.018168 0.00736632 -0.296585 -0.0182458 0.999777 0.0106396 -4.0695 -0.00717138 -0.0107719 0.999916 255.857
0.999839 0.0165764 0.00693177 -0.300541 -0.0166531 0.999799 0.01117 -4.09032 -0.00674522 -0.0112836 0.999914 257.399
0.999868 0.0146037 0.00705122 -0.299323 -0.014686 0.999823 0.0117637 -4.10267 -0.00687818 -0.0118657 0.999906 258.909
0.999909 0.0115226 0.00709587 -0.291955 -0.0116135 0.999849 0.012917 -4.1214 -0.00694596 -0.0129983 0.999891 260.441
0.999923 0.0104757 0.00660238 -0.289418 -0.0105541 0.999873 0.0119624 -4.13872 -0.00647623 -0.0120312 0.999907 262.041
0.99993 0.00991005 0.00652726 -0.273719 -0.00998268 0.999888 0.0111894 -4.15662 -0.00641564 -0.0112538 0.999916 263.571
0.999947 0.00737902 0.00712968 -0.269363 -0.00746998 0.99989 0.0128174 -4.17544 -0.00703432 -0.01287 0.999892 265.087
0.999961 0.00444556 0.00761856 -0.267309 -0.00455787 0.99988 0.014789 -4.18182 -0.0075519 -0.0148232 0.999862 266.677
0.999967 0.00303886 0.00753406 -0.243316 -0.00314566 0.999894 0.0142042 -4.19919 -0.0074901 -0.0142274 0.999871 268.243
0.999961 0.00264196 0.00840842 -0.23485 -0.00275132 0.999911 0.0130215 -4.21361 -0.00837327 -0.0130441 0.99988 269.797
0.999949 0.00341243 0.00953164 -0.216503 -0.00353597 0.99991 0.0129748 -4.22754 -0.0094865 -0.0130078 0.99987 271.295
0.999931 0.00514494 0.0105393 -0.216531 -0.00528183 0.999902 0.0130026 -4.24172 -0.0104713 -0.0130574 0.99986 272.885
0.999911 0.00677061 0.0115209 -0.212573 -0.00691503 0.999897 0.0125419 -4.25789 -0.0114348 -0.0126204 0.999855 274.445
0.999885 0.0078754 0.0129341 -0.190165 -0.00803935 0.999887 0.0126727 -4.27438 -0.0128328 -0.0127752 0.999836 275.997
0.999878 0.00788463 0.0135 -0.176211 -0.00805237 0.99989 0.0124164 -4.29112 -0.0134006 -0.0125235 0.999832 277.546
0.999862 0.00832049 0.0143848 -0.164265 -0.00849084 0.999894 0.0118228 -4.30881 -0.0142849 -0.0119433 0.999827 279.137
0.999851 0.00751691 0.0155194 -0.134401 -0.00769253 0.999907 0.0112877 -4.32521 -0.0154331 -0.0114054 0.999816 280.614
0.999824 0.00799568 0.0169579 -0.117934 -0.00819107 0.999901 0.0114842 -4.34516 -0.0168644 -0.0116211 0.99979 282.186
0.999826 0.00619646 0.0175887 -0.0905772 -0.00642144 0.999898 0.0127637 -4.36144 -0.0175079 -0.0128744 0.999764 283.779
0.999829 0.00509136 0.017776 -0.0626076 -0.00532428 0.9999 0.0130804 -4.37864 -0.0177076 -0.0131728 0.999757 285.289
0.999825 0.00390961 0.0183044 -0.019379 -0.00410267 0.999936 0.0105219 -4.40012 -0.0182621 -0.0105952 0.999777 286.913
0.999826 0.00430585 0.0181397 -0.0195819 -0.00446026 0.999954 0.00848033 -4.41744 -0.0181024 -0.00855977 0.9998 288.487
0.999853 0.00377701 0.0167042 0.00821964 -0.00392294 0.999954 0.00871247 -4.43301 -0.0166705 -0.00877673 0.999823 289.966
0.999846 0.00216825 0.0174019 0.0514258 -0.00231785 0.999961 0.00858099 -4.45592 -0.0173826 -0.00862 0.999812 291.592
0.999882 0.00211961 0.0152486 0.0584181 -0.00224742 0.999963 0.00836944 -4.47661 -0.0152303 -0.00840272 0.999849 293.107
0.999879 0.00298717 0.0152837 0.0898156 -0.00310779 0.999964 0.00787465 -4.50013 -0.0152596 -0.00792119 0.999852 294.723
0.999887 0.00295406 0.0147281 0.109138 -0.00307674 0.999961 0.00831455 -4.51731 -0.014703 -0.00835893 0.999857 296.258
0.999901 0.00279686 0.0137786 0.114781 -0.00291543 0.999959 0.00859277 -4.54176 -0.013754 -0.00863209 0.999868 297.841
0.999911 0.00263674 0.0130517 0.142368 -0.00276256 0.99995 0.00963185 -4.56151 -0.0130256 -0.00966706 0.999869 299.476
0.999921 0.00344787 0.0120572 0.148971 -0.00358423 0.99993 0.0113064 -4.57627 -0.0120174 -0.0113488 0.999863 301.013
0.999908 0.00367198 0.013032 0.180354 -0.00381856 0.99993 0.0112405 -4.5953 -0.0129898 -0.0112893 0.999852 302.647
0.999878 0.00459648 0.0149158 0.195608 -0.00476072 0.999928 0.0109947 -4.60892 -0.0148642 -0.0110644 0.999828 304.172
0.999882 0.00360619 0.0149057 0.211354 -0.00376955 0.999933 0.010946 -4.62651 -0.0148653 -0.0110009 0.999829 305.797
0.999887 0.00115974 0.0149672 0.238432 -0.00130668 0.999951 0.00981164 -4.64118 -0.0149551 -0.00983009 0.99984 307.422
0.999889 0.000350288 0.0148822 0.233507 -0.000470063 0.999968 0.00804545 -4.6637 -0.0148789 -0.00805155 0.999857 309.047
0.999892 -0.000662739 0.0146897 0.270043 0.000558917 0.999975 0.00707072 -4.68425 -0.014694 -0.00706175 0.999867 310.702
0.999906 0.000772663 0.0136725 0.286502 -0.00085822 0.99998 0.00625278 -4.70875 -0.0136674 -0.00626393 0.999887 312.229
0.999947 0.00154577 0.0101346 0.291439 -0.00161625 0.999975 0.00694977 -4.73082 -0.0101236 -0.00696578 0.999925 313.912
0.99994 0.00283524 0.0106114 0.283613 -0.00293942 0.999948 0.00981494 -4.75049 -0.010583 -0.00984554 0.999896 315.463
0.999948 0.00155565 0.0100824 0.324534 -0.00169108 0.999908 0.0134377 -4.76797 -0.0100605 -0.0134541 0.999859 317.114
0.999942 0.000160006 0.0107994 0.308297 -0.000313449 0.999899 0.0142083 -4.78105 -0.010796 -0.0142109 0.999841 318.755
0.99995 -0.00062679 0.00993731 0.326323 0.000498803 0.999917 0.0128767 -4.79744 -0.00994455 -0.0128711 0.999868 320.387
0.999936 -0.00150361 0.0112036 0.339673 0.00136133 0.999919 0.0126961 -4.81065 -0.0112218 -0.01268 0.999857 322.011
0.999937 -0.00173392 0.0110879 0.344731 0.00158736 0.999911 0.0132128 -4.82574 -0.0111098 -0.0131944 0.999851 323.641
0.999939 -0.00176365 0.010868 0.328157 0.0016184 0.999909 0.0133589 -4.84501 -0.0108906 -0.0133405 0.999852 325.308
0.99995 -0.000355867 0.0100425 0.343719 0.000228987 0.99992 0.0126326 -4.85965 -0.0100462 -0.0126297 0.99987 326.885
0.999926 0.000233773 0.0121451 0.343647 -0.000377013 0.99993 0.011793 -4.87756 -0.0121415 -0.0117967 0.999857 328.553
0.999915 -0.000588419 0.0130227 0.349071 0.00041136 0.999907 0.0135946 -4.89528 -0.0130295 -0.013588 0.999823 330.154
0.999917 -0.00203289 0.0127182 0.373829 0.00184522 0.999889 0.0147509 -4.91198 -0.0127468 -0.0147262 0.99981 331.803
0.999927 -0.00206245 0.0118839 0.395611 0.0019023 0.999907 0.0134713 -4.93079 -0.0119106 -0.0134477 0.999839 333.44
0.999918 -0.00173212 0.0127265 0.403133 0.00155496 0.999902 0.0139173 -4.95047 -0.0127493 -0.0138963 0.999822 335.055
0.999923 -0.000508211 0.0124189 0.400615 0.000361552 0.99993 0.0118089 -4.95604 -0.012424 -0.0118035 0.999853 336.654
0.999925 0.00299426 0.0119086 0.421772 -0.0031001 0.999956 0.00887948 -4.98688 -0.0118815 -0.00891573 0.99989 338.276
0.999936 0.00347412 0.0107611 0.433234 -0.00357921 0.999946 0.00976165 -5.00477 -0.0107266 -0.00979954 0.999894 339.901
0.999946 0.0039406 0.00965715 0.450811 -0.00406388 0.99991 0.0127796 -5.02748 -0.00960593 -0.0128182 0.999872 341.524
0.999947 0.0049486 0.00908836 0.456094 -0.00508966 0.999866 0.0155629 -5.03864 -0.00901012 -0.0156084 0.999838 343.122
0.999956 0.00582948 0.00740613 0.446267 -0.00593866 0.999873 0.0148055 -5.05372 -0.00731888 -0.0148489 0.999863 344.743
0.999963 0.00600386 0.00622151 0.42924 -0.00608602 0.999893 0.0132706 -5.07047 -0.00614117 -0.013308 0.999893 346.34
0.999984 0.00405695 0.00401287 0.442664 -0.00411443 0.999888 0.0144215 -5.08341 -0.00395391 -0.0144378 0.999888 347.942
0.999994 0.00239375 0.00250662 0.428472 -0.00243162 0.999881 0.0152144 -5.10352 -0.00246991 -0.0152204 0.999881 349.552
0.999993 0.00217838 0.003162 0.430624 -0.00222367 0.999894 0.0143897 -5.11972 -0.00313032 -0.0143967 0.999891 351.183
0.999993 0.00172833 0.00318113 0.409309 -0.00177144 0.999906 0.0136 -5.1348 -0.00315733 -0.0136055 0.999902 352.746
0.999995 0.00161768 0.002847 0.417716 -0.00165598 0.999907 0.0135026 -5.14869 -0.00282489 -0.0135073 0.999905 354.353
0.999994 0.00066913 0.00328917 0.400885 -0.000713889 0.999907 0.0136255 -5.16557 -0.00327975 -0.0136277 0.999902 355.95
0.999996 4.98714e-05 0.00296474 0.39424 -8.82099e-05 0.999916 0.0129334 -5.18495 -0.00296385 -0.0129336 0.999912 357.549
0.999993 -0.000299784 0.00368683 0.391155 0.000254306 0.999924 0.0123293 -5.20227 -0.00369025 -0.0123283 0.999917 359.163
0.999994 -0.000543171 0.00335518 0.392255 0.000501165 0.999922 0.0125077 -5.22222 -0.00336171 -0.012506 0.999916 360.732
0.999989 -0.000552834 0.00470482 0.372692 0.000498752 0.999934 0.0114883 -5.23554 -0.00471086 -0.0114859 0.999923 362.311
0.99999 -0.00161152 0.00421269 0.381393 0.00156652 0.999942 0.0106647 -5.25672 -0.00422964 -0.010658 0.999934 363.887
0.999982 -0.0037106 0.00467217 0.370829 0.00365579 0.999925 0.0116873 -5.27005 -0.00471519 -0.01167 0.999921 365.467
0.999973 -0.00553467 0.00492656 0.376317 0.00546819 0.999895 0.0134063 -5.29056 -0.00500024 -0.013379 0.999898 367.053
0.999974 -0.00553313 0.00455477 0.385552 0.00547636 0.999908 0.0123833 -5.3069 -0.00462287 -0.012358 0.999913 368.623
0.999975 -0.00419136 0.00577003 0.384846 0.00412344 0.999923 0.0117332 -5.32146 -0.00581876 -0.0117092 0.999915 370.251
0.99998 -0.00304123 0.00558419 0.376141 0.00296922 0.999913 0.0128594 -5.33464 -0.00562281 -0.0128426 0.999902 371.854
0.999979 -0.00165339 0.00618627 0.381254 0.00157055 0.999909 0.0133719 -5.35037 -0.00620782 -0.0133619 0.999891 373.458
0.999982 -0.00173984 0.0057656 0.372239 0.0016627 0.999909 0.0133571 -5.36634 -0.00578831 -0.0133472 0.999894 375.051
0.999973 -0.00132939 0.00728847 0.385246 0.00123867 0.999922 0.0124376 -5.38442 -0.00730443 -0.0124282 0.999896 376.661
0.999961 -0.00140164 0.00867789 0.375096 0.00129461 0.999923 0.0123277 -5.3958 -0.0086945 -0.012316 0.999886 378.218
0.999964 -0.000904172 0.00849981 0.373451 0.000799637 0.999924 0.0122938 -5.41212 -0.00851028 -0.0122865 0.999888 379.848
0.999956 0.00050458 0.00933445 0.367742 -0.000621973 0.999921 0.0125776 -5.42874 -0.00932736 -0.0125828 0.999877 381.473
0.999956 0.00101656 0.00930122 0.380552 -0.00114014 0.999911 0.0132908 -5.44086 -0.00928688 -0.0133008 0.999868 383.047
0.999942 0.00255294 0.0105039 0.399052 -0.00268634 0.999916 0.0127053 -5.46002 -0.0104706 -0.0127328 0.999864 384.619
0.999928 0.00326918 0.0115216 0.402926 -0.00340983 0.99992 0.0122094 -5.47632 -0.0114807 -0.0122478 0.999859 386.268
0.999929 0.00438838 0.0110363 0.408677 -0.00452445 0.999914 0.0123344 -5.49463 -0.0109813 -0.0123835 0.999863 387.918
0.999919 0.00554874 0.0114897 0.419752 -0.00570169 0.999895 0.0133217 -5.50651 -0.0114146 -0.0133861 0.999845 389.5
0.999905 0.00694211 0.0118733 0.435439 -0.00710628 0.999879 0.0138411 -5.52311 -0.0117758 -0.0139242 0.999834 391.134
0.999888 0.00782704 0.012723 0.429047 -0.00799232 0.999884 0.0129922 -5.53885 -0.0126198 -0.0130924 0.999835 392.764
0.999887 0.00808187 0.0127108 0.457968 -0.00825678 0.999871 0.0137695 -5.555 -0.0125979 -0.0138729 0.999824 394.407
