1 -3.64932e-10 -5.02005e-12 2.32831e-10 -6.92874e-10 1 4.10834e-10 7.45058e-09 1.04042e-13 9.60589e-11 1 0
0.999998 0.000900029 0.00172968 0.00438463 -0.000891673 0.999988 -0.00482669 -0.00947697 -0.001734 0.00482513 0.999987 0.950468
0.999996 -0.0010148 0.00275736 0.0067903 0.00103049 0.999983 -0.00569534 -0.0186225 -0.00275153 0.00569816 0.99998 1.90326
0.999987 -0.00327224 0.00391268 0.00644333 0.003281 0.999992 -0.00223273 -0.0224471 -0.00390535 0.00224554 0.99999 2.86472
0.999972 -0.00692389 0.00271047 0.0110309 0.0069129 0.999968 0.00404581 -0.0269207 -0.0027384 -0.00402696 0.999988 3.80934
0.999951 -0.00978681 0.00121882 0.0180928 0.00978134 0.999942 0.00441101 -0.0308944 -0.00126192 -0.00439888 0.99999 4.75056
0.999924 -0.0122954 0.0011933 0.0165384 0.0122929 0.999922 0.00207506 -0.0330683 -0.00121872 -0.00206024 0.999997 5.6998
0.999932 -0.0116326 -0.000396383 0.0190882 0.0116321 0.999932 -0.00132949 -0.0352679 0.000411821 0.00132479 0.999999 6.62141
0.999928 -0.0119972 -0.00108463 0.0156676 0.0119949 0.999926 -0.00209752 -0.039822 0.00110971 0.00208436 0.999997 7.55632
0.99993 -0.0117647 -0.00158675 0.0100561 0.0117641 0.999931 -0.000414641 -0.0414659 0.00159152 0.000395947 0.999999 8.49575
0.999924 -0.0119356 -0.00299483 0.00728299 0.0119426 0.999926 0.00233235 -0.045696 0.00296677 -0.00236794 0.999993 9.41106
0.99992 -0.012007 -0.0040956 0.005316 0.0120233 0.99992 0.00397576 -0.0493487 0.00404754 -0.00402468 0.999984 10.3315
0.999907 -0.0130364 -0.00410346 -0.00871952 0.0130563 0.999903 0.00486094 -0.0518748 0.00403969 -0.00491406 0.99998 11.2513
0.999894 -0.0135937 -0.00523905 -0.0146411 0.013619 0.999896 0.004824 -0.0537295 0.00517293 -0.00489483 0.999975 12.1456
0.999892 -0.0134541 -0.00598294 -0.0205004 0.0134755 0.999903 0.00355258 -0.0524059 0.00593457 -0.00363282 0.999976 13.0581
0.99987 -0.0145115 -0.00711315 -0.0316299 0.0145234 0.999893 0.00162683 -0.0555147 0.00708878 -0.00172992 0.999973 13.9634
0.999846 -0.0146776 -0.00959272 -0.0355989 0.01468 0.999892 0.000182334 -0.0533753 0.00958901 -0.000323127 0.999954 14.8702
0.999831 -0.0150474 -0.0105718 -0.0513353 0.0150399 0.999887 -0.000786731 -0.0585434 0.0105824 0.000627601 0.999944 15.7526
0.999831 -0.0140367 -0.0118388 -0.0663634 0.0140203 0.999901 -0.00146035 -0.0610345 0.0118581 0.00129412 0.999929 16.6607
0.999827 -0.0126558 -0.0136299 -0.082034 0.0126332 0.999919 -0.001739 -0.0642442 0.0136508 0.00156651 0.999906 17.5448
0.999808 -0.0123067 -0.0152826 -0.0961622 0.012296 0.999924 -0.000795316 -0.0689135 0.0152913 0.000607247 0.999883 18.4253
0.999776 -0.0131567 -0.0165637 -0.118353 0.0131675 0.999913 0.000543207 -0.0734901 0.0165551 -0.000761186 0.999863 19.3456
0.999769 -0.0123254 -0.0176334 -0.136511 0.0123432 0.999923 0.000904647 -0.0770978 0.0176209 -0.00112209 0.999844 20.1899
0.999726 -0.0132702 -0.0193004 -0.15226 0.0132889 0.999911 0.000841528 -0.0819731 0.0192875 -0.00109778 0.999813 21.0717
0.999693 -0.0128182 -0.0211988 -0.169254 0.0128342 0.999918 0.000621645 -0.0846791 0.0211891 -0.000893522 0.999775 21.9438
0.999664 -0.0131342 -0.0223531 -0.190882 0.0131592 0.999913 0.000971349 -0.0873792 0.0223384 -0.00126517 0.99975 22.7706
0.999655 -0.0127152 -0.0229741 -0.217005 0.0127818 0.999915 0.00275274 -0.0865325 0.0229371 -0.00304544 0.999732 23.6528
0.999609 -0.014575 -0.0238532 -0.237795 0.0147097 0.999877 0.00548367 -0.0884777 0.0237704 -0.0058324 0.9997 24.4882
0.999592 -0.014154 -0.0248156 -0.265162 0.0143326 0.999873 0.00703396 -0.0901781 0.0247129 -0.00738676 0.999667 25.3179
0.999603 -0.0130006 -0.0249855 -0.281162 0.013151 0.999896 0.00586721 -0.0930232 0.0249066 -0.00619346 0.999671 26.1751
0.999592 -0.0121928 -0.0258337 -0.317594 0.0122856 0.999919 0.00343537 -0.0938008 0.0257897 -0.00375135 0.99966 26.9697
0.99958 -0.0111698 -0.0267358 -0.337652 0.0112178 0.999936 0.00164517 -0.093596 0.0267158 -0.00194439 0.999641 27.7734
0.999584 -0.0104244 -0.0269046 -0.359914 0.0104684 0.999944 0.00149426 -0.0935357 0.0268876 -0.00177528 0.999637 28.5684
0.999506 -0.0120783 -0.0290009 -0.396759 0.0121162 0.999926 0.00113125 -0.0999497 0.0289851 -0.00148207 0.999579 29.361
0.999479 -0.010606 -0.0304854 -0.419692 0.0106228 0.999944 0.000390061 -0.104623 0.0304795 -0.000713698 0.999535 30.142
0.99942 -0.01032 -0.0324595 -0.446034 0.0103307 0.999947 0.000161935 -0.109365 0.0324561 -0.00049717 0.999473 30.9058
0.999325 -0.0105498 -0.0351861 -0.491989 0.0106027 0.999943 0.00131662 -0.108846 0.0351702 -0.0016888 0.99938 31.6668
0.999263 -0.0113849 -0.0366735 -0.507379 0.0115244 0.999927 0.0035932 -0.113648 0.0366299 -0.00401319 0.999321 32.4042
0.999197 -0.0105039 -0.0386734 -0.549118 0.0107095 0.99993 0.00511374 -0.116057 0.038617 -0.00552381 0.999239 33.1636
0.999134 -0.00948599 -0.0405194 -0.585945 0.00971528 0.999938 0.00546546 -0.119378 0.040465 -0.00585438 0.999164 33.8845
0.999094 -0.00667367 -0.0420274 -0.619244 0.00688392 0.999965 0.00486004 -0.118758 0.0419935 -0.00514495 0.999105 34.6105
0.999005 -0.00477047 -0.0443407 -0.662387 0.00495796 0.999979 0.00411947 -0.120132 0.0443201 -0.00433521 0.999008 35.3079
0.998959 -0.0042249 -0.0454165 -0.700836 0.00445788 0.999977 0.00502993 -0.118813 0.0453942 -0.00522716 0.998955 36.0053
0.998905 -0.00347581 -0.0466574 -0.740812 0.00380411 0.999969 0.0069496 -0.117083 0.0466317 -0.00711948 0.998887 36.7072
0.998902 -0.000711831 -0.0468463 -0.774648 0.00106355 0.999972 0.00748352 -0.116629 0.0468396 -0.00752512 0.998874 37.3722
0.998953 0.00269442 -0.0456651 -0.808013 -0.00243636 0.999981 0.0057059 -0.120636 0.0456796 -0.00558866 0.998941 38.0283
0.999021 0.00480539 -0.0439696 -0.851584 -0.00470075 0.999986 0.00248306 -0.118582 0.0439809 -0.00227394 0.99903 38.7004
0.999109 0.00497163 -0.0419205 -0.876274 -0.00494771 0.999988 0.00067441 -0.117868 0.0419234 -0.000466397 0.999121 39.3268
0.999243 0.00600284 -0.038432 -0.914923 -0.0059559 0.999981 0.00133566 -0.118322 0.0384393 -0.00110575 0.99926 39.9679
0.999331 0.0104716 -0.0350293 -0.939161 -0.0103408 0.999939 0.00391484 -0.122082 0.0350681 -0.00354999 0.999379 40.6096
0.999385 0.0150081 -0.0316944 -0.972598 -0.0147757 0.999862 0.00755357 -0.121037 0.0318034 -0.00708062 0.999469 41.2186
0.999429 0.0199695 -0.0272515 -0.993887 -0.0197363 0.999767 0.00879792 -0.124415 0.0274208 -0.00825506 0.99959 41.8156
0.999476 0.0243305 -0.0213706 -1.01568 -0.0241396 0.999667 0.00914396 -0.122174 0.021586 -0.00862328 0.99973 42.404
0.999488 0.0277373 -0.0159372 -1.03145 -0.0275636 0.999559 0.0110154 -0.118554 0.0162357 -0.0105705 0.999812 42.9558
0.99942 0.0328357 -0.00903449 -1.04692 -0.0327246 0.99939 0.0121866 -0.118696 0.00942913 -0.0118839 0.999885 43.5244
0.999327 0.0366348 -0.00173388 -1.06045 -0.036611 0.999255 0.0122322 -0.117547 0.00218072 -0.0121604 0.999924 44.0507
0.999199 0.0396899 0.00512119 -1.06275 -0.0397492 0.999137 0.0120481 -0.119239 -0.00463858 -0.012242 0.999914 44.5565
0.998961 0.0437864 0.0126052 -1.06475 -0.0439329 0.998967 0.011589 -0.116983 -0.0120848 -0.0121308 0.999853 45.0532
0.998615 0.0485386 0.0203039 -1.06308 -0.0487234 0.998774 0.00870975 -0.114403 -0.0198562 -0.00968696 0.999756 45.5178
0.998336 0.0501744 0.0284162 -1.0584 -0.050363 0.998713 0.00596046 -0.117333 -0.0280806 -0.00738167 0.999578 45.9406
0.99801 0.0514987 0.0363885 -1.03318 -0.0517323 0.998646 0.00550824 -0.115628 -0.0360555 -0.00737974 0.999323 46.3702
0.997741 0.0503048 0.0445165 -1.02196 -0.0506541 0.998693 0.00675449 -0.118767 -0.0441186 -0.00899418 0.998986 46.7665
0.997282 0.0519667 0.0522381 -1.00073 -0.052427 0.998597 0.00747929 -0.117989 -0.0517761 -0.0101976 0.998607 47.1465
0.996604 0.0550234 0.0612579 -0.972829 -0.0556031 0.998423 0.00779859 -0.118353 -0.0607322 -0.0111782 0.998092 47.4951
0.99574 0.0597681 0.0702092 -0.95855 -0.060417 0.998148 0.0071528 -0.119806 -0.0696517 -0.0113642 0.997507 47.8176
0.994848 0.0636126 0.0789372 -0.940522 -0.0643832 0.997899 0.00725331 -0.119583 -0.07831 -0.0122982 0.996853 48.1276
0.994068 0.0630891 0.0885908 -0.904173 -0.0640182 0.997919 0.00768337 -0.123283 -0.0879218 -0.0133092 0.996039 48.4042
0.99315 0.0619178 0.0990899 -0.87464 -0.0628138 0.998008 0.00594526 -0.126005 -0.0985244 -0.0121287 0.995061 48.6698
0.991989 0.0607362 0.11077 -0.831449 -0.0613048 0.998118 0.0017315 -0.129142 -0.110456 -0.00850834 0.993845 48.9307
0.990397 0.0613406 0.123898 -0.796048 -0.0615358 0.998102 -0.00225409 -0.129853 -0.123801 -0.00539174 0.992292 49.2002
0.988269 0.063394 0.138945 -0.755443 -0.0633531 0.99798 -0.00472166 -0.131795 -0.138964 -0.00413634 0.990289 49.4423
0.985655 0.0651722 0.15568 -0.699757 -0.0650239 0.997865 -0.00605054 -0.135197 -0.155742 -0.00415917 0.987789 49.7087
0.982822 0.0657606 0.172446 -0.651315 -0.0654619 0.997828 -0.00742456 -0.136484 -0.172559 -0.00399163 0.984991 49.9472
0.979569 0.0649651 0.190327 -0.577915 -0.0645624 0.997879 -0.00832241 -0.139658 -0.190464 -0.00413561 0.981685 50.1968
0.975705 0.0638482 0.209579 -0.512445 -0.0633811 0.997949 -0.00895177 -0.144189 -0.209721 -0.00454908 0.977751 50.4555
0.971079 0.0643126 0.229936 -0.445238 -0.0636714 0.997919 -0.0102152 -0.147477 -0.230114 -0.00472055 0.973152 50.6802
0.965749 0.0663634 0.25085 -0.360236 -0.0653507 0.997786 -0.0123746 -0.149919 -0.251116 -0.00444242 0.967947 50.9268
0.959433 0.0677967 0.273664 -0.274845 -0.0663504 0.99769 -0.0145486 -0.154743 -0.274018 -0.00419925 0.961716 51.1658
0.952156 0.0688924 0.297745 -0.190294 -0.0672816 0.997611 -0.0156682 -0.160612 -0.298113 -0.00511416 0.954517 51.4043
0.943522 0.0716838 0.323462 -0.0918894 -0.0700344 0.997404 -0.016752 -0.166694 -0.323823 -0.00684755 0.946093 51.6394
0.933566 0.073867 0.350712 0.0263547 -0.0722584 0.997229 -0.0176906 -0.1753 -0.351047 -0.00882651 0.936316 51.8879
0.92227 0.0748902 0.379223 0.13284 -0.0729844 0.997144 -0.0194212 -0.1814 -0.379595 -0.00976581 0.925102 52.1192
0.909526 0.0734008 0.409115 0.271226 -0.0708273 0.997258 -0.0214616 -0.191767 -0.409569 -0.00945671 0.91223 52.3509
0.89463 0.070708 0.441177 0.424607 -0.0668519 0.997467 -0.0243013 -0.201375 -0.441778 -0.00775281 0.897091 52.5886
0.877251 0.069772 0.474934 0.580921 -0.063944 0.997548 -0.0284376 -0.211703 -0.475754 -0.0054223 0.879562 52.7979
0.857636 0.0720132 0.509191 0.752426 -0.0637252 0.997398 -0.0337256 -0.22027 -0.510294 -0.00352393 0.859993 53.0341
0.835996 0.0741495 0.543703 0.913885 -0.0635908 0.997244 -0.0382258 -0.227988 -0.545038 -0.00261784 0.838407 53.2573
0.811134 0.0771425 0.57975 1.11954 -0.0647242 0.997014 -0.0421082 -0.241104 -0.581268 -0.00336846 0.813706 53.4795
0.78393 0.0812475 0.615511 1.3481 -0.067709 0.996675 -0.0453254 -0.255544 -0.617147 -0.00614368 0.786824 53.7216
0.753738 0.0855844 0.651578 1.56231 -0.071182 0.996283 -0.0485186 -0.266175 -0.653308 -0.00981029 0.757028 53.9422
0.720858 0.0871274 0.687585 1.8297 -0.0714496 0.996123 -0.0513168 -0.284748 -0.689391 -0.0121356 0.724288 54.1727
0.684288 0.0852864 0.724207 2.12622 -0.0683581 0.996266 -0.0527353 -0.306009 -0.726001 -0.0134193 0.687563 54.4103
0.645093 0.0838884 0.759485 2.41476 -0.0657117 0.996364 -0.0542383 -0.326821 -0.761273 -0.0149183 0.64826 54.6128
0.602769 0.0838236 0.793501 2.76163 -0.0639275 0.996343 -0.05669 -0.344319 -0.795351 -0.0165555 0.605923 54.8347
0.556975 0.0836128 0.82631 3.10779 -0.0609094 0.996353 -0.0597631 -0.369298 -0.828293 -0.0170435 0.560036 55.0178
0.509216 0.0826017 0.856665 3.48698 -0.0575362 0.996424 -0.061877 -0.394948 -0.858713 -0.0177805 0.512148 55.2061
0.460408 0.080766 0.884026 3.91789 -0.0556502 0.99652 -0.0620605 -0.422907 -0.885961 -0.020623 0.4633 55.3988
0.411025 0.0782413 0.90826 4.31837 -0.0552204 0.996617 -0.0608632 -0.449643 -0.90995 -0.0251382 0.413955 55.543
0.360919 0.0779153 0.929337 4.76458 -0.0576048 0.996464 -0.0611717 -0.468618 -0.930816 -0.0314562 0.364131 55.6931
0.311056 0.0793037 0.947077 5.25289 -0.0564076 0.996296 -0.0648986 -0.488057 -0.948716 -0.0332353 0.314377 55.83
0.264268 0.0754584 0.961493 5.71444 -0.0457615 0.996793 -0.0656511 -0.528199 -0.963363 -0.0266499 0.266874 55.9181
0.219903 0.0699612 0.97301 6.2065 -0.0323457 0.9974 -0.0644046 -0.558892 -0.974985 -0.0173099 0.221594 55.9879
0.177321 0.0677501 0.981818 6.742 -0.022577 0.997645 -0.0647648 -0.598105 -0.983894 -0.0106824 0.178433 56.0481
0.139065 0.0701908 0.987793 7.25094 -0.018746 0.997493 -0.0682409 -0.61372 -0.990106 -0.00902726 0.140032 56.0969
0.106155 0.0703802 0.991856 7.77847 -0.0109646 0.997514 -0.0696082 -0.654107 -0.994289 -0.00348607 0.106662 56.1232
0.0768783 0.0690718 0.994645 8.34264 -0.00242365 0.997608 -0.0690902 -0.695657 -0.997038 0.00290087 0.0768618 56.1397
0.051817 0.0673986 0.99638 8.89009 0.00359085 0.997701 -0.0676747 -0.727656 -0.99865 0.00708455 0.0514559 56.1523
0.0320321 0.0664286 0.997277 9.47686 0.00940172 0.997725 -0.0667604 -0.761265 -0.999443 0.0115146 0.0313347 56.1486
0.0155371 0.0676624 0.997587 10.0756 0.0116845 0.997627 -0.0678471 -0.795619 -0.999811 0.0127105 0.0147096 56.1554
0.00241638 0.0678814 0.99769 10.6504 0.0127472 0.99761 -0.0679068 -0.83098 -0.999916 0.0128818 0.00154531 56.1421
-0.00947026 0.0688133 0.997585 11.2559 0.0134257 0.997548 -0.0686834 -0.86216 -0.999865 0.0127428 -0.0103709 56.1327
-0.0186503 0.0715644 0.997262 11.8597 0.0178735 0.9973 -0.0712329 -0.905649 -0.999666 0.016496 -0.019879 56.1134
-0.0257654 0.0731574 0.996988 12.4979 0.0226433 0.997105 -0.0725809 -0.948798 -0.999412 0.020705 -0.0273473 56.09
-0.0301571 0.0728949 0.996884 13.1265 0.0227118 0.99713 -0.0722258 -0.985609 -0.999287 0.0204629 -0.0317261 56.0708
-0.0341613 0.0701213 0.996953 13.7932 0.0205444 0.997374 -0.069447 -1.02713 -0.999205 0.0181094 -0.0355122 56.0511
-0.0365126 0.0633459 0.997323 14.4512 0.0186519 0.997858 -0.062697 -1.06276 -0.999159 0.0163127 -0.037616 56.0298
-0.0376886 0.0574584 0.997636 15.1361 0.0193309 0.998201 -0.0567606 -1.10389 -0.999103 0.0171459 -0.0387315 56.0073
-0.0380814 0.0551579 0.997751 15.8344 0.0222261 0.998275 -0.0543385 -1.14053 -0.999028 0.0201068 -0.0392416 55.9754
-0.0382969 0.0570634 0.997636 16.5215 0.0264819 0.998075 -0.0560719 -1.18434 -0.998916 0.0242719 -0.0397344 55.9474
-0.0370563 0.0644216 0.997235 17.2176 0.0270824 0.997618 -0.06344 -1.22037 -0.998946 0.0246566 -0.0387127 55.9169
-0.0348762 0.0720461 0.996791 17.9223 0.0263805 0.997117 -0.0711466 -1.2645 -0.999043 0.0238145 -0.0366763 55.8962
-0.0331077 0.0734787 0.996747 18.6281 0.026906 0.996998 -0.0726035 -1.30151 -0.99909 0.0244147 -0.0349853 55.8761
-0.0307831 0.0691741 0.99713 19.3673 0.0276078 0.997281 -0.0683323 -1.34596 -0.999145 0.0254251 -0.0326091 55.8598
-0.028604 0.0627225 0.997621 20.0938 0.02748 0.997702 -0.0619397 -1.39326 -0.999213 0.0256429 -0.0302618 55.845
-0.0257052 0.0606976 0.997825 20.8474 0.0254292 0.997872 -0.0600453 -1.43979 -0.999346 0.0238304 -0.027194 55.8263
-0.0219817 0.0659615 0.99758 21.5781 0.032126 0.997352 -0.0652386 -1.49255 -0.999242 0.0306142 -0.0240426 55.8094
-0.018533 0.0714274 0.997274 22.3046 0.0348787 0.996884 -0.0707513 -1.54219 -0.99922 0.0334724 -0.0209665 55.797
-0.016783 0.0723383 0.997239 23.0434 0.0286394 0.997005 -0.0718393 -1.58604 -0.999449 0.0273547 -0.0188044 55.7911
-0.0137342 0.0693561 0.997497 23.7762 0.0233498 0.997342 -0.0690238 -1.62983 -0.999633 0.0223434 -0.0153171 55.801
-0.00918498 0.0649385 0.997847 24.5195 0.0279784 0.997515 -0.0646593 -1.68186 -0.999566 0.0273243 -0.010979 55.7914
-0.00513843 0.066157 0.997796 25.2465 0.0329976 0.997277 -0.0659527 -1.73585 -0.999442 0.032586 -0.00730746 55.7844
-0.00221674 0.0701598 0.997533 25.9793 0.0331183 0.996994 -0.0700483 -1.78871 -0.999449 0.0328813 -0.00453364 55.7877
0.00121626 0.0715633 0.997435 26.7116 0.0287731 0.997021 -0.0715686 -1.83068 -0.999585 0.0287864 -0.000846463 55.7927
0.00497353 0.0704246 0.997505 27.4807 0.0270107 0.997144 -0.0705338 -1.8856 -0.999623 0.0272941 0.0030571 55.8063
0.00898011 0.0681514 0.997635 28.2061 0.0317068 0.997154 -0.0684039 -1.93245 -0.999457 0.032246 0.00679369 55.808
0.0123161 0.0678809 0.997617 28.942 0.0362477 0.997007 -0.0682868 -1.98816 -0.999267 0.0370023 0.00981869 55.8072
0.0158336 0.0690516 0.997487 29.6961 0.0392101 0.996802 -0.0696265 -2.04249 -0.999106 0.0402141 0.0130754 55.8265
0.0190507 0.0689297 0.99744 30.436 0.039719 0.996781 -0.0696428 -2.09089 -0.999029 0.0409441 0.0162516 55.8373
0.0219039 0.0676545 0.997468 31.1732 0.0408534 0.996814 -0.0685073 -2.13653 -0.998925 0.0422506 0.0190702 55.8557
0.0259832 0.0663848 0.997456 31.9219 0.0437471 0.996761 -0.0674782 -2.19284 -0.998705 0.0453891 0.0229949 55.8785
0.0290887 0.0669019 0.997335 32.6641 0.0417544 0.996806 -0.0680842 -2.23907 -0.998704 0.0436236 0.0262024 55.9011
0.0318523 0.068168 0.997165 33.4099 0.0382015 0.99686 -0.0693674 -2.2859 -0.998762 0.0403027 0.0291481 55.9253
0.0347959 0.0683597 0.997054 34.1738 0.0399533 0.996765 -0.0697342 -2.34074 -0.998596 0.0422621 0.0319521 55.9625
0.0375774 0.0676235 0.997003 34.9061 0.0380355 0.996888 -0.0690493 -2.38902 -0.99857 0.0405162 0.0348884 55.9891
0.0391814 0.0682514 0.996898 35.6877 0.0363443 0.996907 -0.0696804 -2.44035 -0.998571 0.0389618 0.0365796 56.0264
0.0430807 0.0685132 0.99672 36.4227 0.0340401 0.996966 -0.0700014 -2.49363 -0.998492 0.0369441 0.0406178 56.0665
0.0458309 0.0702386 0.996477 37.184 0.03152 0.996927 -0.07172 -2.54335 -0.998452 0.0346959 0.0434762 56.1068
0.0487752 0.0735235 0.9961 37.936 0.0312178 0.996688 -0.0750955 -2.59993 -0.998322 0.0347589 0.0463184 56.154
0.0520095 0.0757195 0.995772 38.707 0.0308423 0.996524 -0.0773875 -2.65446 -0.99817 0.0347368 0.0494933 56.1972
0.0550055 0.0778787 0.995444 39.4664 0.0250496 0.996532 -0.079348 -2.7115 -0.998172 0.0293001 0.052864 56.252
0.0577637 0.0776165 0.995309 40.2307 0.0204408 0.996672 -0.0789091 -2.75905 -0.998121 0.024903 0.0559849 56.3092
0.0612731 0.0775106 0.995107 41.0062 0.0230163 0.996605 -0.0790445 -2.8245 -0.997856 0.027747 0.0592811 56.3619
0.0650621 0.0786771 0.994775 41.8171 0.0228728 0.996508 -0.0803101 -2.8936 -0.997619 0.0279784 0.0630353 56.418
0.0681659 0.0795956 0.994494 42.5894 0.0184116 0.996542 -0.0810216 -2.94791 -0.997504 0.0238332 0.0664647 56.4884
0.0732218 0.0784977 0.994222 43.3674 0.017278 0.996648 -0.0799618 -3.00017 -0.997166 0.0230331 0.0716201 56.551
0.0777479 0.0770645 0.99399 44.1655 0.0188172 0.996717 -0.0787477 -3.07534 -0.996796 0.0248266 0.0760426 56.6211
0.0823241 0.0817123 0.99325 44.9743 0.014706 0.996425 -0.0831924 -3.13036 -0.996497 0.0214555 0.0808281 56.6989
0.0886279 0.0893305 0.992051 45.7635 0.0121984 0.995798 -0.0907577 -3.20201 -0.99599 0.0201451 0.0871658 56.7793
0.0962834 0.094519 0.990856 46.5613 0.0107949 0.995323 -0.0959941 -3.27018 -0.995296 0.0199388 0.0948128 56.8635
0.102891 0.0973276 0.98992 47.3661 0.0057619 0.995126 -0.0984384 -3.34189 -0.994676 0.0158322 0.101828 56.9673
0.1107 0.0958447 0.989222 48.1737 0.00292703 0.995303 -0.0967615 -3.41506 -0.99385 0.013607 0.109899 57.0713
0.118002 0.0936856 0.988584 48.9835 0.00250729 0.995508 -0.0946411 -3.49354 -0.99301 0.0136465 0.117237 57.1719
0.125411 0.0908069 0.98794 49.7986 0.00233579 0.995773 -0.0918233 -3.56878 -0.992102 0.0138233 0.124669 57.2819
0.132999 0.0846 0.987499 50.6078 0.000340454 0.996346 -0.0854038 -3.64026 -0.991116 0.0116948 0.132484 57.4001
0.140095 0.0780968 0.987053 51.426 -0.00217014 0.996906 -0.0785684 -3.70274 -0.990136 0.00886501 0.139831 57.5256
0.147809 0.0741471 0.986233 52.2352 -0.00180549 0.997204 -0.0747014 -3.77203 -0.989014 0.0092609 0.14753 57.6611
0.15518 0.0760746 0.984953 53.0372 -0.00145959 0.997047 -0.0767788 -3.83678 -0.987885 0.0104769 0.154833 57.7937
0.161358 0.0825685 0.983436 53.822 -0.00256912 0.996526 -0.083246 -3.90338 -0.986893 0.0109058 0.161009 57.9288
0.1659 0.0868243 0.982313 54.5853 -0.00372685 0.996165 -0.0874192 -3.96587 -0.986136 0.0108419 0.165587 58.0694
0.171375 0.0890731 0.981171 55.3713 -0.00474946 0.995968 -0.0895868 -4.03933 -0.985195 0.0106929 0.171107 58.2209
0.176574 0.0893107 0.980227 56.1349 -0.00718526 0.995965 -0.0894504 -4.10537 -0.984261 0.00875143 0.176503 58.3687
0.18161 0.0861318 0.979591 56.8789 -0.0042783 0.996217 -0.0868004 -4.17527 -0.983361 0.0115729 0.181291 58.5065
0.186291 0.0804881 0.979192 57.6617 -0.00366949 0.996689 -0.0812282 -4.23832 -0.982488 0.011539 0.18597 58.6631
0.189891 0.0727651 0.979105 58.3978 -0.00412017 0.9973 -0.0733183 -4.30368 -0.981797 0.0098884 0.189678 58.8083
0.193244 0.0698325 0.978662 59.1336 -0.00738654 0.997539 -0.0697209 -4.35765 -0.981123 0.00624418 0.193284 58.9722
0.196157 0.0695766 0.978101 59.881 -0.00896479 0.997565 -0.0691633 -4.42058 -0.980532 0.00479838 0.196303 59.1263
0.198381 0.0715716 0.977508 60.5743 -0.0111977 0.997431 -0.0707577 -4.47045 -0.980061 0.00309111 0.198672 59.2784
0.200467 0.0753312 0.9768 61.2712 -0.0147435 0.997159 -0.0738755 -4.52582 -0.97959 0.000408165 0.201008 59.4347
0.202024 0.0803016 0.976083 61.9663 -0.0163659 0.996771 -0.0786163 -4.58147 -0.979244 -9.21169e-05 0.202686 59.5887
0.203917 0.0857496 0.975226 62.6387 -0.0183716 0.996316 -0.0837627 -4.63734 -0.978816 -0.000835819 0.204741 59.7376
0.205607 0.0875002 0.974715 63.3103 -0.017518 0.996164 -0.0857305 -4.69722 -0.978478 0.000551726 0.206351 59.8891
0.206824 0.0874185 0.974465 63.9976 -0.0191805 0.996171 -0.0852948 -4.7505 -0.97819 -0.00104965 0.207709 60.0421
0.207662 0.084645 0.974531 64.6426 -0.0187654 0.996411 -0.0825467 -4.81411 -0.978021 -0.00114569 0.208505 60.1895
0.208726 0.0820649 0.974525 65.2919 -0.0187624 0.996626 -0.0799074 -4.86649 -0.977794 -0.00160565 0.209561 60.3352
0.208483 0.0810876 0.974659 65.971 -0.0184349 0.996706 -0.0789785 -4.92432 -0.977852 -0.00150204 0.209291 60.4838
0.2068 0.0800741 0.975101 66.5867 -0.0181654 0.996788 -0.0780025 -4.98011 -0.978215 -0.00158217 0.20759 60.6157
0.205081 0.0806122 0.97542 67.22 -0.0190813 0.996742 -0.0783626 -5.03313 -0.978559 -0.00254156 0.205951 60.7493
0.202622 0.0835611 0.975685 67.8224 -0.0197598 0.996499 -0.0812401 -5.08316 -0.979058 -0.0028183 0.203564 60.8815
0.200764 0.0874362 0.97573 68.4157 -0.0190403 0.996169 -0.0853501 -5.14061 -0.979455 -0.00144291 0.20166 61.0034
0.198135 0.0882021 0.976198 69.002 -0.0166967 0.996102 -0.0866117 -5.19052 -0.980033 0.000861489 0.198835 61.1269
0.196389 0.0869949 0.976659 69.5916 -0.0170577 0.996209 -0.0853062 -5.23977 -0.980378 9.3676e-05 0.197129 61.2434
0.193843 0.0839106 0.977437 70.1611 -0.0169751 0.996473 -0.0821783 -5.28538 -0.980886 -0.000662425 0.194584 61.3604
0.191934 0.080214 0.978124 70.7365 -0.0158315 0.996778 -0.0786372 -5.33774 -0.98128 -0.000391987 0.192586 61.4674
0.190259 0.0786649 0.978577 71.2831 -0.0123757 0.996898 -0.0777315 -5.38723 -0.981656 0.00267855 0.190642 61.5683
0.188114 0.080415 0.97885 71.8347 -0.00908786 0.996742 -0.0801384 -5.43445 -0.982105 0.00617952 0.188232 61.6871
0.185958 0.0821107 0.979121 72.3639 -0.00506852 0.996569 -0.0826113 -5.47813 -0.982545 0.0103996 0.185736 61.7597
0.183992 0.0844277 0.979295 72.912 -0.00502362 0.996372 -0.084956 -5.52027 -0.982915 0.0107116 0.183748 61.8768
0.18263 0.0863103 0.979386 73.4432 -0.00607335 0.996219 -0.0866612 -5.56994 -0.983163 0.00987882 0.182464 61.9764
0.182081 0.0853947 0.979568 73.9953 -0.00393912 0.996277 -0.0861191 -5.61457 -0.983276 0.0118221 0.18174 62.0946
0.182478 0.0833294 0.979672 74.5358 0.00132652 0.99638 -0.0849976 -5.66336 -0.983209 0.0168097 0.181706 62.1821
0.184121 0.0818184 0.979492 75.0771 0.0069933 0.996395 -0.0845449 -5.70531 -0.982879 0.0224163 0.182885 62.2825
0.186384 0.0809315 0.979138 75.6279 0.0095303 0.996406 -0.0841729 -5.75224 -0.982431 0.02502 0.184943 62.3858
0.189838 0.0807727 0.978487 76.1687 0.00777687 0.996455 -0.0837647 -5.79884 -0.981785 0.0235113 0.188537 62.4984
0.195169 0.0810701 0.977413 76.7289 0.00596308 0.996461 -0.0838407 -5.84494 -0.980752 0.0221915 0.193995 62.6238
0.201671 0.080123 0.976171 77.2829 0.00764809 0.996489 -0.0833708 -5.89114 -0.979424 0.0242793 0.200351 62.7372
0.209315 0.0799289 0.974576 77.8508 0.00565729 0.996538 -0.0829452 -5.93642 -0.977832 0.0228752 0.208138 62.8744
0.217424 0.0786797 0.972901 78.4159 0.00560714 0.996629 -0.0818517 -5.97668 -0.976061 0.0232517 0.21625 63.0093
0.226302 0.0777005 0.970953 79.0033 0.00323217 0.996748 -0.0805181 -6.02807 -0.974052 0.0213597 0.225315 63.1676
0.235429 0.0778903 0.968765 79.5748 0.00107451 0.996762 -0.0804024 -6.07171 -0.971891 0.01997 0.234583 63.3072
0.245994 0.0808066 0.965897 80.1591 -0.00368569 0.99659 -0.0824356 -6.11735 -0.969265 0.0167187 0.245453 63.4726
0.255108 0.0838059 0.963274 80.7452 -0.00752947 0.996379 -0.084692 -6.16181 -0.966883 0.0143527 0.254815 63.6455
0.266142 0.0859806 0.960092 81.3469 -0.0111149 0.996221 -0.0861351 -6.20791 -0.96387 0.0122528 0.266092 63.8313
0.276668 0.0877878 0.956947 81.9563 -0.0130609 0.99607 -0.0876007 -6.26294 -0.960877 0.0117378 0.276727 64.0142
0.2874 0.0889978 0.953667 82.5733 -0.01683 0.995989 -0.0878755 -6.31386 -0.957663 0.00920518 0.287745 64.2034
0.296983 0.0892226 0.950705 83.1947 -0.0173086 0.995965 -0.0880632 -6.36498 -0.954726 0.00969785 0.297328 64.4229
0.306633 0.0899777 0.947565 83.8162 -0.0209942 0.995919 -0.0877755 -6.41436 -0.951596 0.00702148 0.307271 64.6348
0.318514 0.0858874 0.944019 84.515 -0.020886 0.996281 -0.0835952 -6.46704 -0.947688 0.00690947 0.319123 64.8803
0.328397 0.0780503 0.94131 85.1409 -0.017346 0.99691 -0.076609 -6.51914 -0.944381 0.00883024 0.328736 65.1051
0.339213 0.0734716 0.937836 85.8282 -0.0155658 0.997247 -0.0724958 -6.57508 -0.940581 0.00999337 0.339422 65.3627
0.349718 0.0699672 0.934239 86.5008 -0.0143402 0.99749 -0.0693362 -6.61658 -0.936745 0.010851 0.349844 65.6274
0.358921 0.0676628 0.930912 87.1731 -0.0109033 0.997605 -0.0683065 -6.66569 -0.933304 0.0143667 0.358799 65.8818
0.367443 0.063617 0.927868 87.8787 -0.0043799 0.997765 -0.0666748 -6.7056 -0.930036 0.0204352 0.3669 66.1646
0.375169 0.0533522 0.92542 88.6184 0.00543226 0.998199 -0.0597503 -6.75152 -0.926941 0.0274436 0.374204 66.4552
0.382036 0.0480953 0.922895 89.3065 0.0114242 0.998323 -0.0567551 -6.79934 -0.924077 0.0322258 0.380846 66.7381
0.389274 0.0477803 0.919882 90.0277 0.0153672 0.998178 -0.0583502 -6.84056 -0.920994 0.0368502 0.387831 67.0461
0.396751 0.0536359 0.916358 90.7342 0.0169147 0.997695 -0.0657201 -6.8908 -0.91777 0.0415744 0.39493 67.3562
0.404207 0.0585854 0.912789 91.447 0.0196184 0.997162 -0.0726882 -6.93769 -0.914457 0.0472886 0.401911 67.6589
0.409913 0.0606442 0.910106 92.1541 0.0180674 0.997052 -0.0745754 -6.99161 -0.911946 0.0470127 0.407609 67.9873
0.413934 0.0627436 0.908142 92.8453 0.0109989 0.997204 -0.0739102 -7.04421 -0.91024 0.0405825 0.412087 68.3206
0.418327 0.0655812 0.905926 93.5316 0.00587837 0.997174 -0.0749012 -7.09905 -0.908277 0.0366586 0.41676 68.6606
0.422675 0.0689457 0.903655 94.2229 0.0036931 0.996963 -0.0777922 -7.16511 -0.906274 0.0362181 0.421136 68.9831
0.426019 0.0726681 0.901791 94.8786 0.00180305 0.996699 -0.0811677 -7.22209 -0.904712 0.036205 0.424482 69.3049
0.429779 0.0757915 0.899747 95.554 -0.00196491 0.996547 -0.083007 -7.28606 -0.902932 0.0339068 0.428444 69.6403
0.433936 0.0746995 0.897842 96.2044 -0.00274912 0.996662 -0.0815926 -7.34174 -0.900939 0.0329377 0.432693 69.9687
0.437439 0.0707938 0.896457 96.844 -0.00144025 0.99695 -0.078027 -7.4052 -0.899247 0.032841 0.436207 70.2809
0.440929 0.0683002 0.89494 97.4907 -0.00151424 0.997156 -0.0753551 -7.46042 -0.897541 0.0318711 0.439778 70.6111
0.444344 0.0672019 0.893332 98.1134 -0.00253705 0.997273 -0.073759 -7.52036 -0.895853 0.030508 0.443303 70.9291
0.447923 0.0688775 0.891415 98.7286 -0.00478751 0.997199 -0.0746454 -7.57107 -0.89406 0.0291677 0.446997 71.2414
0.451225 0.0694237 0.889706 99.3408 -0.00415147 0.997122 -0.0757 -7.62875 -0.892401 0.0304641 0.450214 71.5539
0.453127 0.0675544 0.888883 99.9364 -0.00168052 0.997187 -0.0749288 -7.67743 -0.891445 0.0324585 0.451966 71.8652
0.454774 0.0663146 0.888135 100.517 0.000148217 0.997218 -0.0745355 -7.73028 -0.890607 0.0340284 0.453499 72.1634
0.456825 0.0663829 0.887076 101.111 -0.00119725 0.997257 -0.0740115 -7.78018 -0.889556 0.0327482 0.455651 72.4717
0.458733 0.0655416 0.886154 101.686 0.000754277 0.997247 -0.0741488 -7.83177 -0.888574 0.0346829 0.457421 72.7779
0.460962 0.0673542 0.88486 102.245 0.000215517 0.997107 -0.0760105 -7.87838 -0.88742 0.0352287 0.459614 73.0722
0.464166 0.0673364 0.883185 102.802 0.0021929 0.997016 -0.0771677 -7.92898 -0.885746 0.0377554 0.462633 73.3602
0.467467 0.0660392 0.88154 103.351 0.00504138 0.99699 -0.0773613 -7.98254 -0.883996 0.0406081 0.465727 73.6485
0.469736 0.0648819 0.880419 103.872 0.00734105 0.996974 -0.077388 -8.02765 -0.882776 0.0428152 0.467839 73.9275
0.473767 0.0638289 0.878334 104.408 0.0088332 0.996975 -0.0772152 -8.07553 -0.880606 0.0443405 0.471771 74.2187
0.476483 0.0635356 0.876885 104.922 0.0094081 0.99696 -0.077348 -8.12316 -0.879133 0.0451048 0.474437 74.5035
0.479789 0.0626452 0.875145 105.43 0.0104422 0.996969 -0.0770906 -8.17028 -0.877322 0.0461257 0.47768 74.7831
0.483181 0.0620766 0.873317 105.931 0.0118527 0.996928 -0.0774207 -8.21621 -0.875441 0.0477593 0.480961 75.0649
0.487345 0.0634322 0.870902 106.436 0.0112815 0.996817 -0.0789162 -8.25983 -0.873137 0.0482846 0.485079 75.3462
0.491609 0.0633935 0.868506 106.939 0.0136474 0.996663 -0.0804729 -8.31003 -0.870709 0.0514141 0.489103 75.631
0.496584 0.0665156 0.865436 107.439 0.0117302 0.996454 -0.0833161 -8.35731 -0.867909 0.0515252 0.494043 75.9236
0.502002 0.0721128 0.861855 107.917 0.00852787 0.996057 -0.0883088 -8.4087 -0.864825 0.051681 0.499407 76.2174
0.5077 0.0793756 0.857869 108.398 0.00309775 0.995572 -0.09395 -8.4563 -0.861528 0.0503559 0.505206 76.5134
0.513684 0.085867 0.853672 108.874 -0.00220349 0.995108 -0.0987674 -8.50438 -0.857977 0.0488542 0.51136 76.817
0.519523 0.0904919 0.849651 109.349 -0.00629466 0.994755 -0.102097 -8.5562 -0.854433 0.0476935 0.517367 77.1271
0.52537 0.0909714 0.845997 109.836 -0.00987892 0.994853 -0.100843 -8.60946 -0.850816 0.0446226 0.523565 77.4543
0.531253 0.0899496 0.842425 110.325 -0.0162463 0.995247 -0.0960217 -8.65991 -0.847058 0.0373255 0.530189 77.78
0.536203 0.0876595 0.839525 110.817 -0.0224901 0.995723 -0.0896047 -8.71362 -0.843789 0.0291654 0.535882 78.1178
0.542615 0.0858115 0.835587 111.321 -0.0288016 0.996084 -0.0835906 -8.76769 -0.839488 0.0212913 0.542962 78.469
0.548131 0.0839198 0.832172 111.823 -0.0316595 0.996322 -0.0796201 -8.81715 -0.835793 0.0172962 0.548772 78.8224
0.554648 0.0872885 0.827494 112.337 -0.0365352 0.996078 -0.080583 -8.8646 -0.831283 0.0144625 0.555662 79.1756
0.561021 0.0912055 0.822762 112.854 -0.0406777 0.995749 -0.0826444 -8.90984 -0.826801 0.0128972 0.562346 79.5517
0.566925 0.0946245 0.818317 113.376 -0.0434915 0.995434 -0.0849744 -8.96022 -0.82262 0.0125844 0.568452 79.9338
0.572964 0.0970735 0.813811 113.9 -0.046349 0.99521 -0.0860791 -9.00452 -0.818269 0.0116009 0.574719 80.3162
0.579353 0.0981094 0.809151 114.449 -0.0492584 0.995129 -0.0853902 -9.05643 -0.813587 0.00961361 0.581364 80.7301
0.585991 0.0998318 0.804144 114.994 -0.0547036 0.994992 -0.0836615 -9.10629 -0.808469 0.00503533 0.588517 81.1445
0.592454 0.0981343 0.799605 115.548 -0.0553942 0.995166 -0.0810918 -9.15763 -0.803698 0.00374969 0.595026 81.5753
0.600408 0.0961721 0.79389 116.122 -0.0557014 0.995361 -0.0784521 -9.20967 -0.797752 0.00288255 0.602979 82.0154
0.607793 0.0961824 0.788249 116.683 -0.0568701 0.995361 -0.0776036 -9.26463 -0.792057 0.00233915 0.610443 82.4705
0.615034 0.0982638 0.782353 117.256 -0.060607 0.99516 -0.0773471 -9.3124 -0.786168 0.000155058 0.618013 82.9411
0.623093 0.0992195 0.775829 117.836 -0.0621573 0.995066 -0.0773368 -9.36333 -0.779674 -3.53538e-05 0.626186 83.4279
0.630203 0.0997547 0.769996 118.426 -0.0638321 0.995012 -0.0766627 -9.41136 -0.773802 -0.000837407 0.633427 83.9242
0.634475 0.0987277 0.766612 119.006 -0.0636379 0.995114 -0.0754863 -9.46464 -0.770319 -0.000891427 0.637658 84.428
0.639129 0.0972391 0.762928 119.618 -0.0622743 0.995261 -0.074682 -9.51872 -0.766575 0.000220578 0.642155 84.946
0.642505 0.0949909 0.760371 120.218 -0.0592408 0.995475 -0.0743039 -9.57157 -0.763988 0.00269568 0.645225 85.4598
0.646278 0.0913126 0.757619 120.847 -0.0540553 0.995799 -0.0739082 -9.62736 -0.761185 0.00681189 0.648499 85.9925
0.649868 0.084852 0.755296 121.479 -0.0461335 0.99632 -0.0722353 -9.68286 -0.758646 0.012099 0.651391 86.5368
0.653717 0.0788332 0.752621 122.109 -0.0398088 0.996764 -0.0698285 -9.73823 -0.755691 0.0156871 0.65474 87.0784
0.657119 0.0734896 0.750196 122.744 -0.0350311 0.997138 -0.0669955 -9.7962 -0.752973 0.0177438 0.657813 87.6341
0.660692 0.0713647 0.747257 123.38 -0.033357 0.997279 -0.0657495 -9.84478 -0.749915 0.0185139 0.661275 88.2086
0.663448 0.0731201 0.744641 124 -0.0349933 0.997157 -0.0667381 -9.90354 -0.747404 0.0182198 0.66412 88.7609
0.667221 0.0775078 0.740816 124.666 -0.0400551 0.996866 -0.068221 -9.95422 -0.743782 0.015845 0.668235 89.3955
0.669762 0.0808435 0.738162 125.286 -0.045844 0.996662 -0.0675584 -10.0032 -0.741159 0.0114078 0.671232 89.9771
0.672775 0.0787837 0.73564 125.93 -0.0474093 0.996861 -0.0634014 -10.0565 -0.738326 0.00777867 0.674399 90.5741
0.676318 0.0756875 0.732711 126.575 -0.0495883 0.997129 -0.0572296 -10.1031 -0.734939 0.00237144 0.678129 91.1979
0.679604 0.0698988 0.730241 127.213 -0.0489584 0.997552 -0.0499223 -10.1474 -0.731944 -0.001824 0.681363 91.8033
0.684378 0.064905 0.726233 127.885 -0.0452274 0.997891 -0.0465629 -10.1898 -0.727724 -0.00097905 0.68587 92.4474
0.688679 0.0620504 0.722406 128.523 -0.0404151 0.998068 -0.0471998 -10.2334 -0.723939 0.00330943 0.689856 93.0518
0.693872 0.0588411 0.71769 129.183 -0.0301299 0.998156 -0.0527056 -10.2779 -0.719468 0.014947 0.694365 93.6802
0.698879 0.06122 0.712615 129.815 -0.0253496 0.997824 -0.060861 -10.3247 -0.71479 0.02447 0.698911 94.2948
0.704598 0.0614407 0.706941 130.473 -0.0224678 0.997677 -0.0643154 -10.378 -0.709251 0.0294331 0.704342 94.9563
0.710885 0.0569304 0.701 131.108 -0.018596 0.997891 -0.0621837 -10.4216 -0.703062 0.0311697 0.710445 95.6147
0.716598 0.0505507 0.695652 131.755 -0.0139527 0.99821 -0.0581637 -10.4833 -0.697347 0.0319738 0.71602 96.2822
0.721753 0.0472465 0.690536 132.38 -0.00860568 0.998203 -0.0593024 -10.5299 -0.692097 0.0368591 0.720863 96.944
0.727071 0.0500249 0.684738 133.027 -0.0085153 0.997922 -0.0638636 -10.5912 -0.68651 0.0406026 0.725986 97.6169
0.730383 0.0518587 0.681067 133.635 -0.00888765 0.997751 -0.0664409 -10.638 -0.682981 0.0424742 0.729201 98.289
0.733786 0.0487291 0.677631 134.282 -0.00644208 0.997879 -0.0647824 -10.6971 -0.679351 0.043171 0.732543 98.9942
0.736695 0.0423697 0.674896 134.909 -0.00186346 0.998159 -0.0606298 -10.7556 -0.676222 0.0434081 0.735418 99.6748
0.737673 0.0381518 0.674079 135.547 0.000970061 0.998341 -0.057566 -10.8128 -0.675158 0.0431188 0.736412 100.373
0.738187 0.0338034 0.673749 136.19 0.00436648 0.998483 -0.0548801 -10.8638 -0.674582 0.0434537 0.73692 101.074
0.738158 0.0325766 0.673841 136.811 0.0046135 0.998566 -0.0533292 -10.9167 -0.674612 0.0424742 0.73695 101.772
0.738057 0.0327682 0.673942 137.428 0.00394837 0.998593 -0.0528773 -10.9621 -0.674727 0.0416874 0.736889 102.458
0.738226 0.0355101 0.673618 138.072 0.00105818 0.998551 -0.0537987 -11.0149 -0.674553 0.0404284 0.737119 103.163
0.73643 0.0387065 0.675406 138.673 -0.00162812 0.99846 -0.0554451 -11.061 -0.676513 0.0397317 0.735359 103.854
0.734147 0.0429848 0.677629 139.315 -0.00634212 0.998385 -0.0564606 -11.1152 -0.678961 0.0371527 0.733233 104.565
0.731882 0.0452922 0.679925 139.935 -0.0092716 0.998358 -0.056524 -11.1643 -0.681369 0.0350649 0.7311 105.267
0.730394 0.0474316 0.681377 140.569 -0.0128933 0.998366 -0.0556767 -11.2177 -0.682904 0.0318807 0.729812 105.956
0.727791 0.0468387 0.684198 141.188 -0.0136464 0.998457 -0.0538363 -11.2685 -0.685663 0.0298448 0.727307 106.633
0.725233 0.0453802 0.687006 141.831 -0.0141932 0.998599 -0.0509795 -11.3141 -0.688357 0.0272212 0.724861 107.318
0.722899 0.0416328 0.689698 142.472 -0.0101696 0.998716 -0.0496271 -11.3629 -0.690879 0.0288615 0.722394 108.004
0.720399 0.0440355 0.69216 143.11 -0.00926309 0.998504 -0.0538843 -11.4262 -0.693498 0.0324066 0.71973 108.684
0.71624 0.0566463 0.695551 143.707 -0.0180794 0.997872 -0.0626504 -11.4668 -0.69762 0.0322976 0.71574 109.302
0.71314 0.062895 0.698195 144.37 -0.0212047 0.997447 -0.0681938 -11.5276 -0.700701 0.0338267 0.712653 109.993
0.7095 0.0611123 0.70205 145 -0.0204733 0.9976 -0.0661488 -11.5823 -0.704408 0.0325594 0.709048 110.644
0.705917 0.0596835 0.705776 145.643 -0.0247734 0.997914 -0.0596097 -11.6419 -0.707861 0.0245951 0.705923 111.301
0.702677 0.0575126 0.709181 146.256 -0.0253554 0.998119 -0.0558217 -11.6919 -0.711057 0.0212431 0.702814 111.928
0.698793 0.0576676 0.712996 146.915 -0.0263755 0.998145 -0.0548805 -11.7456 -0.714837 0.0195445 0.699018 112.583
0.696192 0.055868 0.715679 147.555 -0.0233711 0.998203 -0.0551879 -11.7946 -0.717475 0.0216952 0.696246 113.221
0.692064 0.0550023 0.719738 148.196 -0.0202364 0.998179 -0.0568225 -11.8475 -0.721552 0.0247599 0.691917 113.836
0.689117 0.0543791 0.722607 148.85 -0.016148 0.998085 -0.0597103 -11.8978 -0.72447 0.0294787 0.688676 114.46
0.684819 0.0551581 0.726623 149.507 -0.0149442 0.997985 -0.0616727 -11.9544 -0.72856 0.0313759 0.684263 115.083
0.681466 0.0559578 0.729707 150.152 -0.0148719 0.997926 -0.0626374 -12.0033 -0.731699 0.0318332 0.680885 115.691
0.677177 0.0573748 0.73358 150.828 -0.016797 0.997901 -0.0625424 -12.0583 -0.735629 0.0300303 0.676719 116.321
0.672821 0.0571014 0.737599 151.487 -0.0160166 0.997908 -0.0626433 -12.1171 -0.739632 0.0303339 0.672327 116.929
0.666721 0.0601279 0.742878 152.142 -0.0187051 0.997777 -0.0639717 -12.1665 -0.745072 0.0287557 0.666363 117.528
0.661045 0.0664911 0.747395 152.827 -0.0224326 0.997372 -0.0688891 -12.2345 -0.750011 0.0287728 0.660799 118.14
0.654464 0.0736714 0.752495 153.508 -0.026783 0.996876 -0.0743031 -12.2868 -0.755618 0.0284747 0.654393 118.723
0.648132 0.0771787 0.757607 154.169 -0.0293231 0.996643 -0.0764439 -12.3511 -0.760963 0.0273304 0.648219 119.297
0.641283 0.0715444 0.763962 154.897 -0.0289462 0.997191 -0.0690881 -12.4177 -0.766758 0.0221912 0.641552 119.921
0.634867 0.0658619 0.769809 155.622 -0.0318724 0.997745 -0.0590778 -12.4621 -0.771964 0.0129709 0.635535 120.53
0.627277 0.060811 0.776419 156.324 -0.0308667 0.998105 -0.0532364 -12.525 -0.778184 0.00942853 0.627965 121.115
0.620422 0.0626553 0.781761 157.059 -0.036681 0.998031 -0.0508777 -12.5629 -0.78341 0.00288991 0.621499 121.707
0.612191 0.0640331 0.788113 157.789 -0.0363812 0.997941 -0.0528211 -12.6158 -0.789872 0.00366416 0.613261 122.289
0.60651 0.0633998 0.792544 158.563 -0.0283197 0.997906 -0.0581555 -12.6596 -0.794571 0.0128272 0.607035 122.877
0.597556 0.073327 0.798467 159.274 -0.0321052 0.997199 -0.0675507 -12.728 -0.801184 0.0147304 0.598236 123.422
0.591837 0.0743442 0.802622 159.973 -0.0279451 0.997031 -0.0717456 -12.7855 -0.805573 0.0200324 0.592158 123.934
0.584612 0.0702646 0.808264 160.782 -0.0244546 0.997316 -0.0690115 -12.8443 -0.810944 0.0205792 0.584762 124.519
0.577571 0.0635339 0.813865 161.566 -0.0182751 0.997723 -0.0649175 -12.9102 -0.816136 0.022621 0.577417 125.077
0.57102 0.0635945 0.818469 162.292 -0.0195412 0.997766 -0.0638924 -12.9678 -0.820703 0.02049 0.570987 125.587
0.563151 0.0647826 0.823811 163.063 -0.0201804 0.997703 -0.0646619 -13.0278 -0.826108 0.0197895 0.563164 126.14
0.557317 0.0628995 0.827914 163.778 -0.0169325 0.99778 -0.0644066 -13.0852 -0.830127 0.0218762 0.557145 126.607
0.552191 0.0562747 0.831816 164.561 -0.0101391 0.998099 -0.0607935 -13.1451 -0.833656 0.0251358 0.551712 127.134
0.546413 0.0538925 0.83578 165.309 -0.00988295 0.998273 -0.0579091 -13.2048 -0.837458 0.0233823 0.546002 127.641
0.542879 0.0533174 0.838117 166.059 -0.0117178 0.998366 -0.0559218 -13.2546 -0.839729 0.0205379 0.542617 128.132
0.537729 0.054939 0.841326 166.796 -0.0124801 0.998284 -0.0572119 -13.3109 -0.843026 0.0202647 0.537492 128.604
0.534118 0.0576266 0.843444 167.531 -0.0107994 0.998058 -0.0613515 -13.3658 -0.845341 0.0236602 0.533703 129.083
