1 -4.1311e-11 -1.95776e-11 0 -4.12612e-11 1 -1.70424e-11 0 -1.42043e-10 -1.70424e-11 1 -2.98023e-08
1 -0.000552176 -0.000223216 -0.00859598 0.000552596 0.999998 0.00187923 -0.0382859 0.000222178 -0.00187935 0.999998 1.30058
0.999998 -0.00215002 -7.05438e-05 -0.0229302 0.00215018 0.999995 0.0024025 -0.0662595 6.53777e-05 -0.00240265 0.999997 2.60304
0.999995 -0.00305648 -0.000820874 -0.0375494 0.00305811 0.999993 0.0019878 -0.0967598 0.000814793 -0.0019903 0.999998 3.94467
0.999994 -0.00353224 0.000130895 -0.0419844 0.00353195 0.999991 0.00212932 -0.122878 -0.000138416 -0.00212884 0.999998 5.2355
0.999991 -0.00405983 -0.000896604 -0.0525362 0.00406239 0.999988 0.00287409 -0.145316 0.000884924 -0.00287771 0.999996 6.57405
0.999987 -0.00508863 -0.000414189 -0.0588144 0.00509042 0.999977 0.00442116 -0.173401 0.000391682 -0.00442321 0.99999 7.89606
0.999986 -0.00535621 0.000177557 -0.0686897 0.0053553 0.999974 0.00476225 -0.195453 -0.00020306 -0.00476123 0.999989 9.21187
0.999991 -0.00428317 -0.000618014 -0.0881377 0.00428522 0.999985 0.00335834 -0.221976 0.00060362 -0.00336096 0.999994 10.5614
0.999999 -0.0013012 -0.000803578 -0.0988816 0.00130219 0.999998 0.00123559 -0.243315 0.000801969 -0.00123664 0.999999 11.8741
0.999998 0.00191772 -0.00107989 -0.115312 -0.00191718 0.999998 0.000503549 -0.275237 0.00108085 -0.000501478 0.999999 13.2285
0.999989 0.00443771 -0.0012243 -0.135814 -0.00443714 0.99999 0.000468315 -0.301078 0.00122636 -0.000462877 0.999999 14.5504
0.999987 0.00508922 -0.000246454 -0.149058 -0.00508892 0.999986 0.00117813 -0.327738 0.000252446 -0.00117686 0.999999 15.9037
0.999995 0.00287574 -0.00085493 -0.161609 -0.00287245 0.999989 0.00382712 -0.353514 0.000865926 -0.00382465 0.999992 17.2558
0.999999 -0.00142102 -0.000383956 -0.158526 0.00142322 0.999982 0.00578842 -0.378739 0.000375723 -0.00578896 0.999983 18.5937
0.999993 -0.00366471 -0.000461371 -0.164066 0.00366666 0.999984 0.00430518 -0.406083 0.000445586 -0.00430684 0.999991 19.9796
0.999988 -0.00476431 -0.000492935 -0.161935 0.00476526 0.999987 0.00193406 -0.426792 0.000483714 -0.00193639 0.999998 21.2926
0.999998 -0.00222052 2.03765e-05 -0.172305 0.0022205 0.999997 0.000920704 -0.464477 -2.24208e-05 -0.000920656 1 22.6755
1 8.90844e-05 0.000541338 -0.169822 -9.0199e-05 0.999998 0.00205777 -0.47986 -0.000541154 -0.00205782 0.999998 24.0497
0.999998 2.49649e-05 0.00175813 -0.169313 -3.57134e-05 0.999981 0.00611418 -0.499626 -0.00175795 -0.00611423 0.99998 25.4113
0.999997 -0.00191451 0.00178843 -0.171634 0.00190166 0.999973 0.00715656 -0.521166 -0.00180208 -0.00715313 0.999973 26.7888
0.999983 -0.00557125 0.0019604 -0.185385 0.00555785 0.999962 0.00677714 -0.547439 -0.00199809 -0.00676613 0.999975 28.1474
0.999979 -0.00628616 0.00154005 -0.182028 0.0062804 0.999973 0.00371563 -0.564724 -0.00156337 -0.00370588 0.999992 29.5317
0.99998 -0.00576055 0.00275833 -0.194573 0.00575457 0.999981 0.00217052 -0.597789 -0.00277078 -0.0021546 0.999994 30.9165
0.999991 -0.00314417 0.00272159 -0.198173 0.0031423 0.999995 0.000689171 -0.616161 -0.00272374 -0.000680613 0.999996 32.2867
0.999993 -0.00139222 0.00347678 -0.189985 0.00139493 0.999999 -0.000779328 -0.652414 -0.00347569 0.000784172 0.999994 33.6682
0.999993 -0.000195439 0.0036997 -0.201515 0.000198371 1 -0.000791676 -0.679623 -0.00369954 0.000792405 0.999993 35.0527
0.999992 -0.00179002 0.00351644 -0.201374 0.00178642 0.999998 0.0010264 -0.708584 -0.00351827 -0.00102011 0.999993 36.463
0.999996 0.000488877 0.00296676 -0.196183 -0.000496235 0.999997 0.00247977 -0.738077 -0.00296554 -0.00248123 0.999993 37.8489
0.999991 0.00266595 0.00332799 -0.219767 -0.00267514 0.999993 0.00276124 -0.762557 -0.0033206 -0.00277011 0.999991 39.2257
0.999982 0.005284 0.00294506 -0.204184 -0.00529168 0.999983 0.00260641 -0.790577 -0.00293123 -0.00262194 0.999992 40.638
0.999966 0.00716703 0.00401761 -0.230555 -0.00717824 0.99997 0.0027828 -0.816016 -0.00399755 -0.00281154 0.999988 42.0386
0.999961 0.00842847 0.00281613 -0.221106 -0.00843718 0.99996 0.003095 -0.842339 -0.00278993 -0.00311863 0.999991 43.4422
0.99997 0.00721757 0.0028562 -0.229645 -0.00722587 0.99997 0.00290548 -0.870971 -0.00283514 -0.00292603 0.999992 44.8652
0.999975 0.00682192 0.00204519 -0.231926 -0.0068272 0.999973 0.00258252 -0.898462 -0.00202752 -0.00259642 0.999995 46.2515
0.999977 0.00653328 0.00170247 -0.2372 -0.00653829 0.999974 0.002956 -0.92597 -0.00168311 -0.00296706 0.999994 47.6721
0.999979 0.00644185 -0.000554878 -0.219597 -0.00643973 0.999972 0.00375419 -0.951202 0.000579046 -0.00375054 0.999993 49.0963
0.999973 0.00727575 -0.00121415 -0.239194 -0.00727081 0.999966 0.00401963 -0.977252 0.00124335 -0.00401069 0.999991 50.5062
0.999968 0.00772911 -0.00217625 -0.249636 -0.00771995 0.999961 0.00418639 -1.00377 0.00220853 -0.00416946 0.999989 51.9526
0.999968 0.00728737 -0.00327384 -0.26195 -0.00727001 0.99996 0.00528245 -1.02603 0.0033122 -0.00525847 0.999981 53.3571
0.999972 0.00614714 -0.00431279 -0.268088 -0.00612032 0.999962 0.00620449 -1.05105 0.00435077 -0.00617792 0.999972 54.809
0.999979 0.00439573 -0.00473274 -0.274827 -0.00436578 0.99997 0.00632185 -1.07605 0.00476039 -0.00630106 0.999969 56.2113
0.999984 0.00258992 -0.00507139 -0.293358 -0.00256019 0.99998 0.00586119 -1.10207 0.00508646 -0.00584811 0.99997 57.6337
0.999988 0.00112097 -0.00484704 -0.306268 -0.00109023 0.999979 0.00633975 -1.12436 0.00485405 -0.00633438 0.999968 59.0871
0.99999 0.000289464 -0.00450421 -0.314703 -0.000257683 0.999975 0.00705459 -1.1501 0.00450614 -0.00705335 0.999965 60.4918
0.999991 -0.00156709 -0.00405382 -0.331844 0.0015982 0.999969 0.00768282 -1.17394 0.00404166 -0.00768923 0.999962 61.9563
0.999989 -0.00355573 -0.00317492 -0.339107 0.00357927 0.999966 0.00744064 -1.1969 0.00314836 -0.00745192 0.999967 63.3613
0.999987 -0.0040802 -0.00310594 -0.347422 0.00410005 0.999971 0.00640941 -1.22668 0.0030797 -0.00642206 0.999975 64.8196
0.999987 -0.00451409 -0.00245862 -0.357197 0.0045297 0.999969 0.00637876 -1.25049 0.00242975 -0.00638981 0.999977 66.2447
0.999995 -0.00226932 -0.00200212 -0.365718 0.00228198 0.999977 0.00634062 -1.27702 0.00198769 -0.00634516 0.999978 67.6221
0.999999 0.000450238 -0.000982307 -0.382521 -0.000442827 0.999972 0.0075314 -1.30323 0.00098567 -0.00753096 0.999971 69.0794
0.999992 0.00401283 -0.000393037 -0.395857 -0.00400921 0.999953 0.00881203 -1.32568 0.00042838 -0.00881039 0.999961 70.4415
0.999971 0.00758178 0.000387551 -0.407891 -0.00758512 0.999926 0.00950962 -1.34858 -0.000315423 -0.00951229 0.999955 71.9071
0.999922 0.0123689 0.00145696 -0.429957 -0.0123816 0.999882 0.00906415 -1.36831 -0.00134468 -0.00908149 0.999958 73.2489
0.999878 0.015512 0.0018828 -0.436816 -0.0155272 0.999844 0.00839641 -1.39369 -0.00175226 -0.00842462 0.999963 74.6746
0.999846 0.0173558 0.00263622 -0.446783 -0.0173773 0.999814 0.00834554 -1.41587 -0.00249088 -0.00839007 0.999962 76.1239
0.99985 0.0170359 0.00324173 -0.456933 -0.0170646 0.999814 0.00904075 -1.4341 -0.00308711 -0.00909471 0.999954 77.4784
0.999871 0.0157956 0.00283656 -0.45704 -0.0158199 0.999837 0.00875746 -1.46045 -0.00269776 -0.00880121 0.999958 78.8734
0.999882 0.0151543 0.00268861 -0.454481 -0.015175 0.999854 0.00785686 -1.48329 -0.00256915 -0.00789673 0.999966 80.243
0.999896 0.0141512 0.00266532 -0.466186 -0.0141723 0.999867 0.00804904 -1.50623 -0.00255107 -0.00808598 0.999964 81.6733
0.999895 0.0143643 0.00209815 -0.465782 -0.0143811 0.999863 0.00825791 -1.52929 -0.00197924 -0.00828722 0.999964 83.0539
0.999902 0.0139033 0.00151426 -0.470564 -0.0139147 0.999873 0.00776406 -1.55366 -0.00140612 -0.00778437 0.999969 84.4388
0.999892 0.0146697 0.00106364 -0.476818 -0.014678 0.999858 0.00828924 -1.5751 -0.000941889 -0.00830396 0.999965 85.835
0.99991 0.01345 0.000302416 -0.492362 -0.0134521 0.999872 0.00869951 -1.59805 -0.000185368 -0.00870279 0.999962 87.1492
0.999927 0.0120772 -0.00101359 -0.497005 -0.0120664 0.999877 0.0100546 -1.62263 0.00113489 -0.0100416 0.999949 88.567
0.999951 0.00963116 -0.00209231 -0.5081 -0.00960825 0.999897 0.0106966 -1.6425 0.00219511 -0.010676 0.999941 89.9779
0.999965 0.00781354 -0.00284321 -0.513652 -0.00778284 0.999913 0.0106507 -1.66263 0.00292618 -0.0106282 0.999939 91.3565
0.999974 0.00635687 -0.00348518 -0.52352 -0.00632078 0.999927 0.0102687 -1.68268 0.0035502 -0.0102464 0.999941 92.747
0.999978 0.00553249 -0.00355029 -0.534586 -0.00549723 0.999936 0.00986442 -1.70702 0.00360464 -0.00984468 0.999945 94.1388
0.999977 0.00587676 -0.0033728 -0.546602 -0.00584525 0.99994 0.00927681 -1.72678 0.00342711 -0.00925688 0.999951 95.5237
0.999979 0.00540453 -0.00362758 -0.55764 -0.00537223 0.999946 0.00885554 -1.74767 0.00367524 -0.00883587 0.999954 96.8588
0.999971 0.00683799 -0.00343771 -0.563978 -0.00680965 0.999943 0.00818995 -1.77295 0.00349352 -0.0081663 0.999961 98.1862
0.999963 0.00809252 -0.00294649 -0.585436 -0.00806739 0.999932 0.00843988 -1.79145 0.00301459 -0.00841579 0.99996 99.6069
0.999958 0.00871011 -0.00276992 -0.599728 -0.00868213 0.999913 0.00995734 -1.81798 0.0028564 -0.00993287 0.999947 101.018
0.999955 0.00906635 -0.00263666 -0.609143 -0.00903537 0.999893 0.0115346 -1.83094 0.00274096 -0.0115103 0.99993 102.26
0.999955 0.00906995 -0.00266299 -0.618981 -0.00904207 0.999906 0.0103002 -1.85571 0.00275616 -0.0102757 0.999943 103.644
0.999952 0.00951228 -0.00217811 -0.628144 -0.00949532 0.999925 0.00766998 -1.87676 0.0022509 -0.00764893 0.999968 104.959
0.999955 0.009156 -0.00259528 -0.639502 -0.00913919 0.999938 0.00641541 -1.8961 0.00265386 -0.0063914 0.999976 106.286
0.999972 0.00703055 -0.00249513 -0.652526 -0.0070108 0.999945 0.0078393 -1.92541 0.00255011 -0.00782159 0.999966 107.782
0.99999 0.0042474 -0.00167784 -0.655952 -0.00423064 0.999942 0.00987026 -1.94106 0.00171966 -0.00986305 0.99995 108.88
0.999997 0.0023523 -0.000950052 -0.663289 -0.00234197 0.99994 0.0107304 -1.96285 0.000975236 -0.0107282 0.999942 110.301
0.999999 0.00171461 -0.00012149 -0.668372 -0.00171339 0.999954 0.009389 -1.98283 0.000137583 -0.00938878 0.999956 111.645
0.999994 0.00344215 0.000502804 -0.671947 -0.00344552 0.99997 0.00687459 -2.00392 -0.000479125 -0.00687628 0.999976 113.024
0.99998 0.00611014 0.00181174 -0.676685 -0.00611901 0.999969 0.00493425 -2.0264 -0.00178153 -0.00494524 0.999986 114.309
0.99995 0.00949433 0.00317504 -0.685965 -0.00950916 0.999944 0.0046866 -2.04826 -0.00313037 -0.00471656 0.999984 115.587
0.999932 0.0106752 0.00461622 -0.691688 -0.0107071 0.999919 0.00693252 -2.0696 -0.00454184 -0.00698148 0.999965 116.965
0.999931 0.0102252 0.0057461 -0.692779 -0.0102781 0.999904 0.00925388 -2.08927 -0.00565093 -0.0093123 0.999941 118.268
0.999935 0.00940058 0.0064748 -0.692499 -0.00946388 0.999907 0.00981487 -2.10888 -0.00638193 -0.00987551 0.999931 119.548
0.999922 0.00999559 0.00753038 -0.689319 -0.0100654 0.999906 0.0092928 -2.12534 -0.00743679 -0.00936787 0.999929 120.949
0.999897 0.0113972 0.00874081 -0.687063 -0.0114755 0.999894 0.00895295 -2.14539 -0.00863784 -0.00905233 0.999922 122.306
0.999863 0.0132553 0.00992542 -0.686516 -0.013342 0.999873 0.00871625 -2.16189 -0.00980863 -0.00884748 0.999913 123.624
0.999835 0.0142103 0.0113513 -0.681852 -0.0142964 0.999869 0.00753383 -2.18292 -0.0112427 -0.00769487 0.999907 124.965
0.999798 0.0158192 0.012417 -0.672697 -0.0159058 0.99985 0.00690518 -2.20199 -0.0123059 -0.00710128 0.999899 126.261
0.999812 0.014239 0.0131848 -0.665689 -0.0143303 0.999874 0.00685363 -2.22312 -0.0130855 -0.00704128 0.99989 127.665
0.9998 0.0139868 0.0142979 -0.659811 -0.0140986 0.999871 0.00774493 -2.244 -0.0141877 -0.00794496 0.999868 128.981
0.999807 0.0125964 0.0151007 -0.645234 -0.0127332 0.999878 0.00900012 -2.26185 -0.0149855 -0.00919066 0.999846 130.321
0.999812 0.0116728 0.0154883 -0.629545 -0.0118142 0.999889 0.00906957 -2.28277 -0.0153807 -0.00925085 0.999839 131.639
0.999834 0.00997957 0.0152742 -0.61063 -0.0101268 0.999903 0.00959315 -2.30173 -0.015177 -0.00974623 0.999837 132.969
0.999851 0.00775475 0.0154129 -0.597782 -0.00791291 0.999916 0.0102275 -2.31805 -0.0153323 -0.0103479 0.999829 134.318
0.999872 0.00640019 0.0146665 -0.579428 -0.00654976 0.999927 0.0101735 -2.33726 -0.0146003 -0.0102682 0.999841 135.625
0.999894 0.00522295 0.0135659 -0.567837 -0.00536008 0.999935 0.0100919 -2.35467 -0.0135123 -0.0101635 0.999857 137.003
0.999916 0.00340929 0.0125302 -0.550341 -0.00354576 0.999934 0.0108852 -2.37178 -0.0124923 -0.0109287 0.999862 138.312
0.999933 0.00217119 0.0114088 -0.537026 -0.00229962 0.999934 0.0112564 -2.39048 -0.0113836 -0.0112819 0.999872 139.705
0.999946 0.000788806 0.010362 -0.523107 -0.000905749 0.999936 0.0112859 -2.40536 -0.0103525 -0.0112947 0.999883 141.032
0.999957 0.00173101 0.00916132 -0.518156 -0.00183229 0.999937 0.0110573 -2.42446 -0.0091416 -0.0110736 0.999897 142.403
0.999969 0.000576057 0.00779111 -0.508302 -0.000657349 0.999945 0.0104356 -2.43606 -0.00778467 -0.0104404 0.999915 143.726
0.999975 -0.00025397 0.00707998 -0.506277 0.000195459 0.999966 0.00826391 -2.45871 -0.00708183 -0.00826232 0.999941 145.133
0.999963 -0.0059599 0.00625896 -0.498744 0.00591322 0.999955 0.00745101 -2.48225 -0.00630308 -0.00741373 0.999953 146.467
0.999887 -0.0141019 0.00517997 -0.483683 0.0140482 0.999849 0.0102488 -2.49608 -0.00532371 -0.0101749 0.999934 147.815
0.999753 -0.0219183 0.00362312 -0.461984 0.0218747 0.999693 0.0116472 -2.51245 -0.0038773 -0.0115651 0.999926 149.148
0.999694 -0.024619 0.00232033 -0.45095 0.0245972 0.999657 0.00898137 -2.53218 -0.00254065 -0.00892155 0.999957 150.482
0.999712 -0.0238501 0.00273254 -0.445501 0.0238357 0.999703 0.00518901 -2.55555 -0.00285548 -0.00512239 0.999983 151.858
0.999788 -0.0202436 0.00372782 -0.452493 0.0202325 0.999791 0.00298177 -2.5772 -0.00378741 -0.00290571 0.999989 153.16
0.999801 -0.0193758 0.00471232 -0.450475 0.0193609 0.999808 0.00317135 -2.60746 -0.00477286 -0.00307948 0.999984 154.498
0.999724 -0.0229124 0.00518965 -0.44529 0.0228797 0.999719 0.0062841 -2.62794 -0.00533217 -0.00616363 0.999967 155.865
0.999568 -0.0288498 0.00560172 -0.430993 0.0287959 0.999541 0.0094691 -2.65347 -0.00587233 -0.0093037 0.99994 157.216
0.999457 -0.032457 0.00564396 -0.422695 0.0323953 0.999418 0.0107048 -2.66984 -0.00598812 -0.0105161 0.999927 158.548
0.999396 -0.0342879 0.00558563 -0.41089 0.0342253 0.999354 0.0109321 -2.68716 -0.00595686 -0.0107344 0.999925 159.911
0.999459 -0.0322656 0.00631516 -0.40465 0.032192 0.999416 0.0114317 -2.70346 -0.00668032 -0.0112222 0.999915 161.268
0.999553 -0.0288301 0.00795337 -0.410169 0.028743 0.999528 0.0108652 -2.72036 -0.00826286 -0.0106318 0.999909 162.62
0.999674 -0.0239846 0.00876817 -0.406859 0.0239105 0.999678 0.00845901 -2.74246 -0.00896823 -0.0082466 0.999926 163.988
0.999726 -0.0214332 0.00936545 -0.406189 0.0213618 0.999743 0.00765515 -2.7573 -0.00952711 -0.00745299 0.999927 165.359
0.999747 -0.0202913 0.00970814 -0.399594 0.020202 0.999754 0.00920131 -2.77296 -0.00989245 -0.00900286 0.999911 166.691
0.999774 -0.0189014 0.00976644 -0.40064 0.018814 0.999783 0.00896825 -2.79336 -0.00993383 -0.00878247 0.999912 168.04
0.999825 -0.0164062 0.00903079 -0.392117 0.0163469 0.999845 0.00660137 -2.81499 -0.00913769 -0.00645258 0.999937 169.521
0.999887 -0.0122462 0.008732 -0.39191 0.0122137 0.999918 0.00377619 -2.83875 -0.00877753 -0.00366911 0.999955 170.811
0.999944 -0.00634907 0.00845334 -0.395448 0.00632871 0.999977 0.0024334 -2.86485 -0.00846859 -0.00237976 0.999961 172.191
0.999961 -0.00228397 0.00848877 -0.395049 0.00225359 0.999991 0.00358698 -2.88758 -0.00849688 -0.00356771 0.999958 173.562
0.999957 0.000639708 0.00926719 -0.392349 -0.000693641 0.999983 0.00581782 -2.912 -0.00926331 -0.005824 0.99994 175.048
0.999952 0.000946363 0.0097983 -0.388534 -0.00102308 0.999969 0.00782705 -2.93139 -0.00979058 -0.0078367 0.999921 176.288
0.99996 -0.000771071 0.00892145 -0.384635 0.000689752 0.999958 0.00911453 -2.95236 -0.0089281 -0.00910801 0.999919 177.801
0.999963 -0.00412992 0.00761297 -0.378116 0.00405833 0.999948 0.00939479 -2.96396 -0.00765137 -0.00936354 0.999927 179.101
0.999979 -0.00395323 0.00516335 -0.377011 0.00392561 0.999978 0.00534785 -2.98961 -0.00518438 -0.00532747 0.999972 180.515
0.999992 -0.0014841 0.0037921 -0.374294 0.00147905 0.999998 0.0013344 -3.01705 -0.00379407 -0.00132877 0.999992 181.947
0.999992 0.00226581 0.00340069 -0.387246 -0.00226575 0.999997 -2.16625e-05 -3.04101 -0.00340073 1.3957e-05 0.999994 183.359
0.999975 0.00625553 0.00320514 -0.394881 -0.00625951 0.99998 0.00123351 -3.06834 -0.00319736 -0.00125354 0.999994 184.701
0.999959 0.00845564 0.00330061 -0.394764 -0.00847046 0.999954 0.00450215 -3.09468 -0.00326239 -0.00452992 0.999984 186.154
0.999956 0.00855042 0.00374526 -0.402914 -0.00857613 0.999939 0.00690382 -3.11682 -0.003686 -0.00693564 0.999969 187.522
0.999959 0.00814038 0.00391952 -0.405459 -0.00817088 0.999936 0.00782919 -3.13778 -0.00385554 -0.00786089 0.999962 189.001
0.999972 0.0066035 0.00363894 -0.404771 -0.00663343 0.999944 0.00827471 -3.15509 -0.00358409 -0.00829861 0.999959 190.412
0.999985 0.00375519 0.00397512 -0.402489 -0.00379122 0.999951 0.00909548 -3.17631 -0.00394077 -0.00911042 0.999951 191.779
0.99999 0.00110464 0.00422685 -0.402366 -0.00114406 0.999956 0.00933421 -3.19433 -0.00421635 -0.00933896 0.999947 193.271
0.999989 -0.00165181 0.00450647 -0.396481 0.00160493 0.999945 0.0103877 -3.21196 -0.00452338 -0.0103803 0.999936 194.628
0.99997 -0.00610333 0.00487204 -0.386908 0.00604555 0.999912 0.0117858 -3.22648 -0.00494355 -0.011756 0.999919 196.074
0.99993 -0.0106409 0.00513616 -0.371719 0.0105786 0.999872 0.0120015 -3.24067 -0.00526321 -0.0119464 0.999915 197.401
0.999954 -0.00797562 0.00534247 -0.372482 0.00793351 0.999938 0.00785781 -3.26105 -0.00540481 -0.00781507 0.999955 198.922
0.999981 -0.000545878 0.00608582 -0.380303 0.00052932 0.999996 0.00272217 -3.28669 -0.00608728 -0.0027189 0.999978 200.269
0.999929 0.00950443 0.00725025 -0.388696 -0.00952052 0.999952 0.00218728 -3.30684 -0.00722911 -0.00225615 0.999971 201.659
0.999828 0.0165498 0.0083119 -0.402802 -0.0165988 0.999845 0.00586911 -3.32852 -0.00821348 -0.00600607 0.999948 203.099
0.999791 0.0181406 0.00940197 -0.401329 -0.0182202 0.999798 0.00844829 -3.35057 -0.00924682 -0.00861783 0.99992 204.589
0.999827 0.0164422 0.00869869 -0.392263 -0.0165183 0.999825 0.00874888 -3.36722 -0.00855332 -0.00889105 0.999924 206.031
0.999879 0.0135441 0.00762084 -0.380742 -0.013612 0.999867 0.0089361 -3.38656 -0.0074988 -0.00903875 0.999931 207.439
0.999915 0.0112512 0.00652886 -0.374321 -0.0113051 0.999902 0.00828597 -3.41063 -0.006435 -0.00835908 0.999944 208.898
0.999914 0.011741 0.00586428 -0.366504 -0.0117866 0.9999 0.00779689 -3.42819 -0.00577215 -0.00786534 0.999952 210.383
0.999899 0.0128723 0.00599699 -0.368916 -0.0129216 0.999883 0.00824788 -3.44755 -0.00589011 -0.00832454 0.999948 211.833
0.999886 0.0139228 0.0058681 -0.370083 -0.0139755 0.999862 0.00903206 -3.4658 -0.00574154 -0.00911304 0.999942 213.304
0.999891 0.0135591 0.005849 -0.368094 -0.0136106 0.999868 0.00885902 -3.48961 -0.00572811 -0.00893767 0.999944 214.755
0.999893 0.0135888 0.00541405 -0.366138 -0.01363 0.999878 0.00764381 -3.51048 -0.00530951 -0.00771679 0.999956 216.27
0.999905 0.0128734 0.00488136 -0.365273 -0.0129092 0.999889 0.00738022 -3.52992 -0.00478581 -0.00744254 0.999961 217.759
0.999906 0.01292 0.00452119 -0.36425 -0.0129541 0.999887 0.00759171 -3.54902 -0.0044226 -0.00764957 0.999961 219.143
0.999898 0.0136891 0.00419318 -0.361514 -0.0137199 0.999879 0.00738538 -3.57299 -0.00409158 -0.00744215 0.999964 220.738
0.999905 0.0132202 0.00395104 -0.364064 -0.0132474 0.999888 0.00694519 -3.59649 -0.00385878 -0.00699687 0.999968 222.235
0.999888 0.0145162 0.00367311 -0.36331 -0.0145419 0.999869 0.00707436 -3.61329 -0.00356993 -0.00712698 0.999968 223.681
0.999894 0.0141957 0.00338389 -0.370938 -0.0142189 0.999875 0.00694436 -3.63715 -0.00328489 -0.00699174 0.99997 225.175
0.999883 0.015026 0.00288194 -0.37216 -0.0150455 0.999863 0.00687693 -3.6597 -0.00277821 -0.00691949 0.999972 226.706
0.999896 0.0141514 0.0029622 -0.378189 -0.0141718 0.999875 0.00699731 -3.68317 -0.00286281 -0.00703856 0.999971 228.184
0.999908 0.0132744 0.00278669 -0.37677 -0.0132927 0.99989 0.00663414 -3.70433 -0.00269832 -0.00667057 0.999974 229.637
0.99992 0.0123111 0.00293352 -0.380923 -0.0123319 0.999898 0.00719562 -3.72713 -0.00284463 -0.00723122 0.99997 231.166
0.999939 0.0105661 0.00323814 -0.375382 -0.0105913 0.999913 0.00785961 -3.75073 -0.00315481 -0.00789343 0.999964 232.634
0.999945 0.0100183 0.00320143 -0.381082 -0.0100445 0.999915 0.00826369 -3.77159 -0.00311837 -0.00829539 0.999961 234.252
0.999938 0.0106918 0.00324988 -0.378304 -0.0107172 0.999911 0.00791569 -3.79319 -0.00316496 -0.00795002 0.999963 235.655
0.999921 0.0119336 0.00386878 -0.378432 -0.0119616 0.999902 0.00728268 -3.81678 -0.00378149 -0.00732839 0.999966 237.196
0.999901 0.0134519 0.0041068 -0.384147 -0.0134851 0.999876 0.00815355 -3.83956 -0.00399661 -0.00820813 0.999958 238.718
0.999905 0.0128728 0.00484848 -0.384601 -0.0129215 0.999865 0.0101505 -3.85558 -0.00471716 -0.0102122 0.999937 240.162
0.999905 0.0125721 0.00557447 -0.38415 -0.01263 0.999865 0.0104773 -3.8759 -0.005442 -0.0105467 0.99993 241.712
0.999887 0.0136886 0.00624441 -0.384678 -0.013745 0.999864 0.00908621 -3.89603 -0.00611919 -0.00917101 0.999939 243.183
0.99989 0.0132792 0.00657334 -0.38606 -0.0133318 0.999879 0.00801656 -3.91447 -0.00646609 -0.00810331 0.999946 244.739
0.99987 0.0146018 0.0068182 -0.379764 -0.0146578 0.999859 0.00824682 -3.93403 -0.00669682 -0.00834569 0.999943 246.26
0.999877 0.0142054 0.00668322 -0.379236 -0.0142676 0.999855 0.00935406 -3.95634 -0.00654937 -0.00944826 0.999934 247.727
0.999876 0.0142713 0.00661682 -0.372607 -0.0143371 0.999847 0.0100164 -3.97848 -0.00647286 -0.01011 0.999928 249.343
0.999875 0.0143551 0.00662222 -0.368541 -0.014422 0.999844 0.0101675 -3.99498 -0.00647523 -0.0102617 0.999926 250.785
0.999848 0.0160232 0.0068462 -0.361947 -0.0160936 0.999817 0.0103574 -4.01017 -0.00667899 -0.010466 0.999923 252.304
0.999828 0.0172401 0.00687856 -0.366166 -0.017312 0.999795 0.0105428 -4.03242 -0.00669539 -0.01066 0.999921 253.837
0.999813 0.017926 0.00724675 -0.35884 -0.0180028 0.999781 0.0106804 -4.04675 -0.00705371 -0.0108089 0.999917 255.409
0.999848 0.0159976 0.00694212 -0.364431 -0.0160748 0.999808 0.011206 -4.06585 -0.00676151 -0.0113159 0.999913 256.936
0.999871 0.0144041 0.00711674 -0.357062 -0.0144885 0.999824 0.0119538 -4.07855 -0.0069433 -0.0120554 0.999903 258.488
0.999914 0.0113478 0.00661507 -0.346848 -0.0114321 0.999852 0.0128504 -4.1005 -0.00646826 -0.012925 0.999896 260.037
0.999929 0.00974522 0.00685545 -0.342327 -0.00982717 0.999879 0.0120232 -4.11418 -0.00673745 -0.0120898 0.999904 261.587
0.999932 0.00961414 0.0066349 -0.327342 -0.00968843 0.99989 0.011257 -4.13373 -0.00652594 -0.0113205 0.999915 263.143
0.999949 0.00705736 0.0071803 -0.321468 -0.00714998 0.999891 0.0129557 -4.15168 -0.00708809 -0.0130064 0.99989 264.67
0.999967 0.00383826 0.00712363 -0.318108 -0.00394458 0.99988 0.0149712 -4.15587 -0.00706531 -0.0149988 0.999863 266.216
0.999962 0.0026902 0.00824676 -0.30363 -0.00280716 0.999895 0.0142037 -4.17575 -0.00820769 -0.0142263 0.999865 267.761
0.999963 0.00211741 0.00827872 -0.295865 -0.00222446 0.999914 0.0129432 -4.18927 -0.0082506 -0.0129611 0.999882 269.331
0.999949 0.00317852 0.00956168 -0.282411 -0.0033023 0.999911 0.0129576 -4.20412 -0.00951964 -0.0129885 0.99987 270.924
0.999933 0.00471465 0.0106009 -0.269913 -0.00485297 0.999903 0.0130607 -4.21811 -0.0105383 -0.0131113 0.999859 272.398
0.999915 0.00642606 0.0113461 -0.265678 -0.00656927 0.999899 0.0126301 -4.23587 -0.0112638 -0.0127035 0.999856 273.969
0.99989 0.0079424 0.0125097 -0.250082 -0.00809956 0.999888 0.0125628 -4.25231 -0.0124085 -0.0126628 0.999843 275.573
0.999889 0.00705824 0.0131241 -0.239496 -0.00721916 0.999899 0.0122544 -4.26407 -0.0130363 -0.0123477 0.999839 277.041
0.99986 0.00845841 0.0144637 -0.217043 -0.00862868 0.999894 0.0117509 -4.2875 -0.0143628 -0.011874 0.999826 278.702
0.999856 0.00748017 0.0152594 -0.200498 -0.00765459 0.999906 0.0114048 -4.30356 -0.0151727 -0.0115199 0.999819 280.216
0.999831 0.00760897 0.016737 -0.181999 -0.00780186 0.999904 0.0114895 -4.32091 -0.0166479 -0.0116182 0.999794 281.767
0.999836 0.00604729 0.0170473 -0.140525 -0.00626616 0.999898 0.0128154 -4.33762 -0.016968 -0.0129201 0.999773 283.337
0.999832 0.00442344 0.0178126 -0.11997 -0.00465756 0.999903 0.0131239 -4.35369 -0.0177528 -0.0132046 0.999755 284.919
0.999822 0.00370912 0.0184771 -0.0817007 -0.00390658 0.999936 0.0106619 -4.37757 -0.0184363 -0.0107322 0.999772 286.496
0.999833 0.00387813 0.0178855 -0.0734378 -0.00403172 0.999955 0.00855972 -4.39462 -0.0178515 -0.00863039 0.999803 288.026
0.999848 0.00334396 0.0171093 -0.0440933 -0.00348963 0.999958 0.00849156 -4.41204 -0.0170802 -0.00854998 0.999818 289.588
0.99985 0.00142404 0.0172881 -0.0199591 -0.00157791 0.999959 0.00888966 -4.43035 -0.0172748 -0.0089156 0.999811 291.196
0.999873 0.00214317 0.0157787 0.00790969 -0.00227495 0.999963 0.00833894 -4.45248 -0.0157602 -0.00837378 0.999841 292.73
0.999878 0.0024134 0.015422 0.0192415 -0.00253259 0.999967 0.00771322 -4.47793 -0.0154029 -0.00775134 0.999851 294.381
0.999884 0.00237144 0.0150749 0.0541531 -0.00249562 0.999963 0.00822443 -4.49446 -0.0150549 -0.00826109 0.999853 295.892
0.999893 0.00245686 0.0144092 0.0676992 -0.00257747 0.999962 0.00835753 -4.52066 -0.0143882 -0.00839378 0.999861 297.474
0.999906 0.00254883 0.0134475 0.0999107 -0.00267507 0.999952 0.00937842 -4.54187 -0.013423 -0.00941351 0.999866 299.073
0.999915 0.00333218 0.0125746 0.104301 -0.00347685 0.999928 0.0115004 -4.55454 -0.0125354 -0.0115432 0.999855 300.631
0.999905 0.00394422 0.0132147 0.118372 -0.00409189 0.999929 0.0111668 -4.57376 -0.0131697 -0.0112198 0.99985 302.289
0.999879 0.00427254 0.0149378 0.142815 -0.00443392 0.999932 0.010787 -4.58684 -0.0148907 -0.0108519 0.99983 303.797
0.999886 0.00319158 0.0147786 0.171026 -0.00335256 0.999935 0.0108807 -4.60396 -0.0147429 -0.010929 0.999832 305.448
0.999891 0.0011718 0.0147313 0.180754 -0.0013157 0.999951 0.00976249 -4.61955 -0.0147191 -0.0097808 0.999844 307.103
0.99988 0.000226307 0.0154876 0.214033 -0.000351743 0.999967 0.00809688 -4.64464 -0.0154853 -0.00810136 0.999847 308.64
0.99989 -0.000594466 0.0148426 0.23539 0.000490614 0.999975 0.00699959 -4.66486 -0.0148464 -0.00699153 0.999865 310.292
0.9999 -3.32662e-05 0.0141153 0.238688 -5.1091e-05 0.999982 0.00597586 -4.6873 -0.0141153 -0.00597598 0.999883 311.844
0.999944 0.00181517 0.0104473 0.264243 -0.00188453 0.999976 0.00663318 -4.71329 -0.0104351 -0.00665249 0.999923 313.432
0.999937 0.00276296 0.010847 0.261104 -0.0028698 0.999947 0.00984717 -4.73033 -0.0108192 -0.00987768 0.999893 315.102
0.999941 0.00104522 0.0108149 0.27753 -0.00118776 0.999912 0.0131821 -4.74839 -0.0108001 -0.0131942 0.999855 316.701
0.999955 0.000111735 0.00949509 0.305284 -0.000246196 0.9999 0.014161 -4.76367 -0.00949256 -0.0141627 0.999855 318.409
0.999932 -0.000750198 0.0116659 0.282638 0.000600868 0.999918 0.0127988 -4.77853 -0.0116745 -0.0127909 0.99985 320.017
0.999939 -0.00136136 0.0109787 0.308533 0.00122292 0.99992 0.0126073 -4.79241 -0.010995 -0.0125931 0.99986 321.63
0.999938 -0.00174006 0.0110347 0.313914 0.00159397 0.999911 0.0132338 -4.80676 -0.0110568 -0.0132154 0.999852 323.291
0.999927 -0.00195035 0.0118944 0.312607 0.00179565 0.999914 0.0130026 -4.82696 -0.0119188 -0.0129802 0.999845 324.901
0.999939 -0.000536429 0.0110326 0.321568 0.000400054 0.999924 0.0123594 -4.84185 -0.0110384 -0.0123543 0.999863 326.551
0.999913 3.85725e-05 0.0131623 0.317404 -0.000192007 0.999932 0.011656 -4.86216 -0.013161 -0.0116575 0.999846 328.209
0.999913 -0.000703664 0.0131405 0.331759 0.000527037 0.99991 0.01344 -4.87963 -0.0131488 -0.0134319 0.999823 329.817
0.999911 -0.00228921 0.0131658 0.352695 0.00209415 0.999888 0.0148103 -4.89497 -0.0131982 -0.0147814 0.999804 331.418
0.999929 -0.00217132 0.0117032 0.361572 0.00201493 0.999909 0.013358 -4.91256 -0.0117311 -0.0133335 0.999842 333.066
0.999913 -0.00202725 0.0130175 0.389818 0.00184434 0.9999 0.0140482 -4.93334 -0.0130447 -0.014023 0.999817 334.667
0.999925 -0.000714331 0.0122521 0.390482 0.000571125 0.999932 0.0116878 -4.93891 -0.0122597 -0.0116799 0.999857 336.288
0.999916 0.00287394 0.0126061 0.393773 -0.00298693 0.999955 0.00895297 -4.97066 -0.0125798 -0.00898988 0.99988 337.928
0.99992 0.00313766 0.0122303 0.411036 -0.00325756 0.999947 0.00979549 -4.98622 -0.0121989 -0.00983455 0.999877 339.53
0.999939 0.00382516 0.0103484 0.416448 -0.0039545 0.999914 0.0125063 -5.00962 -0.0102997 -0.0125465 0.999868 341.149
0.999941 0.00484839 0.00974108 0.429949 -0.00499894 0.999867 0.0154903 -5.0217 -0.00966469 -0.0155381 0.999833 342.742
0.999945 0.00564696 0.00880644 0.429096 -0.00577589 0.999875 0.0146844 -5.03688 -0.00872242 -0.0147345 0.999853 344.348
0.999954 0.00571491 0.00776232 0.409494 -0.00581676 0.999896 0.0131619 -5.05468 -0.0076863 -0.0132064 0.999883 345.952
0.999979 0.00389683 0.00525421 0.424469 -0.00397164 0.99989 0.0143025 -5.06764 -0.0051979 -0.0143231 0.999884 347.528
0.999987 0.00215989 0.00458299 0.395439 -0.00222948 0.999882 0.0152338 -5.0847 -0.00454954 -0.0152439 0.999874 349.111
0.999988 0.00209127 0.00451774 0.409213 -0.00215541 0.999896 0.0142406 -5.10195 -0.00448749 -0.0142502 0.999888 350.761
0.999989 0.00167643 0.00436997 0.403681 -0.00173582 0.999906 0.0136236 -5.11978 -0.00434672 -0.0136311 0.999898 352.332
0.999991 0.00141061 0.00406435 0.404699 -0.00146542 0.999908 0.0135135 -5.13122 -0.00404491 -0.0135193 0.999901 353.964
0.999989 0.00079997 0.00459716 0.398675 -0.000861837 0.999909 0.0134719 -5.15008 -0.00458596 -0.0134757 0.999899 355.53
0.999991 -0.000196614 0.00430896 0.393122 0.000140684 0.999916 0.0129767 -5.16846 -0.00431115 -0.0129759 0.999907 357.103
0.999986 -0.000230499 0.00530404 0.389592 0.000165806 0.999926 0.0121941 -5.18668 -0.00530646 -0.0121931 0.999912 358.749
0.999989 -0.000803276 0.00465779 0.393156 0.00074543 0.999923 0.0124076 -5.20491 -0.0046674 -0.012404 0.999912 360.322
0.999984 -0.000745084 0.0055915 0.38536 0.000680314 0.999933 0.0115764 -5.21778 -0.00559975 -0.0115724 0.999917 361.887
0.999983 -0.00182963 0.00550746 0.382919 0.00177065 0.999941 0.010694 -5.24155 -0.00552671 -0.010684 0.999928 363.478
0.999979 -0.00362853 0.00544655 0.392689 0.00356486 0.999926 0.0116539 -5.25576 -0.00548843 -0.0116343 0.999917 365.048
0.999963 -0.00578485 0.00633582 0.382255 0.00569899 0.999893 0.013486 -5.2746 -0.00641315 -0.0134494 0.999889 366.672
0.999963 -0.00589535 0.0062344 0.40448 0.00581899 0.999909 0.0121953 -5.29095 -0.00630573 -0.0121586 0.999906 368.225
0.999969 -0.00433555 0.00656107 0.398395 0.00425849 0.999922 0.0117132 -5.30682 -0.00661134 -0.0116849 0.99991 369.858
0.999969 -0.00296716 0.00724556 0.402642 0.00287616 0.999917 0.0125365 -5.31916 -0.00728216 -0.0125153 0.999895 371.439
0.999969 -0.00187857 0.00758265 0.398956 0.00177727 0.999909 0.0133437 -5.33429 -0.00760703 -0.0133298 0.999882 373.059
0.999971 -0.00201396 0.0073853 0.397144 0.00191426 0.999907 0.0134819 -5.34907 -0.00741176 -0.0134673 0.999882 374.645
0.999964 -0.00131118 0.00838455 0.398683 0.00120578 0.99992 0.0125637 -5.36772 -0.00840036 -0.0125531 0.999886 376.222
0.999965 -0.00116463 0.00831904 0.392476 0.00106217 0.999924 0.01231 -5.38035 -0.00833275 -0.0123007 0.99989 377.915
0.999945 -0.000856478 0.0104644 0.400604 0.000725546 0.999922 0.0125096 -5.39619 -0.0104743 -0.0125013 0.999867 379.442
0.999947 0.000269589 0.0103228 0.391004 -0.000399566 0.999921 0.0125913 -5.41237 -0.0103186 -0.0125948 0.999867 381.092
0.999941 0.00108149 0.0107984 0.431852 -0.001223 0.999913 0.0131067 -5.42669 -0.0107833 -0.0131192 0.999856 382.626
0.999934 0.00240972 0.0112461 0.425133 -0.00255287 0.999916 0.0127312 -5.44272 -0.0112145 -0.0127591 0.999856 384.248
0.999915 0.00329968 0.012637 0.448452 -0.00345266 0.999921 0.0121028 -5.46195 -0.012596 -0.0121454 0.999847 385.87
0.999918 0.00399429 0.0121501 0.440945 -0.00414372 0.999916 0.0122985 -5.47634 -0.0121 -0.0123478 0.999851 387.478
0.999901 0.00521228 0.0130823 0.463827 -0.00538605 0.999897 0.0132832 -5.48913 -0.0130117 -0.0133524 0.999826 389.082
0.999896 0.00649298 0.0129046 0.478146 -0.00667109 0.999882 0.0138072 -5.50659 -0.0128135 -0.0138918 0.999821 390.745
0.999872 0.00798308 0.0138346 0.497919 -0.00816967 0.999876 0.0134837 -5.51996 -0.0137252 -0.013595 0.999813 392.334
0.999868 0.00742069 0.0144603 0.499657 -0.00761568 0.99988 0.0134768 -5.53537 -0.0143585 -0.0135852 0.999805 393.979
