1 -4.1311e-11 3.29668e-10 0 -4.12612e-11 1 -1.70424e-11 0 -4.91289e-10 -1.70424e-11 1 -2.98023e-08
0.999996 -0.00226954 -0.0014434 0.00660819 0.00226836 0.999997 -0.000816785 -0.0268968 0.00144525 0.000813508 0.999999 0.56414
0.999992 -0.00340295 -0.00205193 -0.000150921 0.00339905 0.999992 -0.0018989 -0.0456249 0.00205838 0.00189191 0.999996 1.13594
0.999985 -0.00394385 -0.0037747 -0.00696617 0.00393055 0.999986 -0.00352465 -0.0629884 0.00378855 0.00350976 0.999987 1.6814
0.999968 -0.00596535 -0.00530802 -0.0079636 0.00593834 0.999969 -0.00508809 -0.0793725 0.00533821 0.00505641 0.999973 2.23235
0.999942 -0.00864609 -0.00640252 -0.0127791 0.00860167 0.999939 -0.00693371 -0.0959659 0.00646208 0.00687823 0.999955 2.79614
0.999918 -0.0102329 -0.0077061 -0.0142143 0.0101735 0.999919 -0.00771622 -0.111065 0.00778443 0.00763719 0.999941 3.35967
0.999906 -0.0107682 -0.00845416 -0.0208667 0.010708 0.999917 -0.00713866 -0.127883 0.00853033 0.00704746 0.999939 3.93876
0.999889 -0.0113794 -0.00957195 -0.0348115 0.0113079 0.999908 -0.00749016 -0.144934 0.0096563 0.0073811 0.999926 4.52137
0.999891 -0.0107302 -0.0101186 -0.0398788 0.0106287 0.999893 -0.0100344 -0.167031 0.0102252 0.00992581 0.999898 5.1096
0.999894 -0.00940969 -0.0111353 -0.0608997 0.00925485 0.999861 -0.0138766 -0.188303 0.0112643 0.0137721 0.999842 5.7049
0.999866 -0.00813526 -0.0142173 -0.0546541 0.00788616 0.999816 -0.01749 -0.205687 0.014357 0.0173755 0.999746 6.31266
0.999851 -0.00673307 -0.0159168 -0.0673076 0.00644697 0.999818 -0.0179579 -0.223491 0.0160348 0.0178526 0.999712 6.92985
0.999793 -0.00500227 -0.0197041 -0.0935627 0.00477781 0.999923 -0.0114225 -0.235871 0.0197597 0.011326 0.999741 7.57365
0.999765 -0.00484632 -0.0211487 -0.115406 0.00482877 0.999988 -0.000880897 -0.253392 0.0211527 0.000778568 0.999776 8.23327
0.999728 -0.00465667 -0.022849 -0.141866 0.00480352 0.999968 0.00637651 -0.270836 0.0228186 -0.00648453 0.999719 8.90903
0.999647 -0.00437903 -0.0262195 -0.17826 0.00453232 0.999973 0.00579004 -0.288231 0.0261935 -0.00590683 0.99964 9.5916
0.99962 -0.00183788 -0.0274949 -0.210135 0.00180365 0.999998 -0.00126981 -0.297569 0.0274972 0.00121974 0.999621 10.2805
0.999544 -0.00179666 -0.030127 -0.233884 0.00157199 0.999971 -0.00747959 -0.304139 0.0301395 0.00742882 0.999518 10.9948
0.999533 -0.00381984 -0.0303099 -0.264676 0.00363315 0.999974 -0.00621196 -0.311757 0.0303328 0.00609894 0.999521 11.7177
0.99944 -0.00533389 -0.0330265 -0.283613 0.00543679 0.999981 0.00302675 -0.322726 0.0330097 -0.00320461 0.99945 12.4893
0.999376 -0.00627922 -0.0347706 -0.31576 0.00665448 0.999921 0.0106873 -0.332038 0.0347007 -0.010912 0.999338 13.2557
0.999207 -0.00698752 -0.0391966 -0.340181 0.00752212 0.99988 0.0135079 -0.336826 0.0390975 -0.0137921 0.99914 14.0471
0.999128 -0.0091649 -0.0407362 -0.382226 0.00969588 0.99987 0.0128563 -0.342126 0.0406131 -0.0132401 0.999087 14.8491
0.999216 -0.00938348 -0.0384527 -0.426097 0.00979238 0.999897 0.0104593 -0.346991 0.0383506 -0.0108277 0.999206 15.6681
0.999204 -0.00732263 -0.0392181 -0.457119 0.00758698 0.99995 0.00659584 -0.345108 0.0391678 -0.00688813 0.999209 16.5049
0.999265 -0.0100533 -0.0369774 -0.496451 0.0101127 0.999948 0.00142179 -0.3586 0.0369612 -0.00179469 0.999315 17.3533
0.999256 -0.0129006 -0.0363401 -0.532165 0.0127384 0.999908 -0.00469278 -0.372177 0.0363973 0.00422637 0.999328 18.2148
0.999329 -0.0117612 -0.0346981 -0.56644 0.0114261 0.999886 -0.00984155 -0.391949 0.0348099 0.00943848 0.999349 19.1031
0.999342 -0.0102395 -0.0347836 -0.601667 0.0098438 0.999885 -0.0115276 -0.408062 0.0348976 0.0111777 0.999328 20.0075
0.999334 -0.0107499 -0.034863 -0.641395 0.0103785 0.999888 -0.0108174 -0.432125 0.0349754 0.0104484 0.999334 20.9245
0.999358 -0.010024 -0.0343981 -0.685006 0.00962351 0.999884 -0.0117884 -0.459033 0.0345123 0.0114498 0.999339 21.8656
0.999388 -0.00652891 -0.0343777 -0.73019 0.00604921 0.999883 -0.0140396 -0.488841 0.0344654 0.0138231 0.99931 22.8154
0.999458 -0.00228217 -0.0328259 -0.774268 0.00179038 0.999886 -0.0150033 -0.515235 0.0328563 0.0149364 0.999349 23.7598
0.999508 -0.000692121 -0.0313632 -0.806439 0.000224794 0.999889 -0.0149016 -0.547137 0.03137 0.0148872 0.999397 24.7079
0.999546 -0.000372211 -0.0301184 -0.839134 -7.32815e-05 0.999891 -0.0147889 -0.579293 0.0301206 0.0147844 0.999437 25.6867
0.999551 5.36956e-05 -0.0299561 -0.873041 -0.000499991 0.999889 -0.0148911 -0.613684 0.029952 0.0148994 0.99944 26.6727
0.99959 0.000837275 -0.0286323 -0.910805 -0.00123071 0.999905 -0.013726 -0.646219 0.0286181 0.0137556 0.999496 27.666
0.999566 0.00148624 -0.0294252 -0.942567 -0.00184091 0.999926 -0.0120297 -0.678633 0.0294052 0.0120787 0.999495 28.6814
0.999581 0.00192729 -0.0288807 -0.966826 -0.00224201 0.999938 -0.0108687 -0.706895 0.028858 0.0109289 0.999524 29.6562
0.999658 0.00195479 -0.026073 -1.00878 -0.00226346 0.999928 -0.0118142 -0.745067 0.026048 0.0118692 0.99959 30.6978
0.999661 0.00399597 -0.0257257 -1.03352 -0.00432246 0.999911 -0.0126482 -0.776517 0.0256729 0.0127551 0.999589 31.6854
0.999608 0.00439934 -0.0276649 -1.07127 -0.00472856 0.999919 -0.0118462 -0.807842 0.0276105 0.0119723 0.999547 32.7249
0.999611 0.00310764 -0.0277046 -1.11704 -0.00336829 0.999951 -0.00936649 -0.840077 0.0276742 0.00945617 0.999572 33.7629
0.999543 0.00324274 -0.0300633 -1.1553 -0.00341018 0.999979 -0.00552 -0.866931 0.0300447 0.00561999 0.999533 34.8162
0.99951 0.00305072 -0.031161 -1.20151 -0.00314291 0.999991 -0.00290997 -0.89464 0.0311518 0.00300648 0.99951 35.8839
0.999491 0.00298718 -0.0317545 -1.23207 -0.00306268 0.999993 -0.0023292 -0.920408 0.0317473 0.00242527 0.999493 36.9605
0.999516 0.003661 -0.03088 -1.27529 -0.00377618 0.999986 -0.00367236 -0.946328 0.0308662 0.0037872 0.999516 38.0248
0.999404 0.00504246 -0.0341584 -1.31531 -0.00518634 0.999978 -0.00412483 -0.971484 0.0341369 0.00429953 0.999408 39.1096
0.999421 0.00426434 -0.0337586 -1.36799 -0.00436523 0.999986 -0.00291535 -0.99556 0.0337457 0.00306103 0.999426 40.1587
0.999364 0.00340489 -0.0354845 -1.40991 -0.00342932 0.999994 -0.000627618 -1.02351 0.0354822 0.000748907 0.99937 41.263
0.999292 0.00395443 -0.0374161 -1.44302 -0.00388813 0.999991 0.00184461 -1.04917 0.037423 -0.00169783 0.999298 42.3303
0.999358 0.00419017 -0.0355855 -1.50607 -0.00412605 0.99999 0.00187524 -1.07284 0.035593 -0.00172721 0.999365 43.4304
0.999417 0.00555718 -0.033678 -1.54461 -0.00563333 0.999982 -0.00216655 -1.09888 0.0336653 0.002355 0.99943 44.4746
0.999465 0.00795961 -0.0317183 -1.59059 -0.00816075 0.999947 -0.00621698 -1.12873 0.0316671 0.0064725 0.999478 45.528
0.999579 0.00912535 -0.0275547 -1.62966 -0.00931343 0.999934 -0.00670505 -1.15861 0.0274917 0.00695885 0.999598 46.5801
0.999617 0.00773186 -0.02656 -1.66843 -0.00784578 0.99996 -0.00418741 -1.18456 0.0265266 0.00439419 0.999638 47.6386
0.999644 0.00912548 -0.0250588 -1.68926 -0.00917968 0.999956 -0.00204859 -1.2122 0.025039 0.00227789 0.999684 48.7169
0.99959 0.00728841 -0.0277062 -1.73006 -0.00731028 0.999973 -0.000688463 -1.2407 0.0277005 0.00089072 0.999616 49.7902
0.999558 0.00809793 -0.0286157 -1.75832 -0.00812232 0.999967 -0.000736082 -1.26493 0.0286088 0.000968183 0.99959 50.8824
0.999568 0.00651905 -0.0286734 -1.80403 -0.00660079 0.999974 -0.00275677 -1.29172 0.0286547 0.00294484 0.999585 51.9636
0.999537 0.00786731 -0.0294068 -1.84576 -0.00802076 0.999955 -0.00510375 -1.31922 0.0293654 0.00533725 0.999555 53.0449
0.999569 0.00589191 -0.0287625 -1.87753 -0.00610756 0.999954 -0.00741569 -1.351 0.0287175 0.00758816 0.999559 54.1158
0.999632 0.00453844 -0.0267477 -1.91888 -0.00482516 0.999932 -0.0106648 -1.3865 0.0266975 0.01079 0.999585 55.2071
0.999575 0.00416602 -0.0288562 -1.94224 -0.00451302 0.999918 -0.0119703 -1.42378 0.028804 0.0120954 0.999512 56.2503
0.999579 0.00239647 -0.0289088 -1.98258 -0.00267921 0.999949 -0.00974569 -1.45976 0.0288839 0.00981904 0.999535 57.3523
0.999619 0.000813555 -0.0276026 -2.00517 -0.000927571 0.999991 -0.00411803 -1.49011 0.027599 0.00414207 0.999611 58.4196
0.999603 -0.000727571 -0.0281749 -2.03853 0.000776719 0.999998 0.0017335 -1.51608 0.0281736 -0.0017547 0.999602 59.5256
0.999569 -0.00310543 -0.0291815 -2.07795 0.0031966 0.99999 0.00307808 -1.53952 0.0291716 -0.00317003 0.999569 60.5985
0.999537 -0.00378574 -0.0301892 -2.10897 0.00379811 0.999993 0.000352388 -1.56724 0.0301876 -0.000466887 0.999544 61.6501
0.999555 -0.006071 -0.0292 -2.14746 0.00598732 0.999978 -0.00295262 -1.59088 0.0292173 0.00277647 0.999569 62.7408
0.999605 -0.00280062 -0.0279484 -2.1833 0.00261465 0.999974 -0.00668851 -1.62256 0.0279664 0.0066128 0.999587 63.8244
0.999557 -0.00202207 -0.0296935 -2.21978 0.00171181 0.999944 -0.0104704 -1.65526 0.029713 0.0104149 0.999504 64.9002
0.999601 0.00137635 -0.0282247 -2.26388 -0.00170289 0.999932 -0.0115488 -1.68924 0.0282069 0.0115923 0.999535 65.9524
0.999611 0.00420142 -0.0275861 -2.30702 -0.00443646 0.999954 -0.00846457 -1.71795 0.0275493 0.00858366 0.999584 67.0714
0.999615 0.00550617 -0.0271986 -2.34099 -0.00566355 0.999968 -0.00571267 -1.75144 0.0271663 0.00586451 0.999614 68.1281
0.999622 0.00560312 -0.0269314 -2.38132 -0.00574723 0.99997 -0.0052768 -1.78129 0.026901 0.00542959 0.999623 69.2261
0.999656 0.00349153 -0.0260092 -2.41957 -0.00360125 0.999985 -0.00417269 -1.8122 0.0259942 0.00426492 0.999653 70.3194
0.999685 0.00292869 -0.0249419 -2.45198 -0.00299084 0.999993 -0.00245512 -1.84343 0.0249346 0.00252894 0.999686 71.3826
0.99968 0.000536499 -0.0252835 -2.47992 -0.000547743 1 -0.000437732 -1.86926 0.0252833 0.000451441 0.99968 72.4615
0.999651 -0.000663402 -0.0264213 -2.50211 0.000702728 0.999999 0.00147914 -1.89523 0.0264203 -0.00149719 0.99965 73.5532
0.999675 -0.0015873 -0.0254566 -2.54781 0.00159251 0.999999 0.000184228 -1.92529 0.0254562 -0.000224708 0.999676 74.6252
0.999664 -0.00101394 -0.0259182 -2.56936 0.000919898 0.999993 -0.00364 -1.95365 0.0259218 0.00361493 0.999657 75.6841
0.999676 0.0011561 -0.0254398 -2.59974 -0.00129275 0.999985 -0.00535581 -1.98682 0.0254332 0.00538697 0.999662 76.7472
0.999629 0.00217227 -0.0271392 -2.64588 -0.00227219 0.999991 -0.00365132 -2.01452 0.0271311 0.00371163 0.999625 77.8092
0.999608 0.00352016 -0.027788 -2.69223 -0.00350333 0.999994 0.000654199 -2.04278 0.0277901 -0.000556591 0.999614 78.9038
0.999589 0.00390041 -0.0283854 -2.73219 -0.00376309 0.999981 0.00488944 -2.06606 0.0284039 -0.00478062 0.999585 80.0005
0.999589 0.00511614 -0.028206 -2.77036 -0.0049648 0.999973 0.00543301 -2.08734 0.028233 -0.00529074 0.999587 81.014
0.999634 0.00552062 -0.0264753 -2.81438 -0.00542672 0.999979 0.0036172 -2.109 0.0264947 -0.0034722 0.999643 82.0843
0.999614 0.00538611 -0.0272743 -2.8464 -0.0053178 0.999983 0.00257644 -2.13293 0.0272876 -0.0024304 0.999625 83.1296
0.999586 0.00554362 -0.0282181 -2.88374 -0.00547149 0.999982 0.00263284 -2.15811 0.0282321 -0.00247735 0.999598 84.1856
0.99953 0.00401002 -0.030376 -2.91975 -0.00391277 0.999987 0.00326026 -2.183 0.0303887 -0.00313987 0.999533 85.2135
0.999544 0.00356334 -0.0299931 -2.95409 -0.00341724 0.999982 0.0049209 -2.20913 0.0300101 -0.00481616 0.999538 86.2423
0.999572 0.00296076 -0.0291073 -2.98369 -0.00274613 0.999969 0.00741109 -2.22863 0.0291284 -0.00732798 0.999549 87.1953
0.999565 0.00203996 -0.0294248 -3.02097 -0.00178755 0.999961 0.00860215 -2.25347 0.0294412 -0.0085458 0.99953 88.2025
0.999552 0.000701801 -0.029919 -3.05866 -0.000445001 0.999963 0.00858896 -2.27276 0.0299239 -0.0085718 0.999516 89.1263
0.999391 -2.10386e-05 -0.0348915 -3.09985 0.000303652 0.999967 0.00809452 -2.29557 0.0348902 -0.00810019 0.999358 90.0843
0.999266 0.000111934 -0.038316 -3.13683 0.000158538 0.999975 0.00705591 -2.31488 0.0383159 -0.0070568 0.999241 90.9876
0.999118 -0.000279949 -0.0419942 -3.18831 0.000590827 0.999973 0.0073907 -2.33398 0.0419909 -0.00740899 0.999091 91.8492
0.998944 0.000707803 -0.0459458 -3.23458 -0.000303409 0.999961 0.00880791 -2.35278 0.0459503 -0.00878467 0.998905 92.733
0.998825 0.00207832 -0.0484086 -3.28455 -0.00160982 0.999952 0.0097152 -2.37309 0.0484264 -0.00962586 0.99878 93.5879
0.998661 0.00274952 -0.0516686 -3.33505 -0.00216884 0.999934 0.0112912 -2.38884 0.0516962 -0.011164 0.998601 94.3766
0.998638 0.00485524 -0.0519445 -3.38854 -0.00422811 0.999917 0.0121761 -2.40452 0.0519993 -0.0119399 0.998576 95.1598
0.998529 0.00651574 -0.0538197 -3.43563 -0.0058585 0.999906 0.0123607 -2.4202 0.0538952 -0.0120272 0.998474 95.9116
0.998403 0.00804868 -0.0559097 -3.48278 -0.00741089 0.999905 0.0116054 -2.43617 0.0559978 -0.0111726 0.998368 96.6142
0.998228 0.00959521 -0.0587189 -3.52883 -0.00915474 0.999928 0.00776577 -2.45251 0.0587892 -0.00721446 0.998244 97.3237
0.997811 0.0122853 -0.0649852 -3.58976 -0.0120416 0.999919 0.00414001 -2.46915 0.0650308 -0.00334842 0.997878 97.958
0.997726 0.0146236 -0.0657902 -3.65159 -0.0145564 0.999893 0.00150055 -2.48583 0.0658051 -0.000539475 0.997832 98.6136
0.997565 0.0164195 -0.0677768 -3.70663 -0.0164128 0.999865 0.000655335 -2.50328 0.0677784 0.000458669 0.9977 99.2263
0.99761 0.0190837 -0.0664127 -3.75432 -0.0190598 0.999818 0.000992548 -2.52101 0.0664196 0.00027564 0.997792 99.7926
0.997971 0.0224274 -0.05959 -3.81758 -0.022313 0.999748 0.00258456 -2.53675 0.0596329 -0.00124968 0.99822 100.355
0.998232 0.0254392 -0.0537175 -3.83454 -0.0252579 0.999673 0.00405171 -2.55253 0.053803 -0.00268776 0.998548 100.865
0.998515 0.0262693 -0.0477186 -3.85968 -0.0260048 0.999643 0.00615602 -2.56654 0.0478633 -0.00490597 0.998842 101.404
0.998923 0.0260308 -0.0383985 -3.88557 -0.0257226 0.999633 0.00849832 -2.57672 0.0386057 -0.00750146 0.999226 101.894
0.999343 0.025428 -0.0258197 -3.89598 -0.0251764 0.999633 0.0100231 -2.58941 0.026065 -0.00936643 0.999617 102.355
0.999644 0.0241334 -0.0113473 -3.88755 -0.0240208 0.999662 0.00996025 -2.59948 0.0115839 -0.00968413 0.999886 102.812
0.999714 0.0235244 0.00422148 -3.87852 -0.0235621 0.999681 0.00911579 -2.61043 -0.00400569 -0.00921266 0.99995 103.245
0.999536 0.0222439 0.0208182 -3.85066 -0.0223783 0.99973 0.00624462 -2.62399 -0.0206737 -0.0067076 0.999764 103.656
0.99892 0.0216855 0.0410894 -3.82691 -0.0217762 0.999761 0.00176055 -2.63377 -0.0410414 -0.00265342 0.999154 104.069
0.997693 0.0201109 0.0648454 -3.78435 -0.0199702 0.999797 -0.00281722 -2.64728 -0.0648888 0.00151575 0.997891 104.482
0.995656 0.0175872 0.0914274 -3.72806 -0.0171547 0.999838 -0.00551392 -2.65729 -0.0915096 0.00392156 0.995797 104.87
0.992557 0.0152757 0.120819 -3.65703 -0.0145424 0.99987 -0.00694896 -2.66842 -0.12091 0.00514024 0.99265 105.253
0.988274 0.0125716 0.152176 -3.57108 -0.0113757 0.999897 -0.00872718 -2.68067 -0.15227 0.00689375 0.988315 105.632
0.982325 0.0104411 0.186894 -3.47069 -0.00870568 0.999911 -0.0101041 -2.69418 -0.186983 0.0082985 0.982328 106.002
0.974407 0.00634247 0.224701 -3.35561 -0.00403203 0.999934 -0.0107397 -2.70814 -0.224754 0.00955885 0.974369 106.348
0.964448 0.00392141 0.264245 -3.22455 -0.000983212 0.999936 -0.0112506 -2.72379 -0.264272 0.0105908 0.96439 106.705
0.952326 0.00453774 0.30505 -3.0837 -0.000894099 0.999927 -0.0120831 -2.74102 -0.305082 0.0112343 0.95226 107.016
0.937095 0.00665954 0.349012 -2.93168 -0.00246379 0.999919 -0.0124643 -2.75006 -0.349067 0.0108204 0.937035 107.343
0.919188 0.00621826 0.39377 -2.75959 -0.00199542 0.999936 -0.0111326 -2.76426 -0.393814 0.00944724 0.919142 107.671
0.899095 0.00532018 0.437722 -2.57974 -0.000980628 0.999948 -0.0101394 -2.77147 -0.437753 0.00868702 0.899053 107.959
0.875719 0.00386551 0.482806 -2.36169 0.00137712 0.999944 -0.0105037 -2.78653 -0.48282 0.00986318 0.875664 108.263
0.850927 0.00367862 0.52527 -2.15896 0.00318807 0.999921 -0.0121674 -2.80104 -0.525274 0.0120281 0.850848 108.519
0.82334 0.005826 0.567518 -1.92662 0.00363553 0.999873 -0.0155388 -2.8182 -0.567537 0.0148569 0.823214 108.795
0.792548 0.00964664 0.609733 -1.70146 0.00271076 0.999809 -0.0193416 -2.83187 -0.609803 0.016982 0.792371 109.035
0.759322 0.0157747 0.650524 -1.44493 -0.00110564 0.999736 -0.0229523 -2.8464 -0.650714 0.016709 0.759139 109.289
0.723586 0.0207612 0.689922 -1.17933 -0.00373642 0.999651 -0.0261628 -2.85217 -0.690224 0.0163532 0.723411 109.504
0.684325 0.0209127 0.728878 -0.894602 -0.00182267 0.999635 -0.0269699 -2.86541 -0.729175 0.0171276 0.684113 109.719
0.643518 0.0175231 0.765231 -0.573887 0.00212167 0.999693 -0.0246763 -2.88677 -0.765428 0.0175032 0.643283 109.923
0.599937 0.0154982 0.799897 -0.261514 0.00390111 0.999744 -0.0222961 -2.89291 -0.800038 0.0164968 0.599723 110.098
0.553412 0.0135234 0.832798 0.0818232 0.00442647 0.999806 -0.0191768 -2.90821 -0.832896 0.014299 0.553245 110.288
0.505965 0.0113489 0.862479 0.416357 0.00570159 0.999848 -0.0165012 -2.9149 -0.862535 0.0132666 0.505823 110.43
0.455379 0.00621573 0.890276 0.795357 0.00833779 0.999902 -0.0112459 -2.94032 -0.890259 0.0125441 0.455283 110.57
0.404161 0.00659014 0.914664 1.15234 0.00627555 0.999931 -0.00997745 -2.94868 -0.914666 0.00977252 0.404092 110.694
0.353113 0.0109225 0.935517 1.51458 0.00308045 0.999913 -0.012837 -2.96255 -0.935576 0.00741474 0.353048 110.797
0.302383 0.0162582 0.953048 1.93375 0.00073746 0.99985 -0.0172906 -2.97539 -0.953186 0.00593122 0.302326 110.887
0.255891 0.0184826 0.966529 2.31351 0.00295882 0.999798 -0.0199022 -2.9847 -0.966701 0.00795258 0.255785 110.96
0.21387 0.0179903 0.976697 2.75323 0.00981488 0.99974 -0.020564 -3.00207 -0.976813 0.0139842 0.213638 111.022
0.178711 0.0174435 0.983747 3.16913 0.0180313 0.999617 -0.0210006 -3.01545 -0.983736 0.0214912 0.178328 111.049
0.147409 0.0181591 0.988909 3.61729 0.0214662 0.999537 -0.0215541 -3.0323 -0.988843 0.0244053 0.146951 111.104
0.119897 0.0164842 0.992649 4.07932 0.0198679 0.999622 -0.0189997 -3.04725 -0.992587 0.0219999 0.119524 111.135
0.0944771 0.0137148 0.995433 4.55719 0.0143262 0.999783 -0.0151344 -3.05551 -0.995424 0.0156907 0.0942601 111.18
0.0700027 0.0103407 0.997493 5.06929 0.00967877 0.999892 -0.0110448 -3.06489 -0.9975 0.0104277 0.0698951 111.217
0.0478319 0.00732861 0.998829 5.58098 0.013836 0.999872 -0.00799885 -3.08216 -0.99876 0.0142024 0.0477244 111.218
0.0271857 0.00761361 0.999601 6.11528 0.0205706 0.999755 -0.00817422 -3.10307 -0.999419 0.0207846 0.0270224 111.209
0.00900494 0.0093442 0.999916 6.67693 0.026793 0.999595 -0.00958249 -3.11872 -0.9996 0.026877 0.00875093 111.196
-0.00467141 0.0149346 0.999878 7.23975 0.0271392 0.999522 -0.0148025 -3.13032 -0.999621 0.0270667 -0.0050745 111.187
-0.0165476 0.0198233 0.999667 7.83837 0.0229232 0.999548 -0.0194415 -3.13787 -0.9996 0.0225939 -0.0169946 111.186
-0.0226068 0.0201522 0.999541 8.43773 0.0242134 0.999515 -0.0196041 -3.15156 -0.999451 0.0237591 -0.0230837 111.165
-0.025689 0.016505 0.999534 9.10111 0.0323815 0.999353 -0.0156698 -3.17216 -0.999145 0.0319639 -0.0262069 111.141
-0.0253507 0.0147736 0.999569 9.75243 0.0344048 0.999311 -0.0138972 -3.1911 -0.999086 0.0340376 -0.0258415 111.116
-0.0230374 0.0139762 0.999637 10.4369 0.0331822 0.999362 -0.0132076 -3.21291 -0.999184 0.0328659 -0.0234865 111.107
-0.0212717 0.0148974 0.999663 11.1286 0.0294305 0.999465 -0.0142682 -3.22845 -0.99934 0.0291171 -0.0216988 111.099
-0.0199744 0.0158855 0.999674 11.8348 0.0275926 0.999502 -0.0153315 -3.251 -0.99942 0.0272773 -0.0204027 111.091
-0.0197504 0.0164371 0.99967 12.5312 0.0275163 0.999495 -0.0158906 -3.2689 -0.999426 0.0271934 -0.0201927 111.088
-0.0193735 0.0158884 0.999686 13.267 0.0270048 0.999517 -0.0153624 -3.29279 -0.999448 0.0266987 -0.0197932 111.08
-0.0182709 0.0146372 0.999726 14.0277 0.0261272 0.999558 -0.0141573 -3.31263 -0.999492 0.0258614 -0.0186452 111.074
-0.0180074 0.0133696 0.999748 14.8029 0.0259315 0.999581 -0.0129002 -3.34013 -0.999502 0.0256927 -0.0183465 111.065
-0.0184263 0.0108433 0.999771 15.568 0.0263825 0.999598 -0.0103552 -3.3615 -0.999482 0.0261857 -0.018705 111.052
-0.0185546 0.00949795 0.999783 16.3613 0.0269766 0.999596 -0.00899552 -3.38269 -0.999464 0.0268038 -0.0188033 111.04
-0.0203772 0.00860876 0.999755 17.1404 0.0230561 0.999701 -0.00813836 -3.40495 -0.999526 0.0228846 -0.0205696 111.038
-0.0215484 0.00606242 0.999749 17.9517 0.0268519 0.999624 -0.0054829 -3.42447 -0.999407 0.026727 -0.0217031 111.02
-0.0224562 0.00385951 0.99974 18.7575 0.0270381 0.999629 -0.00325174 -3.44785 -0.999382 0.0269581 -0.0225522 110.997
-0.0238881 0.00362935 0.999708 19.5659 0.0270535 0.99963 -0.00298262 -3.46182 -0.999349 0.0269744 -0.0239774 110.984
-0.0245148 0.00771749 0.99967 20.3939 0.0226381 0.999718 -0.00716271 -3.48541 -0.999443 0.022455 -0.0246826 110.972
-0.0253756 0.0123469 0.999602 21.1774 0.0222434 0.999683 -0.0117832 -3.50608 -0.99943 0.0219355 -0.0256422 110.958
-0.0267694 0.0136662 0.999548 22.039 0.0243241 0.999619 -0.0130157 -3.53352 -0.999346 0.0239647 -0.0270916 110.938
-0.0283723 0.011757 0.999528 22.8872 0.0209815 0.999718 -0.0111637 -3.55682 -0.999377 0.0206548 -0.028611 110.924
-0.029138 0.00767544 0.999546 23.7301 0.0177267 0.999817 -0.00716077 -3.58432 -0.999418 0.01751 -0.0292687 110.911
-0.0294079 0.00233659 0.999565 24.5826 0.0167353 0.999858 -0.00184491 -3.60578 -0.999427 0.0166737 -0.0294429 110.888
-0.029413 -0.00272622 0.999564 25.4276 0.0135687 0.999903 0.00312642 -3.6229 -0.999475 0.0136547 -0.0293732 110.875
-0.0292666 -0.0045176 0.999561 26.2551 0.0106364 0.999932 0.0048307 -3.63876 -0.999515 0.0107731 -0.0292165 110.86
-0.0286101 0.00223201 0.999588 27.1126 0.0136619 0.999905 -0.00184169 -3.66738 -0.999497 0.0136035 -0.0286378 110.842
-0.0270841 0.0125132 0.999555 27.9137 0.0154527 0.999807 -0.0120977 -3.69629 -0.999514 0.0151181 -0.0272723 110.825
-0.0269157 0.0177991 0.999479 28.7652 0.0170916 0.999704 -0.0173428 -3.72362 -0.999492 0.0166159 -0.0272119 110.802
-0.0254109 0.0134145 0.999587 29.5885 0.0187983 0.99974 -0.0129387 -3.74184 -0.9995 0.0184618 -0.0256564 110.784
-0.0243716 0.00548481 0.999688 30.4252 0.0225967 0.999732 -0.00493416 -3.7695 -0.999448 0.0224694 -0.024489 110.767
-0.0242827 0.00190252 0.999703 31.2579 0.023411 0.999725 -0.00133391 -3.79686 -0.999431 0.0233716 -0.0243206 110.748
-0.0243451 0.00231792 0.999701 32.0777 0.0220732 0.999755 -0.0017805 -3.81758 -0.99946 0.0220232 -0.0243903 110.739
-0.0253925 0.00334268 0.999672 32.8983 0.0188452 0.999818 -0.00286448 -3.84277 -0.9995 0.0187663 -0.0254509 110.727
-0.0269397 0.00347168 0.999631 33.7132 0.017017 0.999851 -0.00301384 -3.86297 -0.999492 0.0169295 -0.0269947 110.714
-0.0297723 0.00341245 0.999551 34.5207 0.01699 0.999851 -0.00290742 -3.88565 -0.999412 0.0168958 -0.0298258 110.701
-0.0313177 0.00377358 0.999502 35.3298 0.0157818 0.99987 -0.00328047 -3.91152 -0.999385 0.0156712 -0.0313732 110.685
-0.0333481 0.00388108 0.999436 36.1235 0.0140063 0.999896 -0.00341552 -3.93254 -0.999346 0.0138845 -0.033399 110.665
-0.0357929 0.00266279 0.999356 36.9205 0.0119142 0.999927 -0.00223759 -3.95226 -0.999288 0.0118265 -0.035822 110.649
-0.0373737 0.00187547 0.9993 37.7064 0.0125979 0.99992 -0.00140547 -3.97785 -0.999222 0.0125366 -0.0373943 110.623
-0.0399014 0.00175444 0.999202 38.4917 0.0117734 0.99993 -0.00128557 -3.99963 -0.999134 0.0117127 -0.0399192 110.6
-0.0412265 0.00268719 0.999146 39.2731 0.0122243 0.999923 -0.00218488 -4.02091 -0.999075 0.0121238 -0.0412562 110.572
-0.0427664 0.00272825 0.999081 40.0555 0.0119849 0.999926 -0.00221754 -4.04002 -0.999013 0.011879 -0.0427959 110.548
-0.0436172 0.00173522 0.999047 40.8144 0.0132899 0.999911 -0.0011565 -4.06127 -0.99896 0.0132268 -0.0436363 110.515
-0.044902 0.000944842 0.998991 41.5845 0.0137787 0.999905 -0.000326388 -4.08297 -0.998896 0.0137501 -0.0449108 110.483
-0.0463975 0.000543745 0.998923 42.3407 0.0125128 0.999922 3.69014e-05 -4.10251 -0.998845 0.012501 -0.0464006 110.458
-0.0475114 -7.8526e-05 0.998871 43.1027 0.0111257 0.999938 0.000607805 -4.12413 -0.998809 0.011142 -0.0475076 110.427
-0.0486849 -0.00160521 0.998813 43.8447 0.0102459 0.999945 0.00210645 -4.13903 -0.998762 0.0103363 -0.0486658 110.401
-0.0487958 -0.00170376 0.998807 44.5713 0.0105429 0.999942 0.00222076 -4.15706 -0.998753 0.0106387 -0.048775 110.373
-0.0492084 0.00059715 0.998788 45.2466 0.0103613 0.999946 -8.73591e-05 -4.1785 -0.998735 0.0103445 -0.0492119 110.344
-0.0492887 0.00322865 0.998779 45.9492 0.00977536 0.999949 -0.00275003 -4.19935 -0.998737 0.00962789 -0.0493177 110.317
-0.0490747 0.0049907 0.998783 46.6364 0.00881094 0.999951 -0.00456361 -4.21912 -0.998756 0.00857625 -0.0491162 110.29
-0.0492653 0.00567885 0.99877 47.3471 0.00917141 0.999944 -0.00523314 -4.23967 -0.998744 0.00890232 -0.0493146 110.258
-0.049012 0.00549615 0.998783 48.0336 0.0111176 0.999926 -0.00495688 -4.25911 -0.998736 0.0108611 -0.0490695 110.229
-0.0497196 0.00495513 0.998751 48.7261 0.0113557 0.999926 -0.00439564 -4.28235 -0.998699 0.011123 -0.0497722 110.202
-0.0495885 0.00546424 0.998755 49.4332 0.00862644 0.99995 -0.00504247 -4.29731 -0.998732 0.00836565 -0.0496332 110.174
-0.0499577 0.00497669 0.998739 50.1052 0.00606551 0.999971 -0.00467942 -4.31619 -0.998733 0.00582409 -0.0499865 110.156
-0.0498632 0.00397837 0.998748 50.7774 0.00729307 0.999967 -0.00361912 -4.33775 -0.99873 0.00710348 -0.0498906 110.132
-0.0507148 0.00296181 0.998709 51.4176 0.00576827 0.99998 -0.00267267 -4.35255 -0.998697 0.00562528 -0.0507309 110.105
-0.0543352 0.00266257 0.998519 52.0949 0.00302946 0.999992 -0.00250165 -4.3746 -0.998518 0.00288904 -0.0543429 110.079
-0.0588964 0.00283349 0.99826 52.775 0.00228679 0.999994 -0.00270349 -4.38821 -0.998262 0.00212359 -0.0589025 110.045
-0.0649731 0.00605554 0.997869 53.4316 0.00114707 0.999981 -0.00599367 -4.41169 -0.997886 0.000755203 -0.0649789 110.004
-0.0716564 0.00872971 0.997391 54.088 0.00277353 0.99996 -0.00855293 -4.42522 -0.997425 0.00215343 -0.0716777 109.954
-0.0785558 0.00996608 0.99686 54.8026 0.00440624 0.999944 -0.00964968 -4.44588 -0.9969 0.00363436 -0.0785953 109.898
-0.0851423 0.00961207 0.996322 55.4587 0.00250475 0.999952 -0.00943304 -4.46802 -0.996366 0.00169239 -0.0851623 109.857
-0.0904271 0.00837125 0.995868 56.1286 0.000255604 0.999965 -0.00838248 -4.48649 -0.995903 -0.000503455 -0.0904261 109.799
-0.0952931 0.00824693 0.995415 56.7964 -0.00183339 0.999963 -0.00846012 -4.5083 -0.995448 -0.00263118 -0.0952744 109.744
-0.0992064 0.00808713 0.995034 57.5003 -0.00386924 0.999956 -0.0085129 -4.52635 -0.995059 -0.00469455 -0.0991707 109.681
-0.102047 0.00507447 0.994767 58.1913 -0.00274341 0.999982 -0.0053825 -4.54058 -0.994776 -0.00327832 -0.102031 109.621
-0.103675 0.00194829 0.994609 58.9238 -0.000498575 0.999998 -0.00201082 -4.55971 -0.994611 -0.000704359 -0.103674 109.548
-0.105498 -0.000114425 0.99442 59.6198 0.000815056 1 0.000201537 -4.57701 -0.994419 0.00083177 -0.105498 109.479
-0.106466 -0.000800929 0.994316 60.3564 -0.0012747 0.999999 0.00066902 -4.5883 -0.994316 -0.00119623 -0.106467 109.404
-0.106924 0.0023781 0.994264 61.0749 7.35033e-05 0.999997 -0.00238391 -4.60561 -0.994267 -0.000181814 -0.106924 109.335
-0.107428 0.00648726 0.994192 61.7942 0.00557072 0.999967 -0.005923 -4.62168 -0.994197 0.00490207 -0.107461 109.256
-0.107869 0.0104597 0.99411 62.5598 0.0117998 0.999888 -0.00924009 -4.64693 -0.994095 0.0107336 -0.10798 109.168
-0.10917 0.0118335 0.993953 63.281 0.013374 0.999856 -0.0104348 -4.66637 -0.993933 0.0121539 -0.109312 109.094
-0.108955 0.00953902 0.994001 64.0239 0.00971622 0.999916 -0.00853077 -4.68092 -0.993999 0.00872847 -0.109039 109.017
-0.108369 0.00588769 0.994093 64.7752 0.0108985 0.999929 -0.00473418 -4.69522 -0.994051 0.010321 -0.108426 108.942
-0.109123 0.00343466 0.994022 65.4906 0.0164985 0.999863 -0.00164365 -4.72308 -0.993891 0.0162205 -0.109165 108.863
-0.109917 0.00391733 0.993933 66.2678 0.0177564 0.99984 -0.00197697 -4.74209 -0.993782 0.0174314 -0.109969 108.776
-0.111546 0.00415392 0.993751 66.9826 0.016089 0.999868 -0.00237353 -4.763 -0.993629 0.0157237 -0.111598 108.703
-0.113726 0.0047175 0.993501 67.798 0.0156021 0.999874 -0.00296179 -4.78577 -0.99339 0.0151638 -0.113786 108.616
-0.116013 0.00501628 0.993235 68.4846 0.016133 0.999865 -0.00316539 -4.80234 -0.993117 0.0156566 -0.116078 108.541
-0.117941 0.00500168 0.993008 69.2495 0.0165836 0.999858 -0.00306652 -4.82312 -0.992882 0.016106 -0.118007 108.457
-0.119793 0.00458649 0.992788 69.9765 0.0146903 0.999888 -0.00284671 -4.83964 -0.99269 0.0142434 -0.119847 108.383
-0.121675 0.00511734 0.992557 70.7801 0.0134422 0.999904 -0.00350737 -4.85744 -0.992479 0.0129154 -0.121732 108.289
-0.122285 0.00621833 0.992476 71.4906 0.0120845 0.999916 -0.00477599 -4.88355 -0.992422 0.0114096 -0.122349 108.21
-0.123395 0.00668997 0.992335 72.2456 0.0112457 0.999923 -0.00534274 -4.89389 -0.992294 0.0105003 -0.123461 108.123
-0.124856 0.00609821 0.992156 73.0331 0.0104436 0.999934 -0.00483176 -4.91405 -0.99212 0.00975842 -0.124911 108.032
-0.125668 0.00484479 0.99206 73.7916 0.0109582 0.999934 -0.00349512 -4.93389 -0.992012 0.010432 -0.125713 107.944
-0.12688 0.00277161 0.991914 74.5883 0.00839374 0.999963 -0.00172043 -4.95195 -0.991883 0.00810758 -0.126898 107.848
-0.128331 0.0011323 0.991731 75.3696 0.00597014 0.999982 -0.000369174 -4.96626 -0.991713 0.0058734 -0.128336 107.76
-0.130854 0.000120799 0.991402 76.137 0.00544122 0.999985 0.000596336 -4.9835 -0.991387 0.00547247 -0.130852 107.66
-0.132561 4.44924e-05 0.991175 76.9357 0.00495184 0.999988 0.000617379 -5.00086 -0.991163 0.00498998 -0.13256 107.562
-0.134877 0.00171085 0.990861 77.7123 0.00576837 0.999983 -0.000941405 -5.01622 -0.990846 0.00558868 -0.134884 107.463
-0.135794 0.00533367 0.990723 78.5221 0.00697536 0.999966 -0.00442735 -5.03485 -0.990713 0.00630944 -0.135826 107.354
-0.136629 0.00847744 0.990586 79.2984 0.00741101 0.999944 -0.00753535 -5.05425 -0.990595 0.0063117 -0.136684 107.249
-0.137012 0.0121539 0.990495 80.1256 0.00904243 0.999898 -0.0110185 -5.08072 -0.990528 0.00744682 -0.137108 107.135
-0.136833 0.0135543 0.990501 80.9418 0.0116046 0.99986 -0.0120793 -5.10528 -0.990526 0.00984148 -0.136971 107.023
-0.136681 0.0127821 0.990533 81.7585 0.0143136 0.999838 -0.0109271 -5.13184 -0.990512 0.0126846 -0.136842 106.913
-0.136298 0.0115562 0.9906 82.5942 0.0158762 0.999829 -0.00947948 -5.15473 -0.990541 0.0144349 -0.136458 106.8
-0.135646 0.00955043 0.990711 83.431 0.0158023 0.999847 -0.00747488 -5.17995 -0.990631 0.0146416 -0.135777 106.692
-0.133842 0.00735451 0.990975 84.264 0.015402 0.999867 -0.00534029 -5.20115 -0.990883 0.0145483 -0.133937 106.584
-0.132361 0.00443944 0.991192 85.1108 0.0166073 0.99986 -0.00226056 -5.22108 -0.991062 0.0161618 -0.132417 106.475
-0.130226 0.00097517 0.991484 85.9638 0.0164316 0.999864 0.00117478 -5.24168 -0.991348 0.0164446 -0.130224 106.365
-0.128809 0.00107151 0.991669 86.8124 0.0153856 0.999881 0.00091807 -5.26196 -0.99155 0.0153757 -0.12881 106.264
-0.127407 0.00502058 0.991838 87.6695 0.0171268 0.999849 -0.00286109 -5.28417 -0.991703 0.0166225 -0.127474 106.161
-0.125362 0.0109259 0.992051 88.528 0.0171687 0.999814 -0.0088418 -5.30716 -0.991963 0.0159238 -0.125526 106.053
-0.124723 0.0139136 0.992094 89.3733 0.0148154 0.999816 -0.0121593 -5.33323 -0.992081 0.0131817 -0.124906 105.965
-0.122792 0.0123737 0.992355 90.2526 0.0131802 0.999854 -0.0108363 -5.35114 -0.992345 0.0117488 -0.122937 105.866
-0.121838 0.00954325 0.992504 91.0976 0.0145256 0.999864 -0.00783089 -5.38142 -0.992444 0.0134626 -0.12196 105.768
-0.12115 0.00795134 0.992602 91.9585 0.0144663 0.999876 -0.00624395 -5.40385 -0.992529 0.0136028 -0.12125 105.669
-0.120352 0.00723981 0.992705 92.832 0.0149325 0.999874 -0.00548173 -5.43337 -0.992619 0.0141638 -0.120445 105.575
-0.120136 0.00702768 0.992733 93.6779 0.0160766 0.999858 -0.0051326 -5.46068 -0.992627 0.0153431 -0.120232 105.484
-0.119562 0.00593199 0.992809 94.56 0.0161498 0.999861 -0.00402924 -5.47975 -0.992695 0.0155519 -0.119641 105.376
-0.118113 0.00525761 0.992986 95.3922 0.0209829 0.999776 -0.0027977 -5.50396 -0.992778 0.0205053 -0.118197 105.281
-0.117631 0.00585682 0.99304 96.2348 0.0199301 0.999795 -0.00353584 -5.52654 -0.992857 0.0193755 -0.117723 105.182
-0.11681 0.00867182 0.993116 97.1079 0.02246 0.999729 -0.00608782 -5.55501 -0.9929 0.0215943 -0.116973 105.095
-0.115738 0.00871635 0.993242 97.9573 0.0176015 0.999823 -0.00672307 -5.57885 -0.993124 0.0167044 -0.115871 104.999
-0.115218 0.00593233 0.993322 98.8052 0.0153228 0.999874 -0.00419411 -5.60089 -0.993222 0.0147373 -0.115295 104.922
-0.11573 0.00362317 0.993274 99.6465 0.0112605 0.999934 -0.00233545 -5.62626 -0.993217 0.0109145 -0.115763 104.84
-0.116286 0.00405842 0.993208 100.489 0.00808927 0.999962 -0.00313892 -5.64825 -0.993183 0.00766931 -0.116314 104.746
-0.117808 0.00787408 0.993005 101.322 0.00320782 0.999966 -0.00754871 -5.68054 -0.993031 0.00229609 -0.117829 104.669
-0.119179 0.0101406 0.992821 102.148 0.00189538 0.999948 -0.00998592 -5.69947 -0.992871 0.000691663 -0.119192 104.579
-0.119009 0.010949 0.992833 102.984 0.00322914 0.999938 -0.0106403 -5.73099 -0.992888 0.00193971 -0.119037 104.493
-0.119937 0.0101773 0.992729 103.785 0.00329099 0.999946 -0.00985366 -5.75483 -0.992776 0.00208525 -0.119964 104.388
-0.119976 0.011268 0.992713 104.619 0.00395963 0.999933 -0.0108714 -5.78523 -0.992769 0.00262647 -0.120013 104.299
-0.120591 0.0136996 0.992608 105.416 0.00545915 0.999899 -0.013137 -5.82195 -0.992687 0.00383459 -0.120654 104.209
-0.120843 0.015026 0.992558 106.234 0.0049964 0.999882 -0.0145285 -5.85106 -0.992659 0.00320354 -0.120904 104.108
-0.122324 0.0151177 0.992375 107.037 0.00346684 0.999884 -0.0148047 -5.88176 -0.992484 0.00162943 -0.122363 104.016
-0.124364 0.014191 0.992135 107.835 0.00166524 0.999899 -0.0140933 -5.91129 -0.992235 -0.000100552 -0.124375 103.928
-0.126941 0.0155933 0.991788 108.634 0.0015305 0.999878 -0.0155246 -5.94627 -0.991909 -0.000452779 -0.126949 103.834
-0.131033 0.0177627 0.991219 109.409 0.00136877 0.999842 -0.0177363 -5.98081 -0.991377 -0.000967299 -0.131037 103.733
-0.13349 0.0190998 0.990866 110.198 0.000304636 0.999815 -0.0192312 -6.01294 -0.99105 -0.00226533 -0.133472 103.637
-0.137149 0.0189533 0.990369 110.969 0.000135268 0.999817 -0.0191153 -6.04409 -0.990551 -0.00248767 -0.137126 103.533
-0.139907 0.0182781 0.989996 111.748 0.00163763 0.999833 -0.0182283 -6.07805 -0.990163 -0.000929007 -0.139913 103.423
-0.142896 0.0188792 0.989558 112.519 0.00262392 0.999822 -0.0186961 -6.11227 -0.989734 -7.50722e-05 -0.14292 103.316
-0.144147 0.0234225 0.989279 113.292 -0.00106238 0.999716 -0.0238244 -6.14601 -0.989556 -0.00448519 -0.144081 103.217
-0.14614 0.0295464 0.988823 114.051 -0.00442988 0.999524 -0.0305209 -6.18766 -0.989254 -0.0088407 -0.14594 103.115
-0.149469 0.0324117 0.988235 114.806 -0.000216519 0.999461 -0.0328127 -6.2249 -0.988766 -0.00511844 -0.149381 102.999
-0.151695 0.0298669 0.987976 115.568 0.00127219 0.999548 -0.0300214 -6.26125 -0.988427 -0.00329719 -0.151664 102.885
-0.155591 0.0244038 0.98752 116.344 0.0013994 0.999699 -0.0244843 -6.29937 -0.987821 -0.00242761 -0.155579 102.774
-0.156978 0.0218313 0.987361 117.103 5.8602e-05 0.999756 -0.0220961 -6.3365 -0.987602 -0.00341074 -0.156941 102.654
-0.159808 0.0236063 0.986866 117.852 -0.000553602 0.999712 -0.0240032 -6.37439 -0.987148 -0.00438224 -0.159749 102.543
-0.161897 0.0261746 0.986461 118.604 -0.00452296 0.999618 -0.027266 -6.41002 -0.986797 -0.00887601 -0.161717 102.425
-0.164408 0.0297175 0.985945 119.345 -0.00438136 0.999514 -0.0308571 -6.44463 -0.986383 -0.00939294 -0.164198 102.311
-0.166952 0.0338247 0.985385 120.089 -0.000922236 0.999406 -0.0344622 -6.49101 -0.985965 -0.00666227 -0.166821 102.18
-0.16803 0.0375206 0.985067 120.821 -0.000243383 0.999274 -0.0381032 -6.53242 -0.985782 -0.00664225 -0.167899 102.056
-0.17159 0.039353 0.984382 121.567 -0.0022744 0.999183 -0.0403412 -6.57167 -0.985166 -0.00916103 -0.171361 101.938
-0.17393 0.0377691 0.984033 122.3 -0.000729338 0.999259 -0.0384824 -6.60982 -0.984758 -0.00741093 -0.173773 101.816
-0.178035 0.0348225 0.983408 123.038 0.00466387 0.999392 -0.0345441 -6.65992 -0.984013 -0.00156357 -0.178089 101.674
-0.182982 0.0321169 0.982592 123.75 0.00526417 0.999484 -0.0316887 -6.70067 -0.983102 -0.000625929 -0.183056 101.538
-0.189422 0.0315115 0.98139 124.477 0.00525484 0.999503 -0.0310788 -6.73789 -0.981882 -0.000729945 -0.189493 101.399
-0.198416 0.0315274 0.979611 125.199 0.0045791 0.999501 -0.0312401 -6.7813 -0.980107 -0.00171281 -0.198462 101.261
-0.20868 0.0318546 0.977465 125.914 0.00304798 0.999486 -0.0319215 -6.81748 -0.977979 -0.00368209 -0.20867 101.113
-0.220533 0.0326132 0.974834 126.623 0.00383338 0.999462 -0.0325699 -6.86099 -0.975372 -0.00344585 -0.22054 100.953
-0.2324 0.0331716 0.972055 127.338 0.00507775 0.999446 -0.0328923 -6.90042 -0.972607 -0.00270831 -0.232439 100.786
-0.244388 0.0333392 0.969104 128.033 0.00744375 0.999444 -0.0325058 -6.93671 -0.969649 -0.000730257 -0.244501 100.602
-0.255249 0.033305 0.966301 128.738 0.0105777 0.999443 -0.0316532 -6.97917 -0.966817 0.00214175 -0.255459 100.411
-0.265811 0.033397 0.963447 129.438 0.0146795 0.999424 -0.0305941 -7.01699 -0.963914 0.00601067 -0.266148 100.214
-0.274883 0.0338187 0.960883 130.125 0.0194937 0.999372 -0.0295967 -7.05512 -0.96128 0.0105955 -0.275369 100.004
-0.282549 0.0343367 0.958638 130.815 0.0253987 0.999277 -0.0283063 -7.09114 -0.958917 0.0163502 -0.283217 99.7969
-0.288743 0.0340586 0.956801 131.487 0.0254939 0.999286 -0.0278774 -7.13196 -0.957067 0.0163432 -0.289405 99.5889
-0.293651 0.0316769 0.955388 132.176 0.0274137 0.999319 -0.0247075 -7.16271 -0.955519 0.0189353 -0.29432 99.374
-0.296452 0.0301939 0.95457 132.85 0.0352656 0.999165 -0.0206524 -7.19413 -0.954397 0.027541 -0.297269 99.159
-0.29689 0.0277849 0.954508 133.52 0.0406514 0.999038 -0.0164369 -7.22349 -0.954046 0.0339222 -0.297734 98.9432
-0.297861 0.0282669 0.954191 134.196 0.0449255 0.998869 -0.0155665 -7.25188 -0.953552 0.0382308 -0.298794 98.7282
-0.298165 0.0317136 0.953987 134.853 0.0458248 0.998771 -0.01888 -7.28691 -0.953414 0.0380869 -0.299252 98.5181
-0.297277 0.0341287 0.954181 135.506 0.0443665 0.998775 -0.0219012 -7.31062 -0.95376 0.035823 -0.298428 98.3169
-0.295798 0.0345768 0.954624 136.175 0.0460507 0.998699 -0.021904 -7.34165 -0.95414 0.037482 -0.297006 98.1183
-0.294176 0.0329163 0.955184 136.82 0.0470151 0.998695 -0.0199361 -7.36758 -0.954594 0.0390434 -0.295339 97.9167
-0.292917 0.0315994 0.955616 137.466 0.0510744 0.998544 -0.0173634 -7.39933 -0.954773 0.0437215 -0.294104 97.7194
-0.290923 0.0310065 0.956244 138.111 0.0501997 0.998593 -0.0171072 -7.42747 -0.955429 0.0430263 -0.29207 97.5246
-0.288404 0.0332813 0.95693 138.749 0.0513943 0.998493 -0.0192373 -7.45806 -0.956129 0.0436327 -0.28968 97.3338
-0.284606 0.0341446 0.958036 139.368 0.052245 0.998433 -0.0200638 -7.48603 -0.95722 0.0443424 -0.285943 97.1461
-0.278969 0.0341517 0.959693 140.014 0.0550939 0.998291 -0.0195103 -7.5144 -0.958718 0.0474305 -0.280374 96.9605
-0.27417 0.0325666 0.96113 140.636 0.0554959 0.998297 -0.0179953 -7.54213 -0.960079 0.048405 -0.27551 96.7909
-0.269062 0.0305892 0.962637 141.244 0.0556572 0.998319 -0.0161666 -7.56981 -0.961513 0.0492278 -0.270312 96.613
-0.264515 0.0291711 0.96394 141.877 0.0553934 0.998352 -0.015012 -7.6003 -0.962789 0.049425 -0.265695 96.4471
-0.260634 0.0280613 0.96503 142.492 0.0565658 0.998304 -0.0137517 -7.62484 -0.963779 0.0510035 -0.261779 96.2826
-0.257131 0.0266779 0.966008 143.091 0.0595297 0.998158 -0.0117202 -7.64447 -0.964541 0.0544925 -0.258246 96.1202
-0.253169 0.0248615 0.967103 143.696 0.0615412 0.998059 -0.00954698 -7.67196 -0.965463 0.0570997 -0.254207 95.9599
-0.249688 0.0234943 0.968041 144.304 0.0602733 0.998144 -0.00867855 -7.69506 -0.966449 0.0561801 -0.250641 95.8081
-0.24586 0.0241193 0.969005 144.909 0.0576667 0.998284 -0.0102166 -7.71628 -0.967588 0.0533675 -0.246829 95.6606
-0.24152 0.0277033 0.97 145.494 0.058994 0.998163 -0.0138187 -7.73952 -0.968601 0.0538867 -0.242711 95.523
-0.235698 0.0305934 0.971345 146.082 0.0608404 0.998008 -0.0166702 -7.76249 -0.96992 0.0551679 -0.23709 95.3844
-0.229213 0.0313401 0.972872 146.662 0.0596115 0.998057 -0.0181068 -7.77891 -0.971549 0.053844 -0.230636 95.2434
