1 -4.1311e-11 -1.95776e-11 0 -4.12612e-11 1 -1.70424e-11 0 -1.42043e-10 -1.70424e-11 1 -2.98023e-08
1 -0.000537326 -0.000509397 -0.00789298 0.000538322 0.999998 0.00195439 -0.0379508 0.000508346 -0.00195466 0.999998 1.29771
0.999997 -0.00218995 -0.000348748 -0.0227106 0.00219081 0.999995 0.00246534 -0.0659471 0.000343348 -0.00246609 0.999997 2.60039
0.999995 -0.00297072 -0.00106213 -0.0351474 0.0029729 0.999994 0.0020636 -0.0966173 0.001056 -0.00206674 0.999997 3.93796
0.999994 -0.00345314 -0.000389789 -0.0400217 0.00345399 0.999992 0.00221832 -0.122584 0.000382125 -0.00221965 0.999997 5.23346
0.999991 -0.00414152 -0.000644538 -0.0521903 0.00414334 0.999987 0.00285561 -0.144652 0.000632703 -0.00285826 0.999996 6.57707
0.999987 -0.00513185 -0.000428614 -0.0549092 0.00513371 0.999977 0.00446867 -0.172565 0.000405672 -0.00447081 0.99999 7.89134
0.999985 -0.00540215 -0.000124714 -0.0636558 0.00540269 0.999974 0.00484266 -0.19441 9.85496e-05 -0.00484326 0.999988 9.21461
0.99999 -0.00427352 -0.00103219 -0.0774451 0.00427703 0.999985 0.00342143 -0.221163 0.00101755 -0.00342582 0.999994 10.5565
0.999999 -0.00140345 -0.000981488 -0.09195 0.00140479 0.999998 0.00136776 -0.243014 0.000979566 -0.00136913 0.999999 11.8698
0.999997 0.00198627 -0.00130769 -0.116691 -0.0019858 0.999998 0.000362784 -0.274952 0.00130841 -0.000360186 0.999999 13.2283
0.999989 0.00441341 -0.00130321 -0.131042 -0.00441287 0.99999 0.000418035 -0.300428 0.00130505 -0.00041228 0.999999 14.5481
0.999987 0.00509283 -0.000430019 -0.146675 -0.0050923 0.999986 0.00123983 -0.3265 0.000436327 -0.00123762 0.999999 15.905
0.999996 0.00277703 -0.000788774 -0.152177 -0.00277389 0.999988 0.00396212 -0.353532 0.000799768 -0.00395991 0.999992 17.259
0.999999 -0.00146024 -0.000301868 -0.155996 0.00146202 0.999981 0.00600116 -0.378212 0.000293099 -0.00600159 0.999982 18.5927
0.999993 -0.00373636 -0.000541727 -0.157937 0.00373869 0.999984 0.00437181 -0.404881 0.000525383 -0.0043738 0.99999 19.9715
0.999989 -0.00474889 -0.000530037 -0.170046 0.0047499 0.999987 0.00193444 -0.425596 0.000520844 -0.00193694 0.999998 21.2937
0.999998 -0.00214661 -3.56151e-05 -0.159492 0.00214664 0.999997 0.000903796 -0.463778 3.36747e-05 -0.00090387 1 22.6733
1 -5.35829e-05 0.00055341 -0.162821 5.24082e-05 0.999998 0.0021205 -0.478144 -0.000553523 -0.00212047 0.999998 24.0508
0.999998 0.00020074 0.00176725 -0.175861 -0.000211422 0.999982 0.00604661 -0.499894 -0.00176601 -0.00604697 0.99998 25.4161
0.999997 -0.00200141 0.00157757 -0.173271 0.00198972 0.999971 0.0073762 -0.519288 -0.00159228 -0.00737304 0.999972 26.8035
0.999983 -0.00559872 0.0018994 -0.185618 0.00558556 0.999961 0.00686403 -0.546947 -0.00193775 -0.0068533 0.999975 28.1541
0.999979 -0.00626274 0.00148943 -0.18293 0.00625687 0.999973 0.00391913 -0.561688 -0.00151394 -0.00390973 0.999991 29.5342
0.999979 -0.00598983 0.00255644 -0.198945 0.00598408 0.99998 0.00225224 -0.595069 -0.00256988 -0.00223689 0.999994 30.9229
0.999991 -0.0033263 0.00245067 -0.209435 0.00332467 0.999994 0.000670228 -0.615619 -0.00245289 -0.000662075 0.999997 32.292
0.999993 -0.00123898 0.00350204 -0.212091 0.0012417 0.999999 -0.00077404 -0.650551 -0.00350108 0.000778383 0.999994 33.6649
0.999995 -0.000326245 0.00325593 -0.20767 0.00032872 1 -0.000759478 -0.677811 -0.00325568 0.000760545 0.999994 35.0639
0.999993 -0.00163908 0.00345657 -0.21504 0.00163547 0.999998 0.00104882 -0.707236 -0.00345828 -0.00104316 0.999994 36.4416
0.999997 0.000358831 0.00232395 -0.201759 -0.00036431 0.999997 0.00235748 -0.736596 -0.0023231 -0.00235832 0.999995 37.8572
0.999993 0.00263765 0.00279151 -0.216714 -0.00264544 0.999993 0.00279023 -0.761794 -0.00278413 -0.00279759 0.999992 39.2322
0.999981 0.00519908 0.00317427 -0.234317 -0.00520721 0.999983 0.00255782 -0.78923 -0.00316092 -0.0025743 0.999992 40.6416
0.999967 0.00734935 0.00341407 -0.232023 -0.00735927 0.999969 0.00290413 -0.815879 -0.00339263 -0.00292916 0.99999 42.0524
0.999959 0.00882464 0.00209291 -0.220037 -0.00883094 0.999957 0.00301916 -0.842636 -0.00206617 -0.00303751 0.999993 43.4576
0.999969 0.00748483 0.00263088 -0.248727 -0.00749259 0.999968 0.00295124 -0.869257 -0.0026087 -0.00297086 0.999992 44.8594
0.999976 0.00671871 0.00173537 -0.245917 -0.00672325 0.999974 0.00262448 -0.895641 -0.00171769 -0.00263609 0.999995 46.2598
0.999979 0.0064186 0.00125727 -0.254283 -0.00642217 0.999975 0.00285574 -0.92399 -0.00123891 -0.00286376 0.999995 47.6835
0.999979 0.00641915 -0.000515179 -0.240584 -0.00641712 0.999972 0.00384419 -0.948116 0.00053984 -0.0038408 0.999993 49.0956
0.999972 0.00736007 -0.000933831 -0.264845 -0.00735626 0.999965 0.00402391 -0.974507 0.000963415 -0.00401693 0.999991 50.5083
0.999965 0.00804939 -0.00218023 -0.269228 -0.00804013 0.999959 0.00422456 -1.00265 0.00221415 -0.00420688 0.999989 51.9462
0.999967 0.00742116 -0.00346889 -0.276555 -0.00740255 0.999958 0.00534803 -1.02414 0.00350843 -0.00532217 0.99998 53.3566
0.999974 0.00608205 -0.00393365 -0.298494 -0.00605731 0.999962 0.00626994 -1.0485 0.00397163 -0.00624595 0.999973 54.8032
0.99998 0.00446745 -0.00458056 -0.303953 -0.0044379 0.999969 0.00644155 -1.07334 0.0046092 -0.00642109 0.999969 56.2111
0.999983 0.0025206 -0.00519303 -0.312521 -0.00248959 0.999979 0.00596899 -1.09996 0.00520797 -0.00595596 0.999969 57.6319
0.999988 0.00113747 -0.00487527 -0.325993 -0.00110701 0.99998 0.00624751 -1.12284 0.00488228 -0.00624203 0.999969 59.0843
0.999991 0.000301532 -0.00432095 -0.345344 -0.000270938 0.999975 0.00707933 -1.14643 0.00432298 -0.0070781 0.999966 60.4907
0.999992 -0.00160578 -0.0037193 -0.355171 0.00163421 0.999969 0.00765397 -1.17038 0.0037069 -0.00765998 0.999964 61.9196
0.999988 -0.00357638 -0.00335533 -0.363713 0.00360125 0.999966 0.00743343 -1.1936 0.00332864 -0.00744542 0.999967 63.3599
0.999985 -0.00457979 -0.00314512 -0.370678 0.00460042 0.999968 0.00658328 -1.22089 0.00311487 -0.00659765 0.999973 64.8174
0.999988 -0.00438178 -0.00230124 -0.381331 0.00439648 0.99997 0.00642148 -1.24763 0.00227303 -0.00643152 0.999977 66.2196
0.999997 -0.00223584 -0.0014316 -0.396697 0.002245 0.999977 0.00643371 -1.27295 0.00141718 -0.0064369 0.999978 67.6239
1 0.000493898 -0.000792416 -0.406277 -0.000487841 0.999971 0.00762515 -1.29826 0.000796159 -0.00762476 0.999971 69.0339
0.999992 0.00398302 -0.000548421 -0.419079 -0.00397794 0.999952 0.00895832 -1.3217 0.000584075 -0.00895607 0.99996 70.4564
0.99997 0.00778329 0.000242136 -0.430583 -0.00778525 0.999924 0.00956084 -1.34605 -0.000167703 -0.00956244 0.999954 71.9283
0.999921 0.0124351 0.00162308 -0.457271 -0.0124496 0.99988 0.00924991 -1.3647 -0.00150786 -0.00926939 0.999956 73.2408
0.999877 0.0155383 0.00202176 -0.457576 -0.0155549 0.999843 0.008453 -1.38963 -0.0018901 -0.00848341 0.999962 74.6627
0.999849 0.017138 0.00284828 -0.471427 -0.0171619 0.999816 0.0086102 -1.40952 -0.0027002 -0.00865779 0.999959 76.0826
0.999842 0.017455 0.00336511 -0.482688 -0.0174842 0.999808 0.00887145 -1.43341 -0.00320962 -0.00892889 0.999955 77.4615
0.999868 0.0159539 0.0030618 -0.479606 -0.0159806 0.999832 0.00893473 -1.45608 -0.00291874 -0.00898248 0.999955 78.8692
0.999881 0.0151346 0.00305798 -0.485287 -0.0151586 0.999853 0.00799152 -1.47782 -0.00293658 -0.00803692 0.999964 80.211
0.999894 0.0143967 0.0023657 -0.485758 -0.0144154 0.999864 0.00806102 -1.50114 -0.00224932 -0.00809427 0.999965 81.6005
0.999898 0.0141258 0.00228977 -0.489996 -0.0141446 0.999865 0.00841455 -1.52379 -0.0021706 -0.00844608 0.999962 82.9959
0.999895 0.0143629 0.00191315 -0.498148 -0.0143775 0.999866 0.00785578 -1.54932 -0.00180006 -0.00788246 0.999967 84.3607
0.999895 0.0144268 0.00106258 -0.500985 -0.0144351 0.999862 0.00822362 -1.56994 -0.000943788 -0.00823809 0.999966 85.7534
0.999909 0.0134726 0.000200519 -0.513411 -0.0134739 0.999868 0.00903609 -1.59208 -7.87531e-05 -0.00903798 0.999959 87.1818
0.999933 0.011593 -0.000534738 -0.519491 -0.011587 0.999882 0.0101362 -1.61495 0.000652183 -0.0101293 0.999949 88.5378
0.999952 0.00956286 -0.00210645 -0.527358 -0.00953946 0.999896 0.0108535 -1.63468 0.00221003 -0.0108328 0.999939 89.9464
0.999967 0.00768898 -0.00274321 -0.53606 -0.00765882 0.999912 0.0108413 -1.65593 0.00282633 -0.0108199 0.999938 91.3527
0.999974 0.0064302 -0.00330698 -0.546633 -0.00639545 0.999925 0.0104152 -1.67641 0.0033737 -0.0103938 0.99994 92.7282
0.99998 0.0054443 -0.00332295 -0.557464 -0.00541016 0.999933 0.0101984 -1.69752 0.00337825 -0.0101802 0.999943 94.0631
0.999977 0.00585588 -0.00343885 -0.567291 -0.00582288 0.999938 0.00952859 -1.71865 0.00349443 -0.00950834 0.999949 95.5264
0.999979 0.00550979 -0.00354267 -0.57714 -0.00547774 0.999945 0.00899203 -1.74051 0.00359202 -0.00897243 0.999953 96.9205
0.999974 0.00643594 -0.0033919 -0.58834 -0.00640707 0.999944 0.00845408 -1.7648 0.00344612 -0.00843213 0.999959 98.2908
0.999962 0.00824042 -0.00286324 -0.603578 -0.00821586 0.99993 0.00848651 -1.78447 0.00293297 -0.00846266 0.99996 99.6049
0.999959 0.00865823 -0.00269654 -0.615107 -0.00863051 0.999911 0.010128 -1.80668 0.00278399 -0.0101043 0.999945 100.989
0.999954 0.00924776 -0.00259598 -0.630114 -0.00921683 0.999889 0.0116874 -1.82418 0.00270378 -0.011663 0.999928 102.32
0.999955 0.0091638 -0.00237072 -0.638883 -0.00913858 0.999904 0.0104394 -1.84829 0.00246615 -0.0104173 0.999943 103.652
0.999947 0.00999539 -0.00233948 -0.651367 -0.00997688 0.99992 0.00779458 -1.86957 0.00241721 -0.00777083 0.999967 104.98
0.99995 0.00957651 -0.00275783 -0.659536 -0.00955796 0.999932 0.00665989 -1.88911 0.00282142 -0.0066332 0.999974 106.333
0.999973 0.007001 -0.00228369 -0.676075 -0.00698283 0.999945 0.00787257 -1.9139 0.00233868 -0.00785641 0.999966 107.738
0.999989 0.00444073 -0.00172778 -0.675909 -0.00442306 0.999939 0.010103 -1.93033 0.00177254 -0.0100952 0.999947 109
0.999997 0.00232843 -0.000929069 -0.685044 -0.00231814 0.999938 0.0109311 -1.95163 0.000954463 -0.0109289 0.99994 110.308
0.999998 0.00193731 -0.000189471 -0.688561 -0.00193538 0.999951 0.00968599 -1.97236 0.000208226 -0.00968561 0.999953 111.629
0.999993 0.00373123 0.000497227 -0.694288 -0.00373464 0.999968 0.00704079 -1.99222 -0.00047094 -0.0070426 0.999975 112.993
0.999977 0.00660152 0.00151159 -0.698725 -0.00660896 0.999966 0.00497374 -2.01989 -0.0014787 -0.00498362 0.999987 114.452
0.999949 0.00960112 0.00313258 -0.709724 -0.00961674 0.999941 0.00501196 -2.03786 -0.00308428 -0.00504183 0.999983 115.836
0.999931 0.0108279 0.00458952 -0.715048 -0.0108607 0.999915 0.00719401 -2.06039 -0.00451124 -0.00724336 0.999964 117.15
0.999928 0.0106262 0.00563481 -0.713758 -0.0106796 0.999898 0.00952682 -2.07944 -0.005533 -0.0095863 0.999939 118.455
0.99993 0.00989578 0.00644365 -0.71494 -0.00996098 0.999899 0.0101648 -2.09958 -0.00634241 -0.0102283 0.999928 119.749
0.999924 0.00980945 0.0074819 -0.70942 -0.00987952 0.999907 0.0093861 -2.11563 -0.00738913 -0.0094593 0.999928 121.121
0.999897 0.011332 0.0088452 -0.706425 -0.0114123 0.999894 0.00907791 -2.13278 -0.00874139 -0.00917792 0.99992 122.481
0.999858 0.013594 0.0100069 -0.704483 -0.0136837 0.999866 0.00894897 -2.15081 -0.00988388 -0.00908462 0.99991 123.861
0.999835 0.0144308 0.0110608 -0.697979 -0.0145169 0.999865 0.00774819 -2.17315 -0.0109475 -0.00790748 0.999909 125.232
0.999797 0.0159726 0.0123077 -0.689794 -0.0160605 0.999846 0.0070777 -2.1919 -0.0121928 -0.00727393 0.999899 126.535
0.999802 0.0148423 0.013275 -0.687854 -0.0149366 0.999864 0.00703496 -2.21448 -0.0131688 -0.00723185 0.999887 127.873
0.999796 0.0142938 0.014263 -0.676777 -0.0144099 0.999864 0.00807423 -2.23367 -0.0141456 -0.00827811 0.999866 129.208
0.999809 0.0123954 0.0150888 -0.66619 -0.0125346 0.999879 0.00916821 -2.25059 -0.0149734 -0.00935559 0.999844 130.536
0.99981 0.0117538 0.0155435 -0.649491 -0.0118995 0.999886 0.00931005 -2.27061 -0.0154323 -0.00949324 0.999836 131.891
0.999829 0.0101636 0.0154706 -0.630497 -0.0103157 0.999899 0.00978507 -2.29021 -0.0153696 -0.00994299 0.999833 133.194
0.999854 0.00770092 0.0152311 -0.615263 -0.0078611 0.999914 0.0104846 -2.30646 -0.015149 -0.0106028 0.999829 134.536
0.999869 0.00649163 0.0148471 -0.600085 -0.00664561 0.999924 0.010345 -2.32502 -0.0147789 -0.0104424 0.999836 135.876
0.999896 0.00536435 0.0134218 -0.587826 -0.00550313 0.999932 0.0103245 -2.34276 -0.0133655 -0.0103972 0.999857 137.203
0.999915 0.00354689 0.0125301 -0.573458 -0.00368607 0.999932 0.0111022 -2.35977 -0.0124898 -0.0111474 0.99986 138.577
0.999931 0.00258682 0.0114432 -0.554425 -0.00272089 0.999928 0.0117168 -2.37699 -0.011412 -0.0117471 0.999866 139.89
0.999948 0.000897377 0.0101191 -0.547679 -0.00101553 0.999931 0.0116774 -2.39142 -0.0101079 -0.0116871 0.999881 141.262
0.999955 0.00186473 0.00934247 -0.538762 -0.00196981 0.999935 0.0112512 -2.41001 -0.00932088 -0.0112691 0.999893 142.613
0.999968 0.000584268 0.00797752 -0.535734 -0.00066934 0.999943 0.0106655 -2.42257 -0.00797084 -0.0106705 0.999911 143.963
0.999975 -0.000710129 0.00702403 -0.52303 0.000651593 0.999965 0.00833238 -2.443 -0.0070297 -0.0083276 0.999941 145.342
0.999966 -0.00541937 0.00624417 -0.519148 0.00537138 0.999956 0.00767769 -2.46716 -0.0062855 -0.00764388 0.999951 146.668
0.999888 -0.0139567 0.00538939 -0.506358 0.0138995 0.999848 0.0105085 -2.48053 -0.00553523 -0.0104324 0.99993 148.046
0.999762 -0.0215203 0.00352458 -0.482312 0.0214768 0.999698 0.0119461 -2.49669 -0.0037806 -0.0118676 0.999922 149.357
0.999695 -0.0245978 0.00234552 -0.467734 0.0245756 0.999657 0.00906429 -2.51629 -0.00256768 -0.00900388 0.999956 150.737
0.999728 -0.0230972 0.00311284 -0.472153 0.0230802 0.999719 0.00539016 -2.54097 -0.00323647 -0.00531685 0.999981 152.073
0.999788 -0.0202041 0.00389894 -0.47545 0.0201907 0.99979 0.00344536 -2.56063 -0.00396773 -0.00336591 0.999986 153.449
0.999808 -0.0190161 0.00469981 -0.46213 0.0190008 0.999814 0.00328237 -2.59068 -0.00476135 -0.00319244 0.999984 154.74
0.999724 -0.022835 0.00546786 -0.465071 0.0227993 0.999719 0.00649993 -2.61087 -0.00561475 -0.00637347 0.999964 156.126
0.999572 -0.0286925 0.00566448 -0.450024 0.0286371 0.999543 0.00963363 -2.63578 -0.00593831 -0.00946729 0.999938 157.44
0.999458 -0.0324187 0.00565819 -0.441728 0.0323545 0.999415 0.0110932 -2.6512 -0.00601451 -0.0109042 0.999922 158.785
0.999403 -0.0340608 0.00577015 -0.432613 0.0339946 0.999359 0.0112059 -2.66969 -0.00614813 -0.0110031 0.999921 160.167
0.999459 -0.0322421 0.00646956 -0.42032 0.0321657 0.999416 0.0115777 -2.68464 -0.00683907 -0.0113633 0.999912 161.469
0.99956 -0.0286324 0.00773264 -0.429966 0.0285461 0.999531 0.0110531 -2.7011 -0.0080455 -0.0108275 0.999909 162.87
0.999668 -0.024295 0.00853994 -0.424748 0.0242197 0.999668 0.00881152 -2.71981 -0.00875118 -0.00860176 0.999925 164.204
0.999725 -0.0213801 0.00960646 -0.423574 0.0213024 0.99974 0.00811628 -2.73703 -0.00977749 -0.00790941 0.999921 165.584
0.999748 -0.0202162 0.00975086 -0.420152 0.020125 0.999754 0.00936131 -2.7514 -0.00993771 -0.00916271 0.999909 166.889
0.999778 -0.0186289 0.00980543 -0.417578 0.0185367 0.999784 0.00940536 -2.77256 -0.00997853 -0.00922151 0.999908 168.294
0.999826 -0.0162007 0.00927109 -0.412851 0.016136 0.999845 0.00700706 -2.79237 -0.00938317 -0.00685624 0.999933 169.743
0.999887 -0.0121414 0.00883941 -0.412754 0.0121067 0.999919 0.00397364 -2.81729 -0.00888694 -0.00386618 0.999953 171.123
0.999943 -0.00650216 0.00851975 -0.415826 0.00647762 0.999975 0.00290497 -2.84137 -0.00853842 -0.00284961 0.99996 172.485
0.999958 -0.00254093 0.00883424 -0.417608 0.00250755 0.99999 0.00378745 -2.8645 -0.00884377 -0.00376514 0.999954 173.894
0.999954 0.000836967 0.00959591 -0.414966 -0.000895488 0.999981 0.00609599 -2.89012 -0.00959063 -0.0061043 0.999935 175.275
0.999952 0.00133421 0.00976275 -0.410336 -0.00141387 0.999966 0.00815661 -2.90852 -0.00975153 -0.00817002 0.999919 176.612
0.999961 -0.000670909 0.0088283 -0.403486 0.000588937 0.999957 0.00928439 -2.92857 -0.00883415 -0.00927883 0.999918 177.995
0.999964 -0.00433725 0.00726365 -0.395151 0.00426927 0.999947 0.00934837 -2.94148 -0.00730381 -0.00931702 0.99993 179.373
0.999975 -0.004325 0.00557119 -0.394343 0.00429324 0.999975 0.00570077 -2.96502 -0.0055957 -0.00567671 0.999968 180.908
0.999992 -0.00137095 0.00380679 -0.39606 0.00136613 0.999998 0.00126828 -2.99399 -0.00380852 -0.00126307 0.999992 182.202
0.999992 0.00217903 0.00341802 -0.406628 -0.00218048 0.999998 0.000422111 -3.01445 -0.00341709 -0.00042956 0.999994 183.722
0.999972 0.00676798 0.00320863 -0.41421 -0.00677231 0.999976 0.00134195 -3.04551 -0.00319948 -0.00136364 0.999994 185.056
0.999959 0.0084325 0.00320108 -0.413879 -0.00844725 0.999954 0.00462082 -3.06925 -0.00316196 -0.00464768 0.999984 186.507
0.999955 0.00880903 0.00357971 -0.419739 -0.00883455 0.999935 0.00717523 -3.09209 -0.00351627 -0.00720653 0.999968 187.896
0.999958 0.00831475 0.00377388 -0.42492 -0.00834434 0.999934 0.00789357 -3.11432 -0.003708 -0.00792473 0.999962 189.368
0.99997 0.00680222 0.00376815 -0.422229 -0.00683538 0.999937 0.00885766 -3.12971 -0.00370766 -0.00888314 0.999954 190.74
0.999987 0.00357966 0.00364156 -0.42112 -0.00361321 0.999951 0.00924934 -3.14938 -0.00360827 -0.00926238 0.999951 192.11
0.99999 0.00118697 0.00422659 -0.418688 -0.00122752 0.999953 0.00960443 -3.16718 -0.00421499 -0.00960952 0.999945 193.598
0.99999 -0.00158176 0.00426782 -0.40913 0.0015372 0.999945 0.0104232 -3.18588 -0.00428407 -0.0104165 0.999937 194.948
0.99997 -0.00632962 0.00458546 -0.398513 0.0062746 0.999909 0.011915 -3.20034 -0.00466046 -0.0118859 0.999919 196.386
0.99993 -0.0106177 0.00518518 -0.394023 0.0105526 0.999867 0.012417 -3.21294 -0.00531633 -0.0123614 0.99991 197.794
0.999951 -0.00809932 0.00568472 -0.396508 0.00805367 0.999936 0.00800653 -3.23199 -0.00574921 -0.00796035 0.999952 199.169
0.999982 -0.000705841 0.00593011 -0.395845 0.000688585 0.999996 0.00291163 -3.25802 -0.00593214 -0.00290749 0.999978 200.669
0.999925 0.00972874 0.00749101 -0.410375 -0.00974642 0.99995 0.00232643 -3.28325 -0.007468 -0.00239927 0.999969 202.112
0.999825 0.0167084 0.00838207 -0.422363 -0.0167606 0.99984 0.00619883 -3.30184 -0.00827716 -0.00633824 0.999946 203.487
0.999785 0.0184897 0.00936297 -0.414915 -0.0185704 0.999791 0.00860726 -3.32427 -0.00920186 -0.00877929 0.999919 204.973
0.999826 0.0164037 0.00885016 -0.410779 -0.0164827 0.999824 0.00893179 -3.33977 -0.00870209 -0.00907612 0.999921 206.427
0.999879 0.0135785 0.00753329 -0.397423 -0.0136473 0.999865 0.00914789 -3.36013 -0.00740806 -0.0092496 0.99993 207.919
0.999915 0.0113234 0.00650365 -0.388998 -0.0113808 0.999896 0.0088543 -3.3809 -0.00640271 -0.00892756 0.99994 209.288
0.99991 0.0118708 0.00626524 -0.382565 -0.0119205 0.999897 0.00796301 -3.40096 -0.00617007 -0.00803698 0.999949 210.822
0.999896 0.013116 0.00607597 -0.387772 -0.0131666 0.999878 0.00836836 -3.41971 -0.00596548 -0.00844749 0.999947 212.251
0.999884 0.0140334 0.00584949 -0.385665 -0.0140874 0.999858 0.0092865 -3.43706 -0.00571834 -0.00936783 0.99994 213.691
0.999891 0.0135469 0.00597139 -0.387734 -0.013602 0.999864 0.00929064 -3.45803 -0.00584472 -0.00937084 0.999939 215.167
0.999894 0.013521 0.00545473 -0.380209 -0.0135643 0.999876 0.00797262 -3.47849 -0.00534625 -0.00804576 0.999953 216.633
0.999903 0.0129156 0.00524946 -0.383013 -0.0129567 0.999885 0.00787142 -3.4974 -0.00514719 -0.00793867 0.999955 218.09
0.999903 0.0131381 0.00462115 -0.384361 -0.0131737 0.999883 0.00776759 -3.51675 -0.00451856 -0.00782771 0.999959 219.584
0.999902 0.0133102 0.00444526 -0.386515 -0.0133435 0.999882 0.00756176 -3.53957 -0.00434409 -0.00762033 0.999962 221.087
0.999896 0.0137619 0.00437831 -0.379787 -0.0137932 0.999879 0.00719286 -3.56305 -0.00427879 -0.0072525 0.999965 222.615
0.999885 0.0146848 0.00389122 -0.384722 -0.0147127 0.999866 0.00723127 -3.58183 -0.0037845 -0.00728769 0.999966 224.076
0.999884 0.0148672 0.00315855 -0.382588 -0.0148893 0.999864 0.00712236 -3.60519 -0.00305223 -0.00716856 0.99997 225.541
0.99988 0.0152546 0.00284349 -0.388376 -0.0152745 0.999858 0.0071017 -3.62426 -0.00273476 -0.00714428 0.999971 227.041
0.999894 0.0142109 0.00311019 -0.396834 -0.0142332 0.999872 0.00727222 -3.64698 -0.00300645 -0.00731572 0.999969 228.523
0.999899 0.0139023 0.00282367 -0.392013 -0.0139215 0.999879 0.00687479 -3.67296 -0.00272775 -0.00691341 0.999972 230.051
0.999915 0.0126556 0.00304309 -0.39333 -0.0126778 0.999893 0.00736126 -3.69352 -0.0029496 -0.00739921 0.999968 231.513
0.999936 0.0108808 0.00321313 -0.399069 -0.0109065 0.999908 0.00810087 -3.7156 -0.00312469 -0.00813539 0.999962 233.032
0.999941 0.0103025 0.0033098 -0.397474 -0.0103302 0.999911 0.00847256 -3.73663 -0.00322222 -0.00850625 0.999959 234.582
0.999934 0.0109775 0.00325947 -0.393834 -0.0110042 0.999905 0.00830353 -3.75879 -0.00316801 -0.00833885 0.99996 236.046
0.99992 0.0120966 0.0037097 -0.399792 -0.012124 0.999899 0.00746253 -3.78199 -0.00361905 -0.0075069 0.999965 237.585
0.999902 0.0133959 0.00410907 -0.400285 -0.0134295 0.999876 0.00825934 -3.80261 -0.00399791 -0.00831371 0.999957 239.055
0.999904 0.0130021 0.00489059 -0.404205 -0.0130522 0.999861 0.0103657 -3.81789 -0.00475514 -0.0104285 0.999934 240.628
0.999906 0.0126118 0.00545769 -0.402219 -0.012671 0.99986 0.0109399 -3.83776 -0.00531896 -0.011008 0.999925 242.079
0.999889 0.0136324 0.00608323 -0.398234 -0.0136897 0.999861 0.00948963 -3.85898 -0.00595302 -0.00957185 0.999937 243.658
0.999881 0.0138679 0.00680169 -0.401581 -0.013924 0.999869 0.00826922 -3.88011 -0.00668612 -0.00836294 0.999943 245.157
0.999869 0.0147032 0.00679152 -0.394862 -0.0147607 0.999855 0.00849168 -3.89523 -0.00666568 -0.00859082 0.999941 246.666
0.999881 0.0139329 0.0066935 -0.398555 -0.0139952 0.999858 0.00936173 -3.91724 -0.00656211 -0.00945428 0.999934 248.137
0.999875 0.0142732 0.00678127 -0.389207 -0.0143429 0.999844 0.0103329 -3.93736 -0.00663273 -0.0104289 0.999924 249.685
0.99987 0.0148654 0.00626617 -0.390632 -0.0149298 0.999835 0.0103573 -3.95663 -0.00611117 -0.0104495 0.999927 251.193
0.999851 0.0160071 0.00645092 -0.384705 -0.0160739 0.999816 0.0104428 -3.97377 -0.00628257 -0.0105449 0.999925 252.724
0.999828 0.0172632 0.00681281 -0.380975 -0.017335 0.999793 0.0106263 -3.99291 -0.00662796 -0.0107426 0.99992 254.251
0.999812 0.0180374 0.00708698 -0.377846 -0.0181132 0.999778 0.0107822 -4.00761 -0.00689092 -0.0109086 0.999917 255.794
0.999848 0.0162489 0.00640274 -0.385095 -0.0163208 0.999803 0.0113408 -4.02647 -0.0062172 -0.0114436 0.999915 257.345
0.999873 0.014376 0.00681766 -0.369409 -0.0144586 0.999821 0.0122301 -4.03823 -0.00664062 -0.0123271 0.999902 258.858
0.999914 0.0114481 0.00636837 -0.368461 -0.011531 0.999847 0.0131321 -4.05912 -0.00621706 -0.0132044 0.999893 260.467
0.999929 0.010007 0.00644112 -0.367936 -0.0100864 0.999872 0.012405 -4.07109 -0.00631616 -0.0124691 0.999902 261.938
0.999933 0.00964977 0.00646038 -0.352032 -0.00972397 0.999886 0.0115543 -4.0894 -0.00634815 -0.0116164 0.999912 263.543
0.999952 0.00704126 0.00684693 -0.348308 -0.00713077 0.999888 0.0131369 -4.108 -0.00675367 -0.0131851 0.99989 265.099
0.999963 0.00456056 0.00727794 -0.339336 -0.00467099 0.999873 0.0152289 -4.11679 -0.00720756 -0.0152623 0.999858 266.699
0.999965 0.00301329 0.00780034 -0.327102 -0.00312454 0.999893 0.0142901 -4.13271 -0.00775645 -0.014314 0.999867 268.175
0.999961 0.00234554 0.00854634 -0.306982 -0.00245773 0.999911 0.0131411 -4.14606 -0.00851475 -0.0131616 0.999877 269.667
0.99995 0.00336804 0.0093924 -0.307784 -0.00349594 0.999901 0.0136339 -4.158 -0.00934556 -0.0136661 0.999863 271.332
0.999932 0.00478543 0.010668 -0.294382 -0.0049264 0.9999 0.0132282 -4.17403 -0.0106036 -0.0132798 0.999856 272.774
0.99991 0.00656396 0.0116946 -0.276477 -0.00671638 0.999892 0.0130423 -4.19082 -0.0116078 -0.0131197 0.999847 274.379
0.999886 0.00830093 0.0126299 -0.263539 -0.00846467 0.99988 0.0129665 -4.20637 -0.0125207 -0.0130719 0.999836 275.926
0.999879 0.0077392 0.0134816 -0.263253 -0.00791116 0.999887 0.0127493 -4.22038 -0.0133814 -0.0128544 0.999828 277.495
0.999859 0.00850233 0.0144587 -0.244605 -0.008681 0.999886 0.0123394 -4.23767 -0.0143522 -0.0124632 0.999819 279.034
0.999855 0.00788846 0.0150657 -0.230238 -0.00806439 0.9999 0.0116528 -4.25659 -0.0149723 -0.0117726 0.999819 280.594
0.999834 0.00818216 0.0162651 -0.206308 -0.00837683 0.999894 0.0119367 -4.27449 -0.0161657 -0.012071 0.999797 282.166
0.999838 0.00611409 0.0169091 -0.184236 -0.0063359 0.999894 0.0130951 -4.28846 -0.0168272 -0.0132002 0.999771 283.706
0.999829 0.00525646 0.0177111 -0.147261 -0.00549239 0.999897 0.013299 -4.30735 -0.0176393 -0.013394 0.999755 285.236
0.999841 0.0040236 0.0173808 -0.135533 -0.0042149 0.999931 0.0109839 -4.32696 -0.0173354 -0.0110554 0.999789 286.863
0.999836 0.00444496 0.0175762 -0.106695 -0.00460294 0.999949 0.00895829 -4.34418 -0.0175355 -0.00903772 0.999805 288.422
0.999846 0.00352499 0.0171848 -0.068676 -0.00367924 0.999953 0.00895295 -4.36021 -0.0171524 -0.0090148 0.999812 289.934
0.999862 0.00209301 0.0164588 -0.0633633 -0.00224073 0.999957 0.00896154 -4.38217 -0.0164394 -0.00899719 0.999824 291.527
0.99988 0.00205582 0.015359 -0.0441375 -0.00218594 0.999962 0.00846018 -4.40193 -0.015341 -0.00849274 0.999846 293.158
0.999897 0.00287484 0.0140654 -0.00816455 -0.00299088 0.999962 0.00823532 -4.42498 -0.0140412 -0.00827654 0.999867 294.688
0.999899 0.00276551 0.0139506 -0.0037477 -0.00288736 0.999958 0.00872205 -4.44214 -0.0139259 -0.00876145 0.999865 296.315
0.999897 0.00282422 0.0140501 0.0442745 -0.00294777 0.999957 0.00878043 -4.46743 -0.0140247 -0.00882094 0.999863 297.818
0.999933 0.00292596 0.0111945 0.0327193 -0.00304067 0.999943 0.0102431 -4.48397 -0.0111639 -0.0102764 0.999885 299.515
0.999922 0.00351364 0.0119517 0.0524416 -0.00365223 0.999926 0.0115941 -4.50085 -0.0119101 -0.0116368 0.999861 300.989
0.999915 0.0037237 0.012496 0.0668012 -0.00386903 0.999925 0.0116266 -4.51489 -0.0124518 -0.011674 0.999854 302.622
0.999893 0.00504396 0.0137527 0.0922578 -0.00520226 0.99992 0.0114991 -4.52951 -0.0136936 -0.0115694 0.999839 304.17
0.999882 0.00384878 0.0148723 0.0951358 -0.00401573 0.999929 0.0112122 -4.54599 -0.0148281 -0.0112706 0.999827 305.753
0.999909 0.000979567 0.0134599 0.123261 -0.00111961 0.999945 0.0104011 -4.55998 -0.013449 -0.0104152 0.999855 307.414
0.999883 0.000672864 0.0153071 0.157037 -0.000800299 0.999965 0.00832055 -4.58617 -0.015301 -0.00833183 0.999848 308.986
0.999892 -0.000567949 0.0147097 0.152854 0.000459952 0.999973 0.00734423 -4.60256 -0.0147135 -0.00733667 0.999865 310.66
0.999909 0.000304579 0.0134896 0.174447 -0.000391382 0.999979 0.00643267 -4.62527 -0.0134873 -0.00643737 0.999888 312.174
0.999946 0.00190853 0.0101733 0.191832 -0.00197971 0.999974 0.00699131 -4.65157 -0.0101597 -0.00701108 0.999924 313.831
0.999943 0.00313982 0.0102224 0.204996 -0.00324329 0.999944 0.0101208 -4.66991 -0.0101901 -0.0101533 0.999897 315.467
0.999951 0.00166276 0.00975469 0.225338 -0.00179692 0.999904 0.0137611 -4.68588 -0.00973087 -0.013778 0.999858 317.071
0.999947 5.47338e-05 0.0103234 0.220594 -0.000203072 0.999897 0.0143687 -4.70021 -0.0103216 -0.01437 0.999844 318.761
0.999942 -0.000479685 0.0107441 0.206661 0.00033702 0.999912 0.0132763 -4.71293 -0.0107496 -0.0132719 0.999854 320.362
0.999938 -0.0012963 0.0110458 0.2255 0.00115255 0.999915 0.0130101 -4.72618 -0.0110617 -0.0129966 0.999854 322.02
0.999944 -0.00156818 0.010508 0.239192 0.00142694 0.999909 0.0134354 -4.74202 -0.0105281 -0.0134196 0.999855 323.665
0.999939 -0.00168012 0.0109145 0.22222 0.00153134 0.999906 0.013625 -4.7601 -0.0109363 -0.0136075 0.999848 325.278
0.999953 -6.17263e-05 0.00969508 0.257441 -6.37854e-05 0.999916 0.012945 -4.77473 -0.00969507 -0.012945 0.999869 326.908
0.999937 0.000818279 0.0112016 0.269098 -0.000954697 0.999925 0.0121784 -4.79484 -0.0111908 -0.0121883 0.999863 328.565
0.999924 -0.000495403 0.0122973 0.251084 0.000324178 0.999903 0.0139218 -4.81156 -0.012303 -0.0139168 0.999827 330.176
0.999913 -0.00183729 0.013089 0.277642 0.00164085 0.999886 0.0150027 -4.82659 -0.0131151 -0.0149799 0.999802 331.795
0.999933 -0.0015188 0.0115192 0.295112 0.00135942 0.999904 0.013831 -4.84386 -0.0115391 -0.0138144 0.999838 333.489
0.999923 -0.00161917 0.0123458 0.290489 0.00144401 0.999898 0.0141831 -4.86361 -0.0123675 -0.0141642 0.999823 335.088
0.999937 -0.000238046 0.0112 0.298931 0.000102456 0.999927 0.0121054 -4.86748 -0.011202 -0.0121035 0.999864 336.682
0.99992 0.00320674 0.0122435 0.303705 -0.00332136 0.999951 0.00935285 -4.89937 -0.0122129 -0.00939277 0.999881 338.302
0.999942 0.00367399 0.0101487 0.323566 -0.00377509 0.999943 0.00996041 -4.91616 -0.0101116 -0.00999815 0.999899 339.912
0.99995 0.00425364 0.00900406 0.330274 -0.00437105 0.999905 0.0130605 -4.93711 -0.00894765 -0.0130992 0.999874 341.545
0.999946 0.00516059 0.00907236 0.343697 -0.00530409 0.99986 0.0158643 -4.95017 -0.00898922 -0.0159115 0.999833 343.111
0.999955 0.0058927 0.00747017 0.344502 -0.00600482 0.999868 0.0150769 -4.96395 -0.00738034 -0.0151211 0.999858 344.736
0.999966 0.00610529 0.00551812 0.324069 -0.00617949 0.999889 0.013532 -4.98023 -0.00543489 -0.0135656 0.999893 346.345
0.999984 0.00441156 0.00360038 0.326488 -0.00446413 0.999882 0.0147248 -4.99471 -0.003535 -0.0147406 0.999885 347.946
0.999993 0.00244645 0.00285018 0.312947 -0.00249069 0.999875 0.0156227 -5.01109 -0.0028116 -0.0156297 0.999874 349.503
0.999993 0.00247068 0.00266972 0.327405 -0.00250953 0.99989 0.0146512 -5.02777 -0.00263323 -0.0146578 0.999889 351.181
0.999995 0.00206164 0.00230034 0.316563 -0.00209352 0.999901 0.0139431 -5.04453 -0.00227136 -0.0139478 0.9999 352.764
0.999995 0.00174718 0.00257163 0.30571 -0.00178265 0.999902 0.0138553 -5.05448 -0.00254718 -0.0138598 0.999901 354.383
0.999997 0.00109401 0.00211683 0.308581 -0.00112325 0.999903 0.0138607 -5.07334 -0.00210147 -0.013863 0.999902 355.951
0.999995 0.000161368 0.00313834 0.288971 -0.000203111 0.999911 0.013305 -5.09124 -0.00313591 -0.0133056 0.999907 357.531
0.999993 0.000104443 0.00376389 0.27885 -0.000152009 0.99992 0.01264 -5.10976 -0.00376227 -0.0126404 0.999913 359.134
0.999995 -0.00027418 0.0031474 0.273774 0.000234035 0.999919 0.0127482 -5.12673 -0.00315064 -0.0127474 0.999914 360.74
0.999994 -0.000211982 0.00361791 0.27496 0.000168649 0.999928 0.0119731 -5.13889 -0.00362019 -0.0119725 0.999922 362.306
0.999991 -0.00149964 0.00408326 0.265147 0.00145469 0.999939 0.0109915 -5.16261 -0.00409949 -0.0109854 0.999931 363.91
0.999988 -0.00342831 0.00358587 0.260371 0.0033844 0.99992 0.0121805 -5.17366 -0.00362734 -0.0121682 0.999919 365.463
0.999971 -0.00541117 0.00531441 0.25138 0.00533756 0.999891 0.0137696 -5.19192 -0.00538834 -0.0137408 0.999891 367.063
0.999972 -0.00548714 0.00513103 0.265057 0.00542191 0.999905 0.0126411 -5.20859 -0.00519991 -0.0126129 0.999907 368.655
0.999977 -0.00410638 0.00539277 0.247029 0.00404173 0.999921 0.0119458 -5.22362 -0.0054414 -0.0119238 0.999914 370.276
0.99998 -0.00279496 0.00575387 0.266046 0.00272034 0.999913 0.0129365 -5.23569 -0.00578953 -0.0129206 0.9999 371.839
0.999982 -0.0013287 0.00588197 0.262121 0.00124737 0.999904 0.0138098 -5.25205 -0.00589975 -0.0138022 0.999887 373.427
0.999974 -0.00120087 0.00707021 0.251359 0.00110509 0.999908 0.0135351 -5.26623 -0.00708581 -0.0135269 0.999883 375.034
0.999973 -0.00101219 0.00732023 0.264542 0.000917588 0.999916 0.0129157 -5.28335 -0.00733269 -0.0129086 0.99989 376.641
0.99996 -0.00109745 0.00882529 0.251011 0.000984917 0.999918 0.0127452 -5.29493 -0.00883855 -0.012736 0.99988 378.216
0.999965 -0.000740549 0.00835489 0.247948 0.000635148 0.99992 0.012611 -5.31243 -0.00836357 -0.0126053 0.999886 379.831
0.999955 0.000869387 0.00939695 0.254926 -0.000991582 0.999915 0.0130069 -5.32536 -0.00938485 -0.0130156 0.999871 381.461
0.99995 0.00139918 0.00994486 0.269959 -0.00153384 0.999907 0.0135456 -5.3407 -0.00992498 -0.0135602 0.999859 383.034
0.999941 0.00250582 0.0105296 0.27066 -0.00264436 0.99991 0.0131643 -5.3567 -0.0104957 -0.0131913 0.999858 384.651
0.999918 0.00381932 0.0121889 0.30754 -0.00396873 0.999917 0.0122571 -5.37501 -0.0121411 -0.0123045 0.999851 386.283
0.999929 0.00471343 0.0109527 0.290255 -0.00485178 0.999908 0.0126395 -5.38984 -0.0108921 -0.0126917 0.99986 387.905
0.99991 0.00562918 0.0122088 0.293872 -0.00579192 0.999894 0.0133356 -5.40299 -0.0121325 -0.0134052 0.999837 389.55
0.9999 0.00683941 0.0123857 0.311212 -0.00701313 0.999877 0.0140369 -5.41657 -0.0122882 -0.0141223 0.999825 391.133
0.99989 0.00792055 0.0125675 0.31868 -0.00808864 0.999878 0.0133812 -5.43149 -0.0124599 -0.0134814 0.999832 392.732
0.99987 0.00796007 0.0140155 0.327762 -0.00815548 0.99987 0.0139411 -5.44638 -0.0139027 -0.0140536 0.999805 394.385
