1 -4.1311e-11 -1.95776e-11 0 -4.12612e-11 1 -1.70424e-11 0 -1.42043e-10 -1.70424e-11 1 -2.98023e-08
0.999886 0.000665344 0.0150702 0.0133684 -0.000654557 1 -0.000720782 -0.0145318 -0.0150706 0.000710835 0.999886 0.115751
0.999308 0.00392037 0.0369973 0.025651 -0.00390269 0.999992 -0.000550015 -0.0164808 -0.0369992 0.000405246 0.999315 0.264119
0.997903 0.00615782 0.0644342 0.0552134 -0.00623723 0.99998 0.00103148 -0.0204236 -0.0644266 -0.00143121 0.997921 0.442143
0.995265 0.00505624 0.097069 0.103136 -0.00540384 0.99998 0.0033184 -0.0234273 -0.0970503 -0.00382723 0.995272 0.604436
0.990813 0.0018633 0.135229 0.178896 -0.0026009 0.999983 0.00527801 -0.0248745 -0.135216 -0.00558124 0.9908 0.82138
0.984579 -0.0015222 0.174932 0.244292 0.000484693 0.999982 0.00597347 -0.0285695 -0.174938 -0.00579656 0.984562 1.01628
0.975654 -0.00191234 0.219309 0.340822 0.000316399 0.999973 0.00731206 -0.0289874 -0.219317 -0.00706465 0.975628 1.24119
0.963848 -0.00175628 0.266447 0.421084 -0.000986812 0.999948 0.0101608 -0.0239142 -0.266451 -0.0100564 0.963796 1.45112
0.949423 -0.00551788 0.313952 0.561359 0.000217268 0.999857 0.016916 -0.020736 -0.314001 -0.0159922 0.949288 1.67392
0.932433 -0.0153288 0.361017 0.680597 0.00660543 0.999656 0.0253849 -0.0312707 -0.361281 -0.0212851 0.932214 1.906
0.910602 -0.0209576 0.412753 0.834194 0.00929499 0.999499 0.0302434 -0.0309218 -0.41318 -0.0237031 0.910341 2.14403
0.885163 -0.0227671 0.464724 1.03352 0.0079039 0.999394 0.0339062 -0.0274387 -0.465215 -0.0263394 0.884806 2.413
0.857273 -0.0248989 0.51426 1.20138 0.00594459 0.999242 0.0384706 -0.0172622 -0.514828 -0.0299227 0.856771 2.59412
0.824608 -0.0302325 0.564896 1.44628 0.0070125 0.999041 0.0432309 -0.0121617 -0.565661 -0.0316872 0.824029 2.85287
0.789496 -0.0357591 0.612713 1.67189 0.00928297 0.998883 0.0463354 -0.00867225 -0.613686 -0.0308938 0.788946 3.04782
0.751428 -0.0403291 0.658581 1.94067 0.0105385 0.998737 0.0491347 0.00131885 -0.65973 -0.0299807 0.750904 3.28876
0.710835 -0.0438425 0.701992 2.23052 0.0116608 0.998653 0.0505626 0.013409 -0.703263 -0.0277559 0.710388 3.49895
0.668808 -0.0456097 0.742035 2.54472 0.0108887 0.99861 0.0515661 0.0279718 -0.743356 -0.026408 0.668375 3.73224
0.626055 -0.0459094 0.778426 2.87124 0.00637167 0.998533 0.0537662 0.0476007 -0.779753 -0.0287007 0.625429 3.93904
0.584873 -0.0468897 0.809768 3.22513 0.00371926 0.998472 0.0551303 0.0630842 -0.811116 -0.0292325 0.584154 4.15042
0.544318 -0.0479221 0.837509 3.61026 0.00140028 0.998417 0.0562192 0.0793529 -0.838878 -0.0294284 0.543524 4.34981
0.504917 -0.0506703 0.861679 4.03536 0.000984321 0.998309 0.0581278 0.0970218 -0.863167 -0.0285016 0.504113 4.56427
0.467831 -0.0504044 0.88238 4.47401 -0.00208718 0.998307 0.0581331 0.117893 -0.883816 -0.0290382 0.466933 4.78382
0.430784 -0.0497665 0.901082 4.91855 -0.00311636 0.99839 0.0566307 0.14095 -0.90245 -0.0272037 0.429935 4.94309
0.397358 -0.0484533 0.916384 5.43372 -0.00210017 0.998554 0.0537087 0.160413 -0.917661 -0.0232661 0.396682 5.14126
0.367886 -0.0468409 0.928691 5.91369 5.49561e-05 0.998732 0.0503518 0.181929 -0.929871 -0.0184727 0.367421 5.30523
0.34291 -0.0448976 0.938295 6.49688 0.000902995 0.998872 0.0474662 0.205132 -0.939368 -0.0154294 0.342564 5.48801
0.321149 -0.044127 0.946 7.06708 0.00176221 0.99894 0.0459982 0.226753 -0.947027 -0.0131052 0.320886 5.6723
0.30748 -0.0449734 0.950491 7.65615 0.00319805 0.998926 0.0462305 0.253213 -0.951549 -0.0111752 0.307293 5.85108
0.294393 -0.046395 0.954558 8.30262 0.00422321 0.998874 0.0472465 0.272475 -0.955675 -0.00987773 0.294258 6.04642
0.284336 -0.0483094 0.957507 8.935 0.00325604 0.998773 0.0494245 0.298457 -0.958719 -0.0109355 0.284144 6.22447
0.273157 -0.0498871 0.960675 9.6026 0.00132749 0.998673 0.0514829 0.325659 -0.961969 -0.0127876 0.272861 6.40702
0.262184 -0.0517155 0.963631 10.3278 0.000734604 0.998573 0.0533908 0.356265 -0.965018 -0.0132903 0.261848 6.60559
0.253513 -0.0536943 0.965841 11.0414 -0.000206298 0.998455 0.0555616 0.38293 -0.967332 -0.0142849 0.253111 6.79529
0.242601 -0.0554037 0.968543 11.7576 -0.000682393 0.998358 0.0572802 0.414801 -0.970126 -0.0145571 0.242165 6.9618
0.232126 -0.0570032 0.971014 12.542 -0.000860157 0.998269 0.0588088 0.444682 -0.972685 -0.0144863 0.231675 7.15011
0.221707 -0.0597435 0.973281 13.3218 -0.00249457 0.998083 0.0618342 0.479031 -0.97511 -0.016137 0.221133 7.32996
0.21098 -0.0633243 0.975437 14.0679 -0.00461347 0.997824 0.0657755 0.517598 -0.97748 -0.0183775 0.210229 7.4742
0.199671 -0.067081 0.977564 14.9024 -0.00434672 0.997583 0.0693426 0.55531 -0.979853 -0.0180949 0.198897 7.65911
0.185776 -0.0696381 0.980121 15.6911 -0.00542112 0.997398 0.0718931 0.593658 -0.982577 -0.0186694 0.184915 7.79493
0.170371 -0.0704217 0.98286 16.5009 -0.00603693 0.99735 0.0725063 0.629886 -0.985362 -0.0182864 0.169494 7.94614
0.156398 -0.0696604 0.985235 17.2946 -0.00761973 0.997395 0.0717298 0.67137 -0.987665 -0.0187256 0.15546 8.04529
0.140219 -0.0684999 0.987748 18.1125 -0.00883276 0.997478 0.0704285 0.712626 -0.990081 -0.0185999 0.13926 8.18395
0.117878 -0.0671244 0.990757 18.9589 -0.0119945 0.997544 0.0690113 0.749832 -0.992956 -0.0200186 0.116784 8.26403
0.0939376 -0.0657445 0.993405 19.7715 -0.0161566 0.997585 0.0675489 0.788215 -0.995447 -0.0223954 0.0926485 8.35044
0.0658568 -0.0653474 0.995687 20.6325 -0.0205016 0.997554 0.0668259 0.82632 -0.997619 -0.0248141 0.064356 8.37834
0.0295491 -0.0651264 0.997439 21.4811 -0.0236112 0.997551 0.0658332 0.864887 -0.999285 -0.025496 0.027939 8.41022
-0.00286269 -0.0644667 0.997916 22.3446 -0.0247191 0.997619 0.0643767 0.898772 -0.99969 -0.0244833 -0.00444943 8.39692
-0.0374842 -0.0636805 0.997266 23.1709 -0.0260053 0.997692 0.0627302 0.930056 -0.998959 -0.0235829 -0.0390537 8.34586
-0.0695988 -0.0616619 0.995668 24.014 -0.028322 0.997808 0.0598146 0.962069 -0.997173 -0.0240363 -0.0711926 8.28457
-0.102616 -0.0585365 0.992997 24.8691 -0.0308291 0.997975 0.055644 0.99645 -0.994243 -0.0249032 -0.104213 8.17765
-0.133665 -0.0542649 0.98954 25.731 -0.0281482 0.998305 0.0509434 1.01819 -0.990627 -0.0210444 -0.134966 8.03442
-0.166532 -0.0486114 0.984837 26.518 -0.0232783 0.998699 0.0453593 1.03941 -0.985761 -0.0153716 -0.167447 7.86649
-0.196912 -0.0426203 0.979494 27.3896 -0.0170599 0.999052 0.0400417 1.05142 -0.980273 -0.00882539 -0.197453 7.66534
-0.22737 -0.0368775 0.97311 28.1986 -0.0108234 0.999317 0.0353418 1.06625 -0.973748 -0.00249669 -0.227614 7.4746
-0.253783 -0.0301313 0.966792 29.0322 -0.00271034 0.999533 0.0304403 1.07843 -0.967257 0.0051049 -0.253746 7.235
-0.281698 -0.0194766 0.959305 29.879 0.0035002 0.999766 0.0213259 1.07587 -0.959497 0.00936521 -0.281564 6.96543
-0.30787 -0.00456528 0.951418 30.6261 0.00806776 0.99994 0.00740876 1.06634 -0.951394 0.00995674 -0.307814 6.70523
-0.330176 0.01232 0.943839 31.42 0.00845252 0.999913 -0.010095 1.04311 -0.943882 0.00464468 -0.330252 6.40504
-0.356552 0.0263864 0.933903 32.1888 0.00714075 0.999649 -0.0255178 1.01542 -0.934248 -0.00242964 -0.356615 6.09852
-0.380084 0.0371754 0.924205 32.9453 0.0112473 0.999304 -0.0355707 0.977065 -0.924884 -0.00312507 -0.380237 5.78382
-0.403947 0.0423881 0.9138 33.7332 0.0149829 0.999098 -0.0397216 0.927611 -0.91466 -0.00235406 -0.404218 5.42905
-0.426386 0.0414461 0.903591 34.4619 0.0171128 0.999141 -0.0377536 0.879456 -0.904379 -0.00063464 -0.426729 5.06975
-0.445772 0.0384037 0.894322 35.2038 0.0216341 0.99925 -0.032126 0.836775 -0.894885 0.00502702 -0.446268 4.68724
-0.463122 0.0374287 0.885504 35.9984 0.0290843 0.999212 -0.0270237 0.792886 -0.885817 0.0132389 -0.463845 4.22686
-0.477263 0.0379992 0.877939 36.6964 0.0330107 0.999135 -0.0252996 0.746804 -0.87814 0.0169068 -0.478105 3.85464
-0.488294 0.0412154 0.871705 37.3619 0.0354596 0.998996 -0.0273709 0.701648 -0.871958 0.0175452 -0.489266 3.46672
-0.498424 0.0440653 0.865813 38.077 0.0370193 0.998878 -0.0295267 0.657795 -0.866143 0.017335 -0.499496 3.06967
-0.509115 0.0430555 0.859621 38.7495 0.0304337 0.999024 -0.0320132 0.609132 -0.86016 0.00986305 -0.509928 2.67924
-0.519433 0.0420286 0.853477 39.4876 0.0291254 0.99908 -0.0314727 0.570971 -0.854014 0.00850988 -0.52018 2.22577
-0.529001 0.0434157 0.84751 40.1587 0.0315349 0.999006 -0.031493 0.529184 -0.848035 0.0100663 -0.529845 1.81039
-0.536418 0.0465013 0.84267 40.8151 0.0351547 0.998845 -0.0327412 0.48642 -0.84322 0.0120608 -0.537433 1.39196
-0.540214 0.0496597 0.840061 41.5033 0.0358839 0.998709 -0.0359623 0.444702 -0.840762 0.0107174 -0.541298 0.934888
-0.539703 0.0509575 0.840311 42.2119 0.0348253 0.998663 -0.038193 0.399675 -0.841135 0.00865124 -0.540757 0.498265
-0.536417 0.0519821 0.842351 42.9292 0.0375893 0.998582 -0.0376861 0.358871 -0.843116 0.0114479 -0.53761 0.0302153
-0.530746 0.0508244 0.846006 43.689 0.0361594 0.998649 -0.0373098 0.30763 -0.84676 0.010789 -0.531866 -0.423439
-0.523297 0.0496729 0.850701 44.4472 0.0337161 0.998725 -0.0375761 0.264672 -0.851483 0.0090189 -0.524304 -0.888673
-0.517381 0.0485952 0.854374 45.1773 0.0318192 0.998788 -0.0375405 0.218956 -0.855164 0.00776284 -0.5183 -1.31803
-0.510397 0.0474662 0.858628 45.9996 0.0292279 0.998856 -0.0378443 0.171576 -0.859442 0.00578024 -0.511201 -1.80556
-0.506316 0.0453564 0.861155 46.8099 0.0248687 0.998969 -0.0379934 0.11907 -0.861989 0.00217909 -0.506921 -2.25363
-0.504034 0.0423122 0.862647 47.6654 0.0199697 0.999103 -0.0373372 0.0728703 -0.863453 -0.00159249 -0.504427 -2.7454
-0.50446 0.0398477 0.862515 48.5033 0.0174317 0.999201 -0.0359672 0.0234911 -0.863259 -0.00310894 -0.504751 -3.22812
-0.505462 0.0382361 0.862001 49.3503 0.0155923 0.999259 -0.0351814 -0.0267621 -0.862708 -0.00434234 -0.505684 -3.71132
-0.506075 0.0382424 0.861641 50.2231 0.0163767 0.999263 -0.0347318 -0.0755387 -0.862334 -0.00346605 -0.506328 -4.21382
-0.506334 0.0371714 0.861536 51.069 0.0156962 0.999302 -0.0338905 -0.125369 -0.862195 -0.00363705 -0.506564 -4.72616
-0.505641 0.0367946 0.861959 51.9924 0.0161521 0.999319 -0.033183 -0.179371 -0.862593 -0.00285616 -0.50589 -5.23759
-0.506504 0.0360338 0.861485 52.8851 0.0158284 0.999347 -0.032494 -0.232898 -0.862093 -0.00282241 -0.506743 -5.76711
-0.506466 0.0345 0.861569 53.7677 0.0140353 0.999397 -0.0317685 -0.282684 -0.862146 -0.00399732 -0.506645 -6.26888
-0.50662 0.0340584 0.861496 54.6652 0.0138016 0.999412 -0.0313944 -0.340692 -0.862059 -0.00401497 -0.506792 -6.78872
-0.506139 0.0333831 0.861805 55.5573 0.0123305 0.999429 -0.0314724 -0.393692 -0.862364 -0.00530294 -0.506262 -7.29131
-0.505606 0.0316588 0.862183 56.4339 0.0119005 0.999487 -0.0297218 -0.450956 -0.862682 -0.00476712 -0.505724 -7.78796
-0.503116 0.0295672 0.863713 57.353 0.0125268 0.999559 -0.0269207 -0.504948 -0.864128 -0.00272468 -0.503265 -8.32312
-0.50095 0.0283385 0.865012 58.2089 0.0131156 0.999598 -0.0251521 -0.55471 -0.865377 -0.00125478 -0.50112 -8.81314
-0.498474 0.0276596 0.866463 59.1145 0.0132483 0.999617 -0.0242886 -0.606444 -0.866803 -0.000628096 -0.49865 -9.31892
-0.495706 0.0280491 0.868037 59.995 0.0136921 0.999606 -0.0244814 -0.654629 -0.868382 -0.000250372 -0.495895 -9.83633
-0.495261 0.0286439 0.868272 60.8853 0.0136983 0.99959 -0.0251625 -0.702606 -0.868636 -0.000568178 -0.49545 -10.316
-0.495787 0.0300358 0.867925 61.7754 0.0131599 0.999547 -0.0270735 -0.753195 -0.868345 -0.0020009 -0.495957 -10.8305
-0.498807 0.0315223 0.866139 62.6376 0.0116 0.999492 -0.0296951 -0.8075 -0.866635 -0.00476487 -0.49892 -11.3138
-0.502837 0.032251 0.863779 63.512 0.0108409 0.99946 -0.031006 -0.858565 -0.864313 -0.00622684 -0.502915 -11.8187
-0.508039 0.0307971 0.860783 64.3763 0.0102411 0.999506 -0.029716 -0.914317 -0.861273 -0.00628155 -0.508103 -12.3216
-0.513946 0.0285887 0.857346 65.2173 0.0137107 0.999591 -0.025113 -0.96471 -0.857713 -0.00115194 -0.514128 -12.8321
-0.519399 0.0261047 0.854133 66.1008 0.0107507 0.999654 -0.0240147 -1.01854 -0.854464 -0.00329068 -0.5195 -13.3491
-0.524535 0.0283038 0.850918 66.9299 0.0121738 0.999594 -0.0257448 -1.06788 -0.851302 -0.00314516 -0.524667 -13.8563
-0.529593 0.0313728 0.847671 67.7725 0.0131584 0.999499 -0.0287712 -1.11511 -0.84815 -0.00408305 -0.529741 -14.3687
-0.53448 0.0311268 0.844608 68.6218 0.0113129 0.999496 -0.029676 -1.16972 -0.845106 -0.00630623 -0.534562 -14.8891
-0.537908 0.0313673 0.84242 69.435 0.00997931 0.999475 -0.0308431 -1.22447 -0.842944 -0.00818401 -0.537939 -15.4105
-0.540859 0.0309656 0.840543 70.2451 0.0102999 0.999491 -0.0301937 -1.27593 -0.84105 -0.00767303 -0.540903 -15.9358
-0.544006 0.024571 0.838722 71.0894 0.0125481 0.999698 -0.0211481 -1.32181 -0.838988 -0.000980374 -0.544149 -16.4567
-0.545477 0.0160696 0.837972 71.9224 0.0127317 0.99986 -0.0108864 -1.3636 -0.838029 0.0047305 -0.545605 -17.0059
-0.547511 0.0135096 0.836689 72.7395 0.0129546 0.999887 -0.00766743 -1.40277 -0.836698 0.00664099 -0.547624 -17.5301
-0.548524 0.0187389 0.835925 73.5247 0.0133429 0.999818 -0.0136574 -1.43245 -0.836028 0.00366227 -0.548674 -18.0399
-0.549984 0.0241967 0.834825 74.3168 0.014102 0.999707 -0.0196853 -1.4751 -0.835056 0.00094606 -0.550164 -18.5544
-0.551632 0.0291175 0.833579 75.1058 0.0205713 0.999561 -0.021302 -1.51006 -0.833834 0.0053969 -0.551989 -19.0617
-0.551156 0.0296475 0.833875 75.8964 0.0234347 0.999524 -0.0200476 -1.55501 -0.834073 0.00849224 -0.551589 -19.5978
-0.550518 0.0270918 0.834384 76.6859 0.0236849 0.999578 -0.0168285 -1.59491 -0.834487 0.0104979 -0.550927 -20.1118
-0.549323 0.0221303 0.835317 77.4931 0.0211327 0.999698 -0.0125879 -1.62269 -0.835343 0.0107376 -0.549625 -20.6411
-0.549448 0.0163365 0.835368 78.27 0.0203171 0.999774 -0.00618847 -1.65451 -0.835281 0.013572 -0.549656 -21.1326
-0.5497 0.00965562 0.835306 79.0689 0.0112772 0.999928 -0.0041372 -1.68925 -0.835286 0.00714571 -0.54977 -21.6324
-0.548168 0.00404469 0.836359 79.8707 0.00273708 0.999992 -0.00304209 -1.70925 -0.836364 0.000621607 -0.548174 -22.1195
-0.546269 0.00436913 0.837598 80.6452 0.00542157 0.999984 -0.0016803 -1.73559 -0.837592 0.0036232 -0.546284 -22.6288
-0.54305 0.00831963 0.839659 81.4322 0.0111837 0.999934 -0.00267459 -1.7641 -0.839626 0.0079381 -0.543107 -23.1308
-0.537499 0.0113135 0.843189 82.2211 0.0118616 0.999913 -0.0058551 -1.79305 -0.843181 0.00685446 -0.537586 -23.6378
-0.53115 0.0129481 0.847179 82.9891 0.0169369 0.999846 -0.00466257 -1.81598 -0.847109 0.011872 -0.531287 -24.1091
-0.522324 0.0168412 0.852581 83.79 0.0259871 0.999655 -0.00382571 -1.8475 -0.852351 0.0201578 -0.522581 -24.6147
-0.512978 0.0164181 0.858244 84.5899 0.0244173 0.999692 -0.00452957 -1.87099 -0.858054 0.0186324 -0.513221 -25.0849
-0.501962 0.0128021 0.864795 85.4103 0.0200745 0.999794 -0.00314847 -1.89714 -0.864657 0.0157799 -0.502115 -25.5465
-0.490818 0.010405 0.8712 86.2183 0.0222996 0.999751 0.000622859 -1.91674 -0.870977 0.0197331 -0.490928 -25.9881
-0.47949 0.00863455 0.877505 87.0378 0.0209725 0.999779 0.00162218 -1.9443 -0.877297 0.0191813 -0.479565 -26.431
-0.467812 0.00794031 0.883793 87.8748 0.0218739 0.999757 0.00259618 -1.95706 -0.883558 0.0205465 -0.467872 -26.8618
-0.455609 0.0100119 0.890124 88.6849 0.0256182 0.99967 0.00186855 -1.9791 -0.889812 0.0236547 -0.455715 -27.2702
-0.443543 0.0126909 0.896163 89.5129 0.0242047 0.999705 -0.00217735 -2.0079 -0.895926 0.0207256 -0.44372 -27.6746
-0.432398 0.0226512 0.901398 90.3544 0.026971 0.999562 -0.0121801 -2.03253 -0.90128 0.019045 -0.432819 -28.0675
-0.419652 0.0274547 0.90727 91.1678 0.0270135 0.999478 -0.01775 -2.06061 -0.907283 0.0170597 -0.420174 -28.4402
-0.408146 0.0240692 0.9126 92.0176 0.0253619 0.999565 -0.0150202 -2.08845 -0.912564 0.0170148 -0.408579 -28.8064
-0.395538 0.0199767 0.918233 92.8266 0.0251098 0.999625 -0.0109311 -2.13334 -0.918106 0.018733 -0.395891 -29.1551
-0.386426 0.0207647 0.922087 93.6788 0.0225707 0.99966 -0.0130527 -2.16554 -0.922044 0.0157682 -0.386764 -29.4868
-0.378749 0.0246407 0.925171 94.5284 0.0176124 0.999656 -0.0194144 -2.20423 -0.925332 0.00894128 -0.379053 -29.8315
-0.373364 0.0295305 0.927215 95.3545 0.00986405 0.999563 -0.0278627 -2.24206 -0.927632 -0.00125683 -0.373492 -30.1483
-0.370124 0.0304432 0.928483 96.2277 0.00461444 0.999511 -0.0309326 -2.29397 -0.928971 -0.00716448 -0.370084 -30.4836
-0.366159 0.0318011 0.930009 97.0565 0.00763478 0.999485 -0.0311709 -2.33042 -0.930521 -0.0043131 -0.366213 -30.7964
-0.360877 0.0306574 0.932109 97.9254 0.00379932 0.9995 -0.031403 -2.38491 -0.932606 -0.00779124 -0.360813 -31.1272
-0.355492 0.0275379 0.934274 98.7414 0.00391183 0.999601 -0.027975 -2.42331 -0.934671 -0.00629014 -0.355457 -31.4275
-0.350139 0.0229738 0.936416 99.61 0.00273028 0.99972 -0.023506 -2.47046 -0.936694 -0.0056737 -0.350104 -31.7466
-0.344127 0.0202882 0.938704 100.438 0.00108543 0.999775 -0.0212102 -2.51138 -0.938923 -0.0062801 -0.344072 -32.0471
-0.338353 0.0193138 0.940821 101.278 -0.00199551 0.999772 -0.0212416 -2.5495 -0.941017 -0.00906459 -0.338237 -32.3232
-0.332016 0.0193366 0.943076 102.115 -0.0123918 0.999614 -0.0248585 -2.58645 -0.943192 -0.0199398 -0.331648 -32.601
-0.325988 0.0223451 0.94511 102.928 -0.0110453 0.999562 -0.0274423 -2.63399 -0.945309 -0.0193849 -0.325599 -32.8685
-0.318094 0.0261834 0.947698 103.795 -0.00870346 0.999496 -0.0305358 -2.67975 -0.948019 -0.0179615 -0.317706 -33.1612
-0.312344 0.0245486 0.949652 104.615 -0.0114072 0.999497 -0.029589 -2.72004 -0.949901 -0.0200748 -0.311907 -33.4217
-0.304256 0.0203506 0.952373 105.462 -0.00884979 0.999668 -0.0241885 -2.75589 -0.952549 -0.0157878 -0.303975 -33.7038
-0.297571 0.0175755 0.954538 106.334 -0.00833058 0.999745 -0.0210049 -2.79766 -0.954664 -0.0142023 -0.297348 -33.9566
-0.291332 0.0199193 0.956415 107.173 -0.0123241 0.999622 -0.0245731 -2.84141 -0.956543 -0.0189459 -0.290976 -34.2087
-0.284622 0.0231753 0.95836 108.012 -0.0111968 0.999559 -0.0274969 -2.88305 -0.958574 -0.0185568 -0.284237 -34.4573
-0.278111 0.0243684 0.96024 108.898 -0.0115544 0.999521 -0.0287117 -2.92245 -0.96048 -0.0190801 -0.277696 -34.6901
-0.271407 0.0227912 0.962195 109.761 -0.0127954 0.999546 -0.0272851 -2.96955 -0.96238 -0.019717 -0.270992 -34.9355
-0.262914 0.02303 0.964544 110.604 -0.0088368 0.999616 -0.0262761 -3.00796 -0.964779 -0.0154318 -0.262609 -35.1626
-0.255335 0.0238199 0.966559 111.466 -0.0052105 0.999648 -0.0260118 -3.05483 -0.966839 -0.011678 -0.255121 -35.3882
-0.248405 0.024663 0.968342 112.354 -0.00325647 0.999649 -0.0262958 -3.09767 -0.968651 -0.00968537 -0.248237 -35.6136
-0.241303 0.0237368 0.970159 113.204 -0.00971054 0.999592 -0.0268722 -3.13596 -0.970401 -0.0159051 -0.240974 -35.8117
-0.235545 0.0213497 0.971629 114.066 -0.014437 0.999572 -0.0254636 -3.17679 -0.971756 -0.0200252 -0.235136 -35.9961
-0.230367 0.0220808 0.972853 114.946 -0.0105026 0.999628 -0.0251755 -3.2151 -0.973047 -0.0160171 -0.23005 -36.2091
-0.226052 0.0219869 0.973867 115.8 -0.0094482 0.999649 -0.0247621 -3.25894 -0.974069 -0.0147988 -0.225765 -36.3949
-0.221705 0.0236371 0.974827 116.67 -0.00764812 0.999633 -0.025978 -3.29644 -0.975084 -0.013215 -0.221443 -36.584
-0.215701 0.0225896 0.976198 117.535 -0.00192036 0.999721 -0.0235582 -3.33343 -0.976458 -0.00695617 -0.215597 -36.7804
-0.210821 0.0214996 0.977288 118.404 0.00618769 0.999767 -0.0206593 -3.37303 -0.977505 0.00169173 -0.210905 -36.9676
-0.205523 0.0208157 0.978431 119.261 0.00890174 0.999772 -0.0193999 -3.41489 -0.978612 0.00472262 -0.205661 -37.1428
-0.201211 0.02151 0.979312 120.112 0.00575783 0.999768 -0.0207763 -3.45399 -0.979531 0.00145829 -0.201288 -37.3123
-0.197172 0.023636 0.980084 120.99 0.00411945 0.999721 -0.0232808 -3.49081 -0.98036 -0.000552928 -0.197215 -37.4852
-0.19564 0.023071 0.980404 121.856 0.00196969 0.999731 -0.0231328 -3.52962 -0.980674 -0.00259459 -0.195633 -37.6419
-0.194855 0.0215469 0.980595 122.697 0.00131166 0.999763 -0.0217074 -3.56727 -0.980831 -0.00294359 -0.194837 -37.7924
-0.193722 0.0177647 0.980896 123.581 0.00325905 0.999842 -0.0174642 -3.60307 -0.981051 -0.000186405 -0.193749 -37.9728
-0.192656 0.0119562 0.981194 124.441 0.00222112 0.999929 -0.0117484 -3.63823 -0.981264 -8.40398e-05 -0.192669 -38.1311
-0.191803 0.00981306 0.981384 125.298 0.00391222 0.99995 -0.00923409 -3.66773 -0.981426 0.00206826 -0.191832 -38.2957
-0.191015 0.0144683 0.981481 126.162 0.00244614 0.999895 -0.0142637 -3.7044 -0.981584 -0.000323741 -0.19103 -38.4552
-0.190598 0.0183768 0.981496 126.999 0.00217072 0.99983 -0.0182985 -3.738 -0.981666 -0.00135711 -0.190606 -38.6179
-0.190368 0.017495 0.981557 127.863 -0.000759235 0.999838 -0.0179681 -3.77032 -0.981712 -0.00416578 -0.190324 -38.7724
-0.190222 0.0164797 0.981603 128.715 -0.00146012 0.999853 -0.0170691 -3.80198 -0.98174 -0.00468016 -0.19017 -38.931
-0.189267 0.0167165 0.981783 129.556 0.00269065 0.99986 -0.0165056 -3.84064 -0.981922 -0.000482328 -0.189285 -39.0933
-0.188756 0.0193175 0.981834 130.397 0.00128969 0.999811 -0.0194233 -3.87923 -0.982023 -0.0024 -0.188745 -39.2499
-0.188833 0.0207441 0.98179 131.238 -0.0080479 0.999711 -0.0226707 -3.90771 -0.981976 -0.0121823 -0.188611 -39.3854
-0.188585 0.0221158 0.981808 132.078 -0.0126868 0.999608 -0.0249536 -3.9438 -0.981975 -0.0171618 -0.188231 -39.5259
-0.188317 0.0248963 0.981793 132.902 -0.0140468 0.999508 -0.0280399 -3.99147 -0.982008 -0.0190715 -0.187875 -39.6811
-0.187821 0.026035 0.981858 133.738 -0.0102183 0.999543 -0.0284586 -4.03254 -0.98215 -0.015378 -0.187469 -39.8272
-0.18659 0.0268112 0.982072 134.56 -0.0111487 0.999505 -0.0294054 -4.07543 -0.982375 -0.0164356 -0.186199 -39.9757
-0.184093 0.0267821 0.982544 135.386 -0.00436134 0.999597 -0.0280641 -4.11312 -0.982899 -0.00945161 -0.183902 -40.1342
-0.18074 0.0232088 0.983257 136.229 0.00220145 0.999729 -0.023193 -4.16029 -0.983528 -0.0020273 -0.180742 -40.2911
-0.178302 0.019031 0.983792 137.034 0.00773 0.999809 -0.0179399 -4.19725 -0.983945 0.00440599 -0.178415 -40.4418
-0.174192 0.0183136 0.984541 137.868 0.0108285 0.999802 -0.0166816 -4.23009 -0.984652 0.00775527 -0.174356 -40.5862
-0.169545 0.0227716 0.985259 138.663 0.00925547 0.999726 -0.0215132 -4.27571 -0.985479 0.00547156 -0.16971 -40.7204
-0.163476 0.0258743 0.986208 139.445 0.0109505 0.999642 -0.0244115 -4.30632 -0.986487 0.0068088 -0.163701 -40.8384
-0.154895 0.0261251 0.987586 140.243 0.00740057 0.999653 -0.0252836 -4.34515 -0.987903 0.00339241 -0.155034 -40.9615
-0.145201 0.0229184 0.989137 141.031 0.0141651 0.999677 -0.0210832 -4.37266 -0.989301 0.0109499 -0.145479 -41.0751
-0.13266 0.0213152 0.990932 141.818 0.0231408 0.999563 -0.0184028 -4.41466 -0.990892 0.0204896 -0.133095 -41.1837
-0.119176 0.0238413 0.992587 142.641 0.0252196 0.999462 -0.0209784 -4.44607 -0.992553 0.0225326 -0.119713 -41.2774
-0.104917 0.0247581 0.994173 143.371 0.0226381 0.999491 -0.0225015 -4.47931 -0.994223 0.0201454 -0.105424 -41.3442
-0.0913019 0.0246133 0.995519 144.176 0.0246863 0.999443 -0.0224463 -4.51404 -0.995517 0.0225263 -0.0918586 -41.4189
-0.0772711 0.0264501 0.996659 144.942 0.030035 0.999256 -0.0241904 -4.55169 -0.996558 0.0280654 -0.0780081 -41.4749
-0.0632101 0.0327988 0.997461 145.75 0.0276309 0.999134 -0.0311028 -4.59976 -0.997618 0.0255947 -0.0640616 -41.5134
-0.0505104 0.0417918 0.997849 146.51 0.0208411 0.998951 -0.040783 -4.64048 -0.998506 0.0187363 -0.0513283 -41.5348
-0.0376977 0.0498835 0.998043 147.189 0.0126489 0.998697 -0.0494384 -4.68961 -0.999209 0.0107605 -0.0382796 -41.5348
-0.0234654 0.0511927 0.998413 148.001 0.0136072 0.998612 -0.0508831 -4.73397 -0.999632 0.0123917 -0.0241295 -41.555
-0.0120604 0.0472748 0.998809 148.749 0.0118112 0.998819 -0.0471326 -4.78925 -0.999858 0.0112287 -0.0126045 -41.551
-0.00140334 0.0444345 0.999011 149.468 0.0105213 0.998958 -0.0444174 -4.84129 -0.999944 0.0104485 -0.00186939 -41.5342
0.00789095 0.0505645 0.99869 150.239 0.00708169 0.998693 -0.0506206 -4.90191 -0.999944 0.00747185 0.00752255 -41.5141
0.0141117 0.0591669 0.998148 150.993 0.000522171 0.998247 -0.0591801 -4.95398 -0.9999 0.00135634 0.0140561 -41.4918
0.0175076 0.0622756 0.997905 151.714 -0.00245817 0.998058 -0.062242 -5.00617 -0.999844 -0.00136331 0.0176267 -41.4664
0.0175207 0.0584256 0.998138 152.478 -0.00481721 0.998285 -0.0583496 -5.0613 -0.999835 -0.00378591 0.0177721 -41.4435
0.0158023 0.0530073 0.998469 153.198 0.00120385 0.998592 -0.0530329 -5.13096 -0.999874 0.00204004 0.0157162 -41.4288
0.0129715 0.0504234 0.998644 153.923 0.00103225 0.998727 -0.050441 -5.17578 -0.999915 0.00168515 0.0129029 -41.4184
0.0105825 0.0504786 0.998669 154.713 0.00188455 0.998722 -0.0505013 -5.23248 -0.999942 0.00241647 0.0104738 -41.4098
0.0068824 0.0505662 0.998697 155.406 0.00258139 0.998716 -0.050585 -5.28408 -0.999973 0.00292617 0.00674303 -41.4035
0.00220583 0.0488252 0.998805 156.168 0.00473656 0.998796 -0.0488352 -5.34193 -0.999986 0.00483862 0.00197191 -41.399
-0.00286183 0.0490448 0.998793 156.894 0.00149855 0.998796 -0.0490407 -5.38878 -0.999995 0.0013564 -0.00293188 -41.396
-0.00887236 0.0474465 0.998834 157.632 0.00461481 0.998865 -0.0474069 -5.43571 -0.99995 0.00418882 -0.00908125 -41.396
-0.0143513 0.0448193 0.998892 158.365 0.00554898 0.998983 -0.0447436 -5.48661 -0.999882 0.0049007 -0.0145854 -41.413
-0.0206411 0.0446731 0.998788 159.069 0.00437921 0.998996 -0.0445919 -5.53409 -0.999777 0.00345348 -0.0208161 -41.4181
-0.0255382 0.0457745 0.998625 159.808 0.00410465 0.998948 -0.0456843 -5.58039 -0.999665 0.00293232 -0.0256992 -41.4312
-0.0299343 0.0476643 0.998415 160.5 0.00206425 0.998863 -0.0476238 -5.62963 -0.99955 0.000635393 -0.0299986 -41.4509
-0.0325246 0.04986 0.998226 161.224 0.00211266 0.998756 -0.0498177 -5.683 -0.999469 0.000488619 -0.0325894 -41.4712
-0.0336732 0.0514476 0.998108 161.948 0.004705 0.998671 -0.0513179 -5.73258 -0.999422 0.00296806 -0.0338705 -41.4963
-0.0329718 0.0500195 0.998204 162.633 0.00898577 0.998721 -0.0497486 -5.7799 -0.999416 0.00732933 -0.0333791 -41.5264
-0.0289034 0.0467069 0.99849 163.343 0.012341 0.998848 -0.0463664 -5.82965 -0.999506 0.0109822 -0.0294465 -41.5462
-0.0222808 0.0455972 0.998711 164.038 0.0133105 0.998884 -0.0453081 -5.8817 -0.999663 0.0122839 -0.0228628 -41.5582
-0.0102353 0.046681 0.998857 164.74 0.0162189 0.998786 -0.0465115 -5.93194 -0.999816 0.0157243 -0.01098 -41.5648
0.00396259 0.046719 0.9989 165.409 0.0195038 0.998715 -0.0467877 -5.97867 -0.999802 0.0196677 0.0030463 -41.5638
0.0186436 0.0448373 0.99882 166.105 0.0181055 0.998815 -0.045175 -6.02292 -0.999662 0.0189264 0.0178097 -41.5386
0.0358134 0.039564 0.998575 166.813 0.0132792 0.999109 -0.0400614 -6.06993 -0.99927 0.014695 0.0352561 -41.4967
0.0506186 0.0332559 0.998164 167.459 0.0122386 0.99935 -0.0339161 -6.10975 -0.998643 0.0139329 0.0501787 -41.4494
0.0688715 0.0260436 0.997286 168.146 0.0127448 0.999555 -0.026983 -6.14597 -0.997544 0.0145685 0.0685089 -41.3946
0.0882496 0.0183152 0.99593 168.859 0.0125307 0.999731 -0.0194955 -6.17826 -0.99602 0.0142002 0.0879964 -41.3295
0.103619 0.012027 0.994544 169.495 0.0103812 0.999859 -0.0131728 -6.20952 -0.994563 0.0116896 0.10348 -41.2429
0.121918 0.00962008 0.992494 170.167 0.0105576 0.999884 -0.0109886 -6.23921 -0.992484 0.011818 0.121802 -41.1501
0.13948 0.00839235 0.990189 170.793 0.0119633 0.999877 -0.0101596 -6.2574 -0.990153 0.013263 0.139362 -41.0487
0.15688 0.00764518 0.987588 171.446 0.0106876 0.999898 -0.00943822 -6.27847 -0.98756 0.0120356 0.156782 -40.9314
0.172871 0.00709659 0.984919 172.087 0.0059463 0.999948 -0.00824856 -6.29868 -0.984927 0.00728256 0.17282 -40.7975
0.18697 0.00357984 0.982359 172.719 0.00115266 0.999992 -0.00386348 -6.32016 -0.982365 0.00185468 0.186965 -40.659
0.199521 -0.000629517 0.979893 173.332 0.00556111 0.999984 -0.000489898 -6.33975 -0.979878 0.00554704 0.199521 -40.5273
0.209629 -0.00240194 0.977778 173.974 0.0102014 0.999948 0.000269285 -6.35499 -0.977728 0.00991826 0.209643 -40.3848
0.219375 0.00134896 0.97564 174.531 0.00511151 0.999984 -0.00253196 -6.37601 -0.975627 0.00554245 0.219365 -40.2428
0.228913 0.00821338 0.973412 175.154 0.00188178 0.999959 -0.0088799 -6.39423 -0.973445 0.00386447 0.228888 -40.0802
0.237183 0.0187491 0.971284 175.723 0.000382261 0.999812 -0.0193931 -6.41752 -0.971465 0.00497099 0.237131 -39.9322
0.245453 0.0249529 0.969087 176.302 0.00519862 0.99962 -0.0270559 -6.43706 -0.969395 0.0116789 0.245231 -39.7868
0.252013 0.0235385 0.967438 176.916 0.00628864 0.999643 -0.0259603 -6.45702 -0.967704 0.0126262 0.251775 -39.6219
0.257919 0.0164621 0.966026 177.509 0.00312705 0.999835 -0.0178731 -6.47699 -0.966162 0.00763062 0.257825 -39.4505
0.261438 0.00557605 0.965204 178.131 -0.00105499 0.999984 -0.00549121 -6.50189 -0.96522 0.00041733 0.26144 -39.2712
0.263652 -0.00332369 0.964612 178.716 -0.00126348 0.999992 0.00379093 -6.52704 -0.964617 -0.00221825 0.263646 -39.0979
0.264779 -0.00447844 0.964299 179.321 0.00127903 0.99999 0.004293 -6.54871 -0.964308 9.66754e-05 0.264782 -38.9332
0.266429 -0.0016184 0.963853 179.907 0.00520704 0.999986 0.00023974 -6.55637 -0.96384 0.00495495 0.266434 -38.7761
0.267681 -0.0022375 0.963505 180.539 0.00694529 0.999976 0.000392654 -6.56793 -0.963483 0.00658671 0.26769 -38.5994
0.269458 -0.00386459 0.963004 181.107 0.00644759 0.999977 0.00220887 -6.56943 -0.962991 0.00561386 0.269477 -38.4285
0.271151 -0.00783288 0.962505 181.726 0.00528537 0.999964 0.00664876 -6.58601 -0.962522 0.00328438 0.271183 -38.2511
0.275408 -0.0135819 0.961231 182.348 0.00660767 0.999903 0.0122351 -6.59652 -0.961305 0.00298184 0.275472 -38.068
0.278932 -0.0167152 0.960165 182.972 0.00755793 0.999856 0.0152106 -6.60547 -0.960281 0.00301415 0.279018 -37.8798
0.285244 -0.0183519 0.958279 183.6 0.00855152 0.999826 0.0166021 -6.60341 -0.958417 0.00345909 0.285351 -37.6942
0.292771 -0.0216292 0.955938 184.206 0.0103517 0.999757 0.0194503 -6.60601 -0.956127 0.00420106 0.292924 -37.5028
0.303098 -0.0238043 0.952662 184.853 0.0128915 0.999699 0.0208781 -6.61412 -0.952872 0.0059531 0.303314 -37.3019
0.313268 -0.0217522 0.949416 185.451 0.0114161 0.999752 0.0191386 -6.61604 -0.949596 0.00484306 0.313439 -37.0921
0.325285 -0.0176119 0.945452 186.061 0.00990714 0.999835 0.0152164 -6.61955 -0.945564 0.00441706 0.325406 -36.8643
0.336426 -0.0143846 0.9416 186.674 0.00900426 0.999887 0.0120578 -6.6218 -0.941667 0.00442184 0.336517 -36.6366
0.348087 -0.0134962 0.937365 187.308 0.00874851 0.9999 0.0111479 -6.62293 -0.937421 0.00432011 0.34817 -36.3951
0.359077 -0.0171785 0.93315 187.912 0.0110867 0.999839 0.0141401 -6.62786 -0.933242 0.00526815 0.35921 -36.1484
0.371021 -0.0192413 0.928425 188.53 0.010637 0.999808 0.0164699 -6.63057 -0.928564 0.00376498 0.371154 -35.8909
0.381519 -0.0197565 0.92415 189.15 0.00871757 0.999804 0.0177749 -6.63898 -0.92432 0.00127487 0.381617 -35.6196
0.390764 -0.0207881 0.920256 189.768 0.00541839 0.99978 0.0202837 -6.63297 -0.920475 -0.00293983 0.390791 -35.3452
0.398486 -0.0202849 0.91695 190.406 0.00168479 0.99977 0.0213849 -6.63376 -0.917173 -0.00697671 0.398428 -35.0583
0.403232 -0.0215008 0.914845 191.038 -0.000165459 0.999722 0.0235685 -6.63355 -0.915098 -0.00965495 0.403117 -34.7629
0.404493 -0.0269061 0.914145 191.69 0.00545962 0.99962 0.0270061 -6.62782 -0.914525 -0.0059329 0.404487 -34.4758
0.4054 -0.0251831 0.913793 192.339 0.00751985 0.999679 0.0242138 -6.62604 -0.914109 -0.0029447 0.405459 -34.1959
0.404296 -0.0253543 0.914277 193.004 0.0095267 0.999678 0.0235099 -6.62456 -0.914578 -0.00079494 0.404408 -33.9025
0.402851 -0.0243164 0.914943 193.676 0.0127866 0.999699 0.020939 -6.62204 -0.915176 0.00326371 0.403041 -33.6061
0.403283 -0.0255473 0.914719 194.354 0.0152285 0.999659 0.0212056 -6.61667 -0.914949 0.00537796 0.403535 -33.3145
0.402092 -0.031678 0.915051 195.042 0.0190556 0.999474 0.0262272 -6.61207 -0.915401 0.0068911 0.402484 -33.0122
0.401235 -0.0344628 0.915327 195.722 0.0187312 0.999392 0.0294171 -6.6103 -0.915784 0.00534196 0.401636 -32.7141
0.399574 -0.0371915 0.915946 196.419 0.0201817 0.999291 0.0317716 -6.60524 -0.916479 0.00579021 0.400042 -32.4132
0.397357 -0.0371039 0.916914 197.105 0.0191134 0.9993 0.0321547 -6.5992 -0.917465 0.00474845 0.397788 -32.098
0.396443 -0.0370532 0.917311 197.801 0.0170708 0.99931 0.0329877 -6.58874 -0.917901 0.00258156 0.396802 -31.8029
0.394091 -0.0363243 0.918353 198.496 0.0165379 0.999337 0.0324307 -6.58485 -0.918923 0.00240696 0.394431 -31.495
0.393195 -0.0333395 0.91885 199.171 0.0180749 0.99943 0.0285286 -6.58193 -0.919277 0.00539081 0.393574 -31.2018
0.392647 -0.0265001 0.919307 199.861 0.0157744 0.999632 0.0220781 -6.58453 -0.919554 0.00583264 0.392921 -30.9085
0.391506 -0.0236138 0.919872 200.55 0.014097 0.999707 0.0196634 -6.57738 -0.920067 0.00526912 0.391725 -30.5954
0.390375 -0.0255658 0.920301 201.248 0.0128291 0.999668 0.0223287 -6.57551 -0.920567 0.00309011 0.390574 -30.3094
0.38881 -0.0295913 0.920842 201.928 0.0118118 0.999562 0.0271336 -6.57385 -0.921242 0.000327011 0.38899 -30.0133
0.38684 -0.0291197 0.921687 202.616 0.00849174 0.999571 0.0280163 -6.57551 -0.922108 -0.00301111 0.386922 -29.708
0.382169 -0.0289288 0.92364 203.301 0.00542917 0.999563 0.0290604 -6.57191 -0.924077 -0.00609136 0.382159 -29.4143
0.375297 -0.0299698 0.92642 203.986 0.00474357 0.999526 0.0304131 -6.56901 -0.926892 -0.00701943 0.375262 -29.1413
0.367161 -0.030524 0.929656 204.696 0.00597355 0.999518 0.0304586 -6.5606 -0.930138 -0.00562984 0.367166 -28.8679
0.356886 -0.0294306 0.933684 205.375 0.00847744 0.999564 0.0282668 -6.56502 -0.934109 -0.00217279 0.356981 -28.614
0.346121 -0.0265578 0.937814 206.068 0.00718433 0.999645 0.0256573 -6.56544 -0.938162 -0.00214297 0.346189 -28.3567
0.335261 -0.0263694 0.941756 206.755 0.00473956 0.999643 0.026303 -6.54862 -0.942114 -0.00435484 0.335266 -28.105
0.324828 -0.033687 0.945173 207.465 0.00893763 0.99943 0.0325492 -6.54047 -0.945731 -0.00212527 0.324944 -27.8806
0.315392 -0.0431992 0.947978 208.178 0.0143681 0.999066 0.040747 -6.54049 -0.948853 0.00076933 0.315718 -27.6452
0.308379 -0.0485839 0.950022 208.881 0.0146369 0.998819 0.0463283 -6.53138 -0.951151 -0.000381311 0.308726 -27.4239
0.303646 -0.0494914 0.951499 209.581 0.00950372 0.998758 0.0489167 -6.5059 -0.952738 -0.00581056 0.303739 -27.1888
0.30127 -0.0515253 0.952146 210.293 0.00973675 0.998653 0.0509612 -6.48773 -0.953489 -0.00608225 0.301365 -26.9582
0.299688 -0.0523427 0.9526 210.999 0.0108463 0.998616 0.051459 -6.46834 -0.953976 -0.00508947 0.299841 -26.7369
0.297839 -0.051249 0.95324 211.717 0.0110036 0.998676 0.0502537 -6.45189 -0.954553 -0.00447842 0.298008 -26.5001
0.297791 -0.0487354 0.953386 212.426 0.00701789 0.998781 0.0488638 -6.42559 -0.954605 -0.00786046 0.29777 -26.2684
0.298555 -0.0494552 0.95311 213.155 0.00682799 0.998742 0.0496841 -6.40486 -0.954368 -0.00832558 0.298517 -26.0289
0.299394 -0.0508105 0.952776 213.873 0.00630528 0.998665 0.0512764 -6.38447 -0.954109 -0.00934434 0.299315 -25.7929
0.301227 -0.0521646 0.952125 214.602 0.00721534 0.998599 0.052428 -6.36379 -0.953525 -0.00892281 0.301181 -25.5672
0.302839 -0.054326 0.951492 215.328 0.0116298 0.99851 0.0533091 -6.34518 -0.952971 -0.00507838 0.30302 -25.3379
0.306366 -0.0553262 0.950305 216.06 0.0122921 0.998456 0.0541667 -6.31653 -0.951834 -0.00491354 0.306573 -25.0984
0.309888 -0.0566739 0.949082 216.787 0.0104267 0.998364 0.0562123 -6.29574 -0.950716 -0.00752372 0.309972 -24.8479
0.316031 -0.0607289 0.946803 217.522 0.00906727 0.998097 0.0609924 -6.26283 -0.948706 -0.0106906 0.31598 -24.6018
0.321303 -0.0644956 0.944778 218.245 0.00897668 0.997841 0.0650652 -6.23441 -0.946934 -0.0124246 0.321188 -24.3494
0.325594 -0.064816 0.943285 218.978 0.00712438 0.997787 0.0661019 -6.20721 -0.945483 -0.0148021 0.325336 -24.0947
0.329011 -0.0610758 0.942349 219.727 0.00373797 0.997983 0.0633765 -6.17637 -0.944319 -0.0173291 0.328575 -23.8136
0.334862 -0.0545795 0.940685 220.441 -0.00310027 0.998252 0.0590232 -6.145 -0.942262 -0.022681 0.334107 -23.5462
0.338116 -0.0517254 0.939682 221.137 -0.00540342 0.998365 0.0568999 -6.11511 -0.941089 -0.0243162 0.337283 -23.28
0.34393 -0.0517817 0.937567 221.891 -0.00663958 0.998319 0.0575727 -6.08568 -0.938972 -0.026026 0.343008 -23.0015
0.347491 -0.0498886 0.936355 222.615 -0.00850023 0.998375 0.0563475 -6.06018 -0.937645 -0.0275394 0.346502 -22.7196
0.351349 -0.0468117 0.935073 223.356 -0.00999199 0.998505 0.0537417 -6.03636 -0.936191 -0.0282254 0.350356 -22.4338
0.355438 -0.0463021 0.933552 224.079 -0.00978765 0.998533 0.0532515 -6.01074 -0.934648 -0.0280649 0.354464 -22.1497
0.361834 -0.0478627 0.931013 224.801 -0.00918092 0.99845 0.0548977 -5.98749 -0.932197 -0.0284114 0.360834 -21.8662
0.365199 -0.048842 0.929647 225.556 -0.00567983 0.998487 0.05469 -5.96545 -0.930912 -0.025253 0.364369 -21.5666
0.36936 -0.0483763 0.928026 226.275 -0.00234366 0.998592 0.0529875 -5.94523 -0.929283 -0.0217464 0.368727 -21.2773
0.373309 -0.0469044 0.92652 227.009 -0.00331396 0.998647 0.051891 -5.92645 -0.927701 -0.0224418 0.372649 -20.9748
0.377477 -0.046834 0.924834 227.749 -0.00734807 0.998537 0.0535655 -5.89719 -0.92599 -0.0270155 0.376581 -20.6601
0.383198 -0.0465375 0.922493 228.469 -0.0108554 0.998434 0.0548778 -5.86911 -0.923602 -0.0310431 0.382093 -20.3496
0.385931 -0.0445029 0.921454 229.198 -0.00815344 0.998632 0.0516452 -5.85274 -0.922492 -0.0274445 0.38504 -20.0362
0.390034 -0.0378608 0.920022 229.92 -0.00791488 0.99898 0.0444655 -5.84102 -0.920766 -0.0246249 0.389337 -19.7178
0.3935 -0.0318246 0.918774 230.635 -0.0138565 0.999082 0.0405409 -5.82122 -0.91922 -0.0286838 0.392698 -19.3918
0.396361 -0.0312562 0.917563 231.353 -0.0213942 0.998834 0.0432664 -5.79045 -0.917846 -0.0367796 0.39523 -19.0611
0.399079 -0.0416128 0.915972 232.105 -0.0194502 0.998361 0.0538301 -5.76821 -0.91671 -0.0392983 0.397616 -18.7332
0.401097 -0.0540904 0.914437 232.843 -0.0155523 0.997709 0.0658377 -5.74341 -0.915904 -0.0406289 0.399337 -18.4127
0.402687 -0.062566 0.913197 233.56 -0.0159911 0.997028 0.0753611 -5.70741 -0.915198 -0.04495 0.40049 -18.0871
0.405147 -0.0653045 0.911916 234.291 -0.0158749 0.996793 0.0784356 -5.67194 -0.914114 -0.0462545 0.402811 -17.7582
0.407646 -0.0604032 0.91114 235.011 -0.0176633 0.997102 0.0740046 -5.63648 -0.912969 -0.0462614 0.405398 -17.4289
0.411155 -0.0538414 0.909974 235.729 -0.0182426 0.997568 0.0672668 -5.59836 -0.911383 -0.0442574 0.409173 -17.0949
0.416389 -0.0489376 0.907869 236.443 -0.0187668 0.997875 0.0623966 -5.5621 -0.908993 -0.0430191 0.414586 -16.7598
0.42037 -0.0472587 0.906121 237.162 -0.0164368 0.998082 0.0596802 -5.53211 -0.907204 -0.0399815 0.418787 -16.4282
0.425413 -0.0454856 0.903856 237.894 -0.0158043 0.99821 0.0576724 -5.50236 -0.904861 -0.0388194 0.423933 -16.0718
0.429159 -0.0473165 0.901989 238.615 -0.0143602 0.998143 0.0591931 -5.47318 -0.903115 -0.038356 0.427683 -15.7266
0.433339 -0.053412 0.899647 239.315 -0.00866164 0.997949 0.0634203 -5.44103 -0.90119 -0.0352749 0.431987 -15.3868
0.435441 -0.0583377 0.898325 240.05 -0.00912335 0.997561 0.0692045 -5.40413 -0.900171 -0.0383302 0.433847 -15.0136
0.437867 -0.0657372 0.896633 240.746 -0.00466607 0.997144 0.0753848 -5.36791 -0.899027 -0.0371923 0.43631 -14.6748
0.439692 -0.0697329 0.895438 241.482 -0.00509802 0.996772 0.0801277 -5.32501 -0.898134 -0.0397964 0.437917 -14.3093
0.442587 -0.07706 0.893408 242.188 -0.00219747 0.996205 0.0870152 -5.28078 -0.896723 -0.040475 0.440738 -13.9575
0.44334 -0.0775245 0.892995 242.892 -0.00327665 0.996106 0.0881028 -5.23552 -0.896347 -0.0419855 0.44136 -13.6033
0.445252 -0.0671817 0.892881 243.622 -0.00988732 0.996752 0.0799276 -5.18977 -0.895351 -0.0444162 0.443142 -13.2387
0.445744 -0.0536902 0.893549 244.338 -0.0131336 0.9977 0.0664999 -5.15361 -0.895064 -0.0413774 0.444014 -12.8569
0.447026 -0.0441835 0.893429 245.037 -0.0155974 0.998243 0.057171 -5.11915 -0.894385 -0.039492 0.445551 -12.5107
0.446473 -0.0467033 0.893578 245.775 -0.0143285 0.998136 0.0593272 -5.079 -0.894682 -0.0392916 0.444971 -12.1394
0.446886 -0.0532859 0.893003 246.456 -0.0126431 0.997749 0.0658631 -5.04386 -0.894502 -0.0407236 0.445206 -11.7948
0.447564 -0.0550477 0.892556 247.209 -0.0115696 0.997664 0.0673315 -5.01287 -0.894177 -0.0404616 0.445881 -11.3917
0.448625 -0.0552551 0.89201 247.93 -0.00808996 0.997795 0.0658766 -4.97948 -0.893684 -0.0367702 0.447189 -11.0411
