1 -4.1311e-11 -1.95776e-11 0 -4.12612e-11 1 -1.70424e-11 0 -1.42043e-10 -1.70424e-11 1 -2.98023e-08
1 -0.000523617 -0.000267436 -0.00431519 0.000524084 0.999998 0.0017463 -0.0368721 0.000266521 -0.00174644 0.999999 1.30065
0.999997 -0.00237573 -6.51613e-06 -0.0214672 0.00237574 0.999994 0.00233602 -0.0637842 9.66294e-07 -0.00233602 0.999997 2.60822
0.999994 -0.00334594 -0.00076072 -0.0351979 0.00334741 0.999993 0.00194074 -0.0956942 0.000754221 -0.00194327 0.999998 3.94244
0.999993 -0.00373074 -0.000152063 -0.0360675 0.00373105 0.999991 0.00210969 -0.121211 0.000144191 -0.00211024 0.999998 5.24038
0.999991 -0.00410992 -0.000797801 -0.048147 0.00411206 0.999988 0.00270408 -0.142728 0.000786678 -0.00270734 0.999996 6.57561
0.999987 -0.00518952 -0.0001492 -0.0530762 0.0051901 0.999978 0.00419225 -0.171473 0.000127441 -0.00419297 0.999991 7.89344
0.999985 -0.00557962 0.000159306 -0.0647766 0.00557883 0.999974 0.00460886 -0.193343 -0.000185018 -0.0046079 0.999989 9.22091
0.99999 -0.00449218 -0.000832003 -0.0717539 0.00449491 0.999985 0.00330683 -0.220576 0.000817136 -0.00331053 0.999994 10.5594
0.999999 -0.00155309 -0.000569348 -0.0924671 0.00155376 0.999998 0.00117649 -0.241868 0.00056752 -0.00117738 0.999999 11.8768
0.999998 0.00176992 -0.000881797 -0.107372 -0.00176962 0.999998 0.000339871 -0.274298 0.000882397 -0.00033831 1 13.2307
0.999991 0.00415504 -0.00108476 -0.127113 -0.00415466 0.999991 0.000354545 -0.299065 0.00108622 -0.000350035 0.999999 14.5445
0.999988 0.00484184 0.000101754 -0.140846 -0.00484194 0.999988 0.00108648 -0.325647 -9.64922e-05 -0.00108696 0.999999 15.8987
0.999996 0.00261474 -0.000604731 -0.143807 -0.00261238 0.999989 0.00386668 -0.352091 0.000614835 -0.00386509 0.999992 17.2605
0.999999 -0.00172746 -0.00023444 -0.148914 0.00172879 0.999982 0.00580865 -0.377252 0.000224401 -0.00580905 0.999983 18.6058
0.999992 -0.00392136 -0.000478097 -0.156467 0.00392325 0.999984 0.00401 -0.405441 0.000462364 -0.00401184 0.999992 19.9825
0.999987 -0.00501007 -0.000658607 -0.155986 0.00501124 0.999986 0.00179699 -0.4256 0.000649594 -0.00180026 0.999998 21.3037
0.999997 -0.00243698 0.000119017 -0.158282 0.00243688 0.999997 0.000870752 -0.463676 -0.000121139 -0.00087046 1 22.6836
0.999999 -0.0003743 0.00105949 -0.15737 0.000372268 0.999998 0.00191825 -0.479271 -0.00106021 -0.00191786 0.999998 24.058
0.999998 -0.000381192 0.00180557 -0.156995 0.000370268 0.999982 0.00604709 -0.49871 -0.00180784 -0.00604641 0.99998 25.4213
0.999996 -0.00231544 0.00182096 -0.151499 0.00230238 0.999972 0.00714096 -0.520402 -0.00183744 -0.00713674 0.999973 26.8034
0.999981 -0.00585297 0.00194832 -0.168968 0.00583987 0.999961 0.00666225 -0.547167 -0.00198724 -0.00665074 0.999976 28.1646
0.999978 -0.00651234 0.00150023 -0.160557 0.00650688 0.999972 0.00361563 -0.565364 -0.00152374 -0.00360579 0.999992 29.5458
0.999977 -0.00618253 0.00292236 -0.187222 0.00617606 0.999979 0.00221613 -0.596299 -0.002936 -0.00219803 0.999993 30.9152
0.999989 -0.00349318 0.00298525 -0.182786 0.00349165 0.999994 0.000516783 -0.617086 -0.00298704 -0.000506354 0.999995 32.293
0.999992 -0.00161142 0.00368374 -0.18347 0.00161437 0.999998 -0.000795328 -0.651243 -0.00368246 0.000801269 0.999993 33.6775
0.999993 -0.00058684 0.00361667 -0.199531 0.000589865 1 -0.000835463 -0.680172 -0.00361618 0.000837591 0.999993 35.0777
0.999992 -0.00189993 0.00353096 -0.196573 0.00189691 0.999998 0.000857444 -0.709893 -0.00353258 -0.00085074 0.999993 36.4467
0.999995 -0.00010739 0.00319237 -0.193271 9.97439e-05 0.999997 0.00239489 -0.73619 -0.00319262 -0.00239456 0.999992 37.8393
0.999993 0.00245933 0.00274226 -0.198852 -0.00246617 0.999994 0.00249279 -0.764609 -0.00273611 -0.00249954 0.999993 39.2411
0.999983 0.00479032 0.00344804 -0.215569 -0.00479897 0.999985 0.00250628 -0.791008 -0.00343598 -0.00252279 0.999991 40.6448
0.999972 0.00670722 0.00332821 -0.210765 -0.00671628 0.999974 0.00271773 -0.816536 -0.00330989 -0.00274 0.999991 42.055
0.999962 0.00821448 0.00297066 -0.224159 -0.00822304 0.999962 0.00288281 -0.843727 -0.00294686 -0.00290713 0.999991 43.4564
0.99997 0.00706294 0.00331172 -0.235854 -0.00707221 0.999971 0.00279529 -0.871705 -0.00329189 -0.00281863 0.999991 44.8693
0.999976 0.00651632 0.00245406 -0.23077 -0.00652212 0.999976 0.00236411 -0.898795 -0.00243859 -0.00238006 0.999994 46.2496
0.999978 0.00623025 0.00214535 -0.243647 -0.00623659 0.999976 0.00296109 -0.926786 -0.00212685 -0.0029744 0.999993 47.6636
0.999981 0.0062197 -0.000223755 -0.224776 -0.00621883 0.999974 0.00369983 -0.952511 0.000246761 -0.00369836 0.999993 49.0995
0.999976 0.00686671 -0.000461977 -0.247972 -0.00686493 0.99997 0.00372987 -0.977808 0.000487575 -0.00372661 0.999993 50.5031
0.999971 0.00746238 -0.00177425 -0.251263 -0.00745507 0.999964 0.00409025 -1.00446 0.00180471 -0.0040769 0.99999 51.9466
0.999969 0.00730735 -0.00283353 -0.263299 -0.00729246 0.99996 0.0052314 -1.02836 0.00287164 -0.00521057 0.999982 53.3545
0.999977 0.00561856 -0.00377506 -0.270263 -0.00559559 0.999966 0.00606903 -1.05259 0.00380903 -0.00604777 0.999974 54.8079
0.999981 0.00431152 -0.00434772 -0.281662 -0.00428393 0.999971 0.00633463 -1.07721 0.00437491 -0.00631589 0.999971 56.2169
0.999988 0.00243053 -0.00422124 -0.300899 -0.00240588 0.99998 0.00583512 -1.10388 0.00423534 -0.0058249 0.999974 57.6184
0.999989 0.000979977 -0.00449543 -0.306494 -0.000952354 0.999981 0.0061425 -1.12676 0.00450136 -0.00613815 0.999971 59.0809
0.999994 5.6577e-05 -0.00355536 -0.324627 -3.18782e-05 0.999976 0.00694665 -1.15206 0.00355567 -0.00694649 0.99997 60.4704
0.999993 -0.00169566 -0.00338322 -0.332624 0.00172123 0.99997 0.0075706 -1.17457 0.00337028 -0.00757637 0.999966 61.9439
0.999991 -0.00369626 -0.00218875 -0.352468 0.0037125 0.999965 0.00746257 -1.197 0.0021611 -0.00747063 0.99997 63.3555
0.999986 -0.00468103 -0.00228345 -0.348307 0.00469568 0.999968 0.00645251 -1.22398 0.00225318 -0.00646315 0.999977 64.7465
0.999989 -0.00435897 -0.00175448 -0.357768 0.00437005 0.99997 0.00636266 -1.25318 0.00172669 -0.00637026 0.999978 66.2172
0.999996 -0.00237971 -0.00121418 -0.363645 0.00238741 0.999977 0.00638315 -1.27721 0.00119896 -0.00638602 0.999979 67.5802
1 0.000273023 -4.27102e-05 -0.386541 -0.00027269 0.999971 0.00759532 -1.3029 4.47822e-05 -0.00759531 0.999971 69.0296
0.999991 0.00419117 0.000248635 -0.395708 -0.00419321 0.999952 0.00887554 -1.32829 -0.000211425 -0.0088765 0.999961 70.448
0.999969 0.00780188 0.00121861 -0.409116 -0.00781299 0.999925 0.00938994 -1.3507 -0.00114526 -0.00939916 0.999955 71.8955
0.999917 0.0126728 0.00233229 -0.427571 -0.0126935 0.999878 0.00908103 -1.37103 -0.00221692 -0.00910988 0.999956 73.2481
0.999884 0.0150451 0.00240764 -0.428027 -0.0150651 0.99985 0.00852029 -1.39391 -0.00227909 -0.00855557 0.999961 74.6508
0.999848 0.0170764 0.00341109 -0.441021 -0.0171052 0.999817 0.00859309 -1.41408 -0.00326372 -0.00865014 0.999957 76.0791
0.999847 0.0170714 0.00379488 -0.449728 -0.0171044 0.999815 0.00883867 -1.43828 -0.00364329 -0.00890223 0.999954 77.4483
0.999867 0.0158942 0.00366991 -0.449242 -0.0159263 0.999834 0.00889569 -1.45838 -0.00352791 -0.00895295 0.999954 78.7996
0.999878 0.0151866 0.00372559 -0.452372 -0.0152155 0.999853 0.0078426 -1.484 -0.00360594 -0.00789833 0.999962 80.242
0.999894 0.0142281 0.00313846 -0.453932 -0.0142528 0.999867 0.0079731 -1.50837 -0.0030246 -0.00801698 0.999963 81.6114
0.999897 0.0140338 0.00285381 -0.455556 -0.0140568 0.999867 0.00820494 -1.52725 -0.00273829 -0.00824422 0.999962 82.9458
0.999899 0.0139999 0.0025074 -0.461019 -0.0140193 0.999871 0.0078783 -1.55311 -0.00239678 -0.00791265 0.999966 84.3427
0.999897 0.0142578 0.00188862 -0.466786 -0.0142729 0.999864 0.00825208 -1.57371 -0.00177071 -0.00827818 0.999964 85.7229
0.99991 0.0134175 0.000853047 -0.477589 -0.0134247 0.999869 0.00901138 -1.59816 -0.000732025 -0.00902202 0.999959 87.1401
0.999934 0.0114511 -0.000276787 -0.478596 -0.0114477 0.999883 0.0101878 -1.61984 0.000393416 -0.010184 0.999948 88.5347
0.999956 0.00931441 -0.00139952 -0.489827 -0.00929873 0.999898 0.0108211 -1.63917 0.00150017 -0.0108076 0.999941 89.8933
0.99997 0.00747539 -0.00211576 -0.493534 -0.00745213 0.999914 0.0107942 -1.65925 0.00219627 -0.0107781 0.99994 91.2356
0.999978 0.00606985 -0.00278149 -0.507613 -0.00604034 0.999927 0.0104974 -1.67896 0.002845 -0.0104803 0.999941 92.6211
0.999982 0.00521279 -0.00289109 -0.513744 -0.00518347 0.999936 0.0100589 -1.70194 0.00294334 -0.0100438 0.999945 94.0132
0.999982 0.00534674 -0.00288898 -0.524883 -0.00531892 0.99994 0.00955501 -1.72147 0.0029399 -0.00953947 0.99995 95.3995
0.999983 0.00503834 -0.00303584 -0.538794 -0.00501053 0.999946 0.00909883 -1.74157 0.00308152 -0.00908346 0.999954 96.7652
0.999976 0.00639218 -0.00283641 -0.542519 -0.006368 0.999944 0.00845618 -1.76773 0.00289031 -0.00843791 0.99996 98.1477
0.999966 0.00801976 -0.00205579 -0.561294 -0.0080016 0.99993 0.00869546 -1.78612 0.00212538 -0.00867871 0.99996 99.4993
0.999961 0.00860775 -0.00207277 -0.571921 -0.00858633 0.999912 0.0101303 -1.81121 0.00215978 -0.0101121 0.999947 100.821
0.999956 0.00914533 -0.00216701 -0.58106 -0.00911929 0.99989 0.0117347 -1.82693 0.00227408 -0.0117144 0.999929 102.197
0.999958 0.0090336 -0.00185814 -0.594308 -0.00901404 0.999907 0.0102746 -1.85134 0.00195078 -0.0102574 0.999946 103.507
0.999958 0.00904907 -0.00158165 -0.603393 -0.00903631 0.999928 0.00789312 -1.86887 0.00165297 -0.0078785 0.999968 104.89
0.999955 0.00924177 -0.00194467 -0.613517 -0.00922841 0.999935 0.00676806 -1.89035 0.00200709 -0.00674981 0.999975 106.206
0.999977 0.00648872 -0.00170813 -0.62302 -0.00647488 0.999947 0.0079906 -1.91458 0.00175989 -0.00797936 0.999967 107.56
0.999993 0.00366787 -0.0010139 -0.628793 -0.0036574 0.999942 0.0101399 -1.93105 0.00105104 -0.0101361 0.999948 108.846
0.999998 0.00202586 -0.000429593 -0.640312 -0.002021 0.999937 0.0110219 -1.95341 0.000451895 -0.0110211 0.999939 110.2
0.999999 0.00109092 0.000551677 -0.640568 -0.00109625 0.999952 0.00975555 -1.97214 -0.000541008 -0.00975615 0.999952 111.492
0.999994 0.00312322 0.00117285 -0.641453 -0.0031317 0.999969 0.00729404 -1.99179 -0.00115003 -0.00729768 0.999973 112.888
0.999982 0.0055771 0.00205706 -0.645389 -0.00558772 0.999971 0.00519163 -2.01537 -0.00202804 -0.00520303 0.999985 114.241
0.999951 0.00917539 0.00374443 -0.656456 -0.00919486 0.999944 0.00521868 -2.03628 -0.00369634 -0.00525285 0.999979 115.608
0.999934 0.010217 0.00520766 -0.661074 -0.0102545 0.999921 0.00722481 -2.05803 -0.00513343 -0.00727774 0.99996 116.838
0.999935 0.0095896 0.00621687 -0.663245 -0.00964957 0.999907 0.00968943 -2.07534 -0.00612337 -0.00974879 0.999934 118.254
0.999937 0.00882078 0.00699996 -0.660059 -0.00889242 0.999908 0.0102698 -2.09508 -0.00690872 -0.0103314 0.999923 119.487
0.999921 0.00958764 0.00807787 -0.653464 -0.0096658 0.999906 0.00969312 -2.11511 -0.00798418 -0.00977044 0.99992 120.99
0.999897 0.0109448 0.00931473 -0.653061 -0.0110323 0.999895 0.00938835 -2.13025 -0.00921099 -0.00949015 0.999913 122.187
0.999863 0.0127433 0.0105507 -0.649366 -0.0128385 0.999877 0.00900716 -2.14737 -0.0104346 -0.00914138 0.999904 123.607
0.999831 0.0140677 0.0118255 -0.638632 -0.0141621 0.999868 0.00793689 -2.16648 -0.0117122 -0.00810302 0.999899 124.875
0.999802 0.0150666 0.0130033 -0.634411 -0.0151637 0.999858 0.00739964 -2.18517 -0.01289 -0.00759535 0.999888 126.256
0.999809 0.0137829 0.0138906 -0.629748 -0.0138836 0.999878 0.00718034 -2.20599 -0.0137899 -0.00737182 0.999878 127.578
0.999802 0.0134808 0.0146555 -0.612123 -0.0136022 0.999874 0.00821751 -2.2278 -0.0145428 -0.00841522 0.999859 128.944
0.999804 0.0119293 0.0157823 -0.602583 -0.0120774 0.999884 0.00931947 -2.2437 -0.0156693 -0.00950825 0.999832 130.269
0.999811 0.0109551 0.0160406 -0.584063 -0.0111083 0.999893 0.00949501 -2.2646 -0.0159348 -0.0096714 0.999826 131.628
0.999832 0.00906003 0.015909 -0.567221 -0.00921971 0.999908 0.009993 -2.2816 -0.015817 -0.010138 0.999824 132.933
0.999853 0.0069982 0.0156834 -0.551366 -0.0071664 0.999917 0.0106941 -2.29881 -0.0156073 -0.0108049 0.99982 134.305
0.999867 0.0055152 0.0153277 -0.537906 -0.00567574 0.999929 0.0104505 -2.31477 -0.015269 -0.0105361 0.999828 135.595
0.999893 0.004499 0.0138904 -0.523067 -0.00464541 0.999934 0.0105264 -2.33453 -0.0138421 -0.0105898 0.999848 136.988
0.999911 0.00266 0.0130572 -0.50358 -0.00280715 0.999933 0.0112635 -2.35026 -0.0130264 -0.0112992 0.999851 138.293
0.999927 0.00136962 0.0120413 -0.490546 -0.00151036 0.999931 0.0116868 -2.36777 -0.0120245 -0.0117041 0.999859 139.656
0.999942 -0.000105785 0.0107898 -0.480746 -1.99342e-05 0.999932 0.0116509 -2.38103 -0.0107903 -0.0116504 0.999874 140.983
0.999953 0.000409907 0.00971188 -0.471066 -0.000520015 0.999936 0.0113377 -2.39937 -0.00970661 -0.0113422 0.999889 142.401
0.999962 3.40815e-05 0.00868112 -0.461208 -0.000127542 0.999942 0.0107657 -2.41301 -0.00868025 -0.0107664 0.999904 143.689
0.99997 -0.00118564 0.00769567 -0.45569 0.00111919 0.999962 0.00863254 -2.43464 -0.00770561 -0.00862366 0.999933 145.083
0.999952 -0.0071421 0.0066855 -0.447595 0.0070899 0.999944 0.0077999 -2.4562 -0.00674084 -0.00775213 0.999947 146.425
0.999874 -0.0147995 0.00581751 -0.433149 0.0147376 0.999836 0.0105415 -2.46942 -0.00597257 -0.0104544 0.999928 147.75
0.999732 -0.0227668 0.0041729 -0.414951 0.0227148 0.999669 0.0121031 -2.48532 -0.00444706 -0.012005 0.999918 149.068
0.999668 -0.0255926 0.00288784 -0.395876 0.0255648 0.99963 0.00926634 -2.50487 -0.00312393 -0.00918944 0.999953 150.426
0.999696 -0.024418 0.00348204 -0.399275 0.024398 0.999686 0.00567102 -2.52893 -0.00361943 -0.00558434 0.999978 151.772
0.999765 -0.0212207 0.00432406 -0.402586 0.0212059 0.999769 0.00343249 -2.54744 -0.0043959 -0.00333999 0.999985 153.121
0.999776 -0.0205376 0.00519046 -0.392865 0.020519 0.999783 0.00360969 -2.57578 -0.00526347 -0.00350237 0.99998 154.435
0.999688 -0.0242705 0.00590477 -0.390819 0.0242308 0.999684 0.00670608 -2.59635 -0.00606566 -0.00656091 0.99996 155.801
0.99953 -0.0300258 0.00618787 -0.375901 0.0299632 0.999501 0.00997007 -2.62125 -0.00648414 -0.00977998 0.999931 157.149
0.999411 -0.0337315 0.00627902 -0.36576 0.0336595 0.99937 0.0112479 -2.63559 -0.00665447 -0.0110299 0.999917 158.48
0.999361 -0.0351952 0.00616463 -0.350999 0.0351231 0.999318 0.0114445 -2.65518 -0.00656321 -0.0112206 0.999916 159.847
0.999407 -0.033758 0.00681623 -0.343811 0.0336755 0.999362 0.0118775 -2.66867 -0.00721285 -0.0116409 0.999906 161.188
0.999507 -0.0302865 0.00833234 -0.347925 0.0301918 0.999481 0.0112692 -2.68532 -0.00866932 -0.0110121 0.999902 162.551
0.999636 -0.0253059 0.0093699 -0.348388 0.0252213 0.999641 0.00904255 -2.70482 -0.00959536 -0.00880294 0.999915 163.89
0.999694 -0.0226158 0.0100635 -0.3425 0.0225318 0.999711 0.00838154 -2.72171 -0.0102502 -0.00815222 0.999914 165.279
0.999725 -0.0211551 0.0101477 -0.33796 0.0210597 0.999734 0.0094137 -2.73768 -0.0103441 -0.0091974 0.999904 166.614
0.99975 -0.0198819 0.0102449 -0.333298 0.0197859 0.99976 0.0093957 -2.75762 -0.0104292 -0.00919065 0.999903 167.99
0.999804 -0.0173284 0.0096158 -0.328743 0.0172588 0.999825 0.00728083 -2.77641 -0.00974028 -0.00711345 0.999927 169.416
0.999864 -0.013526 0.00945114 -0.327336 0.0134862 0.9999 0.0042612 -2.80018 -0.00950783 -0.00413316 0.999946 170.752
0.999931 -0.00751518 0.00900451 -0.331848 0.00748959 0.999968 0.00287212 -2.82701 -0.00902581 -0.00280448 0.999955 172.168
0.999951 -0.00363534 0.00921992 -0.32948 0.0035983 0.999985 0.00403087 -2.84768 -0.00923444 -0.00399749 0.999949 173.489
0.999949 -0.00100713 0.0100567 -0.330808 0.000944731 0.99998 0.00620746 -2.86857 -0.0100627 -0.00619764 0.99993 174.927
0.999946 -0.000211123 0.0103496 -0.324309 0.000126283 0.999966 0.00819744 -2.89207 -0.010351 -0.00819569 0.999913 176.289
0.999956 -0.00229648 0.00914931 -0.31506 0.00220981 0.999953 0.00947176 -2.90932 -0.00917063 -0.00945112 0.999913 177.659
0.999953 -0.00562953 0.0079224 -0.307222 0.00555402 0.999939 0.00952093 -2.92327 -0.00797552 -0.00947648 0.999923 179.037
0.999966 -0.00584469 0.00586006 -0.306094 0.00580993 0.999966 0.00592998 -2.94499 -0.00589452 -0.00589573 0.999965 180.49
0.999986 -0.00292886 0.00435707 -0.307102 0.0029216 0.999994 0.00167221 -2.97099 -0.00436194 -0.00165946 0.999989 181.842
0.999993 0.00072177 0.00368952 -0.316009 -0.00072367 1 0.000513783 -2.99424 -0.00368915 -0.000516448 0.999993 183.303
0.999975 0.00588115 0.00380662 -0.323456 -0.00588701 0.999982 0.00152795 -3.02801 -0.00379756 -0.00155032 0.999992 184.668
0.999966 0.00728972 0.00380272 -0.326687 -0.00730851 0.999961 0.00495175 -3.04834 -0.00376647 -0.00497937 0.999981 186.093
0.999966 0.00719862 0.00411922 -0.328747 -0.0072292 0.999946 0.00745754 -3.06874 -0.00406531 -0.00748707 0.999964 187.477
0.999966 0.00684132 0.00452633 -0.332997 -0.00687854 0.999942 0.00825963 -3.08968 -0.00446956 -0.00829048 0.999956 188.895
0.999976 0.00531492 0.00438413 -0.334247 -0.0053539 0.999946 0.00892681 -3.10768 -0.00433645 -0.00895007 0.999951 190.282
0.999987 0.00231079 0.00452029 -0.328074 -0.00235492 0.999949 0.00978091 -3.12548 -0.00449746 -0.00979142 0.999942 191.699
0.999989 0.000436463 0.00475853 -0.325118 -0.000483384 0.999951 0.00986324 -3.14876 -0.004754 -0.00986543 0.99994 193.237
0.999983 -0.00286904 0.00508958 -0.316198 0.00281392 0.999938 0.0108049 -3.16112 -0.00512026 -0.0107904 0.999929 194.528
0.999956 -0.00777284 0.00533637 -0.30549 0.0077064 0.999894 0.0123595 -3.17484 -0.00543188 -0.0123178 0.999909 195.93
0.999915 -0.0117361 0.00560066 -0.29578 0.011665 0.999853 0.012557 -3.18863 -0.00574721 -0.0124906 0.999906 197.37
0.999938 -0.00928863 0.00615094 -0.297062 0.009236 0.999921 0.00853128 -3.20548 -0.0062297 -0.00847394 0.999945 198.758
0.999977 -0.00161874 0.00659565 -0.303089 0.0015983 0.999994 0.00310337 -3.23368 -0.00660063 -0.00309276 0.999973 200.245
0.999933 0.00847061 0.00787799 -0.308778 -0.0084938 0.99996 0.00291366 -3.25497 -0.007853 -0.00298038 0.999965 201.705
0.999828 0.0161091 0.00914652 -0.319954 -0.0161681 0.999849 0.00641232 -3.27887 -0.00904184 -0.0065591 0.999938 203.122
0.999801 0.0171493 0.0101814 -0.314208 -0.0172403 0.999812 0.0089223 -3.29501 -0.0100265 -0.00909605 0.999908 204.565
0.999824 0.0161085 0.00965418 -0.309966 -0.0161979 0.999826 0.0092534 -3.31539 -0.00950344 -0.00940814 0.999911 205.996
0.999889 0.0123393 0.00832325 -0.295406 -0.0124187 0.999877 0.00955066 -3.33236 -0.00820438 -0.00965296 0.99992 207.486
0.999923 0.0100641 0.00727642 -0.284639 -0.0101303 0.999907 0.00911953 -3.35243 -0.00718396 -0.00919254 0.999932 208.865
0.999919 0.0107144 0.00681391 -0.279473 -0.0107713 0.999907 0.00836792 -3.36954 -0.00672362 -0.00844064 0.999942 210.316
0.999905 0.0120185 0.00671454 -0.278712 -0.012077 0.999889 0.00874852 -3.38968 -0.00660865 -0.00882878 0.999939 211.79
0.999893 0.0130953 0.00656532 -0.277621 -0.0131577 0.999868 0.00955012 -3.40847 -0.00643939 -0.00963548 0.999933 213.238
0.999899 0.0126812 0.00635376 -0.274775 -0.0127415 0.999873 0.00954507 -3.42821 -0.00623191 -0.00962507 0.999934 214.721
0.9999 0.0127506 0.00615243 -0.269816 -0.0128018 0.999883 0.00834959 -3.44654 -0.00604525 -0.00842752 0.999946 216.16
0.999914 0.0117556 0.00583809 -0.272528 -0.0118027 0.999898 0.00810142 -3.46567 -0.00574225 -0.00816962 0.99995 217.671
0.999911 0.0123562 0.00506893 -0.26769 -0.012397 0.99989 0.00809343 -3.48599 -0.00496837 -0.00815555 0.999954 219.153
0.999909 0.0124689 0.00508172 -0.270649 -0.0125085 0.999891 0.00784431 -3.50838 -0.00498335 -0.00790716 0.999956 220.607
0.99991 0.0125609 0.00474779 -0.268019 -0.0125977 0.99989 0.00780384 -3.52756 -0.00464924 -0.00786294 0.999958 222.137
0.999893 0.0139172 0.00445621 -0.265088 -0.0139503 0.999875 0.00746545 -3.54814 -0.00435175 -0.00752682 0.999962 223.57
0.999901 0.0134882 0.00403395 -0.273221 -0.0135174 0.999882 0.00730364 -3.57088 -0.00393496 -0.00735744 0.999965 225.077
0.99989 0.0143976 0.00362465 -0.270177 -0.014425 0.999867 0.0076261 -3.58927 -0.00351437 -0.00767754 0.999964 226.561
0.999903 0.0134322 0.00361378 -0.279507 -0.0134589 0.999882 0.00747545 -3.61401 -0.00351294 -0.00752336 0.999966 228.058
0.999915 0.0125668 0.00351838 -0.27498 -0.0125921 0.999894 0.00724741 -3.6339 -0.00342693 -0.0072911 0.999968 229.539
0.999925 0.0116778 0.00367103 -0.275231 -0.0117061 0.999901 0.00779659 -3.65581 -0.00357962 -0.00783898 0.999963 231.066
0.999944 0.00978089 0.00409632 -0.277851 -0.00981581 0.999915 0.0085935 -3.67655 -0.00401192 -0.00863322 0.999955 232.544
0.999948 0.00940823 0.00385789 -0.275975 -0.00944232 0.999916 0.00891369 -3.69843 -0.0037737 -0.00894966 0.999953 234.088
0.99994 0.0102449 0.00401471 -0.271599 -0.0102793 0.99991 0.00865958 -3.7194 -0.00392563 -0.00870032 0.999954 235.547
0.999926 0.0113802 0.00440337 -0.272469 -0.0114149 0.999903 0.00794151 -3.74209 -0.00431257 -0.00799118 0.999959 237.075
0.999908 0.0126444 0.00490609 -0.277197 -0.0126866 0.999882 0.00867845 -3.76183 -0.00479578 -0.00873989 0.99995 238.537
0.99991 0.012307 0.00534705 -0.279819 -0.0123646 0.999864 0.0108869 -3.77555 -0.00521234 -0.010952 0.999927 240.074
0.999913 0.0117283 0.00611358 -0.27846 -0.0117966 0.999867 0.011272 -3.79648 -0.00598057 -0.0113431 0.999918 241.616
0.99989 0.0132367 0.00673961 -0.274741 -0.0133031 0.999862 0.00990235 -3.81571 -0.00660761 -0.00999091 0.999928 243.069
0.999887 0.0130804 0.00743212 -0.274405 -0.0131423 0.999879 0.00834423 -3.83688 -0.00732207 -0.00844096 0.999938 244.637
0.999872 0.0141752 0.00737709 -0.267441 -0.0142409 0.999859 0.00894095 -3.85182 -0.00724931 -0.00904486 0.999933 246.13
0.999884 0.0133993 0.00720362 -0.269822 -0.0134711 0.999859 0.0100137 -3.87328 -0.00706843 -0.0101096 0.999924 247.628
0.999879 0.0137004 0.00736229 -0.261993 -0.0137812 0.999844 0.0110368 -3.89112 -0.00720993 -0.011137 0.999912 249.148
0.999872 0.014367 0.00703059 -0.257885 -0.0144438 0.999835 0.0109972 -3.91047 -0.00687143 -0.0110973 0.999915 250.688
0.999856 0.0154946 0.00686999 -0.252934 -0.0155702 0.999817 0.0110857 -3.92608 -0.00669696 -0.0111911 0.999915 252.204
0.999835 0.0166183 0.00733584 -0.251774 -0.0167004 0.999797 0.0112653 -3.94271 -0.00714714 -0.0113859 0.99991 253.73
0.999826 0.0171396 0.00732774 -0.251766 -0.0172228 0.999786 0.0114497 -3.95676 -0.00712993 -0.0115739 0.999908 255.305
0.999857 0.0153801 0.00709108 -0.254269 -0.0154626 0.999812 0.011723 -3.97509 -0.00690944 -0.011831 0.999906 256.833
0.999881 0.0137272 0.00708802 -0.247123 -0.0138174 0.999822 0.0128305 -3.98588 -0.00691064 -0.0129269 0.999893 258.359
0.999917 0.010563 0.00737435 -0.232704 -0.010663 0.99985 0.0136554 -4.00625 -0.007229 -0.0137329 0.99988 259.92
0.999929 0.00959578 0.0070013 -0.235203 -0.00968423 0.999872 0.0127111 -4.01985 -0.00687844 -0.012778 0.999895 261.452
0.999936 0.00888519 0.00701609 -0.217625 -0.00896939 0.999887 0.0120631 -4.03559 -0.00690811 -0.0121252 0.999903 262.985
0.999952 0.00626438 0.00752019 -0.21206 -0.00636751 0.999885 0.0137681 -4.05187 -0.00743307 -0.0138153 0.999877 264.497
0.999967 0.0031701 0.00754067 -0.204775 -0.0032885 0.999871 0.0157416 -4.0563 -0.00748979 -0.0157659 0.999848 266.054
0.999966 0.00198959 0.0079577 -0.192063 -0.00210898 0.999885 0.0150225 -4.07422 -0.00792689 -0.0150387 0.999856 267.642
0.999964 0.00176335 0.00827386 -0.185084 -0.0018796 0.999899 0.0140634 -4.08573 -0.00824823 -0.0140785 0.999867 269.161
0.999954 0.00250732 0.00925949 -0.176466 -0.00263901 0.999895 0.014237 -4.09742 -0.00922282 -0.0142608 0.999856 270.692
0.999938 0.0037906 0.0104947 -0.176384 -0.00394007 0.999891 0.0142589 -4.10851 -0.0104395 -0.0142994 0.999843 272.246
0.99992 0.00615806 0.0110278 -0.16668 -0.00630641 0.999889 0.0134693 -4.1266 -0.0109437 -0.0135377 0.999849 273.796
0.999899 0.00728077 0.0122431 -0.150665 -0.0074494 0.999877 0.0137851 -4.13852 -0.0121412 -0.0138749 0.99983 275.323
0.999894 0.00705966 0.0127322 -0.142585 -0.00722779 0.999887 0.0132083 -4.15558 -0.0126375 -0.0132989 0.999832 276.924
0.99987 0.00764953 0.0141715 -0.137426 -0.00783339 0.999885 0.0129641 -4.16682 -0.0140707 -0.0130735 0.999816 278.442
0.999866 0.00694225 0.0148318 -0.109279 -0.00712604 0.999898 0.0123746 -4.18709 -0.0147444 -0.0124786 0.999813 279.99
0.999844 0.00696306 0.016258 -0.0927894 -0.00717002 0.999894 0.0127064 -4.20108 -0.0161678 -0.0128209 0.999787 281.54
0.999847 0.00517538 0.016725 -0.0837228 -0.00540846 0.999889 0.0139211 -4.21485 -0.0166511 -0.0140094 0.999763 283.124
0.999849 0.00405512 0.0169117 -0.0580523 -0.00429254 0.999892 0.0140261 -4.23023 -0.016853 -0.0140966 0.999759 284.672
0.999846 0.0029891 0.0173135 -0.0249845 -0.00319675 0.999923 0.0119781 -4.24924 -0.0172764 -0.0120316 0.999778 286.247
0.999855 0.0033065 0.0167307 -0.0118001 -0.00347095 0.999946 0.00980982 -4.26483 -0.0166974 -0.00986647 0.999812 287.783
0.999867 0.00287611 0.0160714 0.0158591 -0.00303554 0.999946 0.00990427 -4.28003 -0.016042 -0.00995173 0.999822 289.308
0.999883 0.00123562 0.0152148 0.0401195 -0.00138683 0.99995 0.00993142 -4.29961 -0.0152017 -0.00995136 0.999835 290.858
0.9999 0.00173816 0.0140715 0.0450815 -0.00186985 0.999955 0.00935039 -4.31813 -0.0140546 -0.00937576 0.999857 292.42
0.999902 0.00194871 0.0138544 0.071612 -0.00207526 0.999956 0.00912523 -4.33765 -0.013836 -0.00915309 0.999862 294.034
0.999907 0.00185369 0.0135094 0.087424 -0.00198263 0.999953 0.0095366 -4.35388 -0.0134911 -0.00956249 0.999863 295.564
0.999917 0.00196454 0.012772 0.111179 -0.00208979 0.99995 0.00979994 -4.37856 -0.0127521 -0.00982582 0.99987 297.142
0.999931 0.00166626 0.0115935 0.121694 -0.00179425 0.999937 0.0110384 -4.39317 -0.0115744 -0.0110584 0.999872 298.764
0.999935 0.00255634 0.0111132 0.137222 -0.00269517 0.999918 0.0124952 -4.40608 -0.0110804 -0.0125244 0.99986 300.291
0.999928 0.0032146 0.0115657 0.151053 -0.00335994 0.999915 0.0125687 -4.42374 -0.0115243 -0.0126066 0.999854 301.912
0.999909 0.00403343 0.0129057 0.16742 -0.00419426 0.999914 0.0124594 -4.43459 -0.0128543 -0.0125124 0.999839 303.455
0.999904 0.00257379 0.0135796 0.177284 -0.00274185 0.99992 0.0123722 -4.4466 -0.0135466 -0.0124082 0.999831 305.044
0.999907 0.000654973 0.0136574 0.197385 -0.000808526 0.999937 0.0112408 -4.46221 -0.0136492 -0.0112507 0.999844 306.707
0.999899 -0.000322113 0.014221 0.221866 0.000189499 0.999957 0.00932573 -4.48468 -0.0142233 -0.00932209 0.999855 308.27
0.999906 -0.00123947 0.0136572 0.229649 0.00112813 0.999966 0.00815681 -4.50069 -0.0136668 -0.00814063 0.999874 309.923
0.999924 -0.000528234 0.0123047 0.244416 0.000435571 0.999972 0.00753215 -4.52211 -0.0123084 -0.00752622 0.999896 311.47
0.999956 0.00113637 0.009316 0.252331 -0.00121261 0.999966 0.00818146 -4.54547 -0.00930638 -0.0081924 0.999923 313.105
0.999961 0.00185876 0.0086531 0.261698 -0.00195622 0.999935 0.0112678 -4.55868 -0.00863159 -0.0112843 0.999899 314.727
0.999957 0.000441279 0.00930258 0.273521 -0.000578688 0.999891 0.0147732 -4.57484 -0.00929505 -0.014778 0.999848 316.348
0.99995 -0.0011889 0.00991468 0.264101 0.00103715 0.999882 0.0152972 -4.5855 -0.0099317 -0.0152862 0.999834 318.001
0.999954 -0.00180321 0.00940165 0.282432 0.00166769 0.999895 0.0144028 -4.59815 -0.00942664 -0.0143865 0.999852 319.614
0.999944 -0.00249153 0.0103228 0.291732 0.00234564 0.999898 0.0141212 -4.60862 -0.010357 -0.0140962 0.999847 321.269
0.999942 -0.00297669 0.0103571 0.29044 0.00282454 0.999888 0.0146748 -4.62019 -0.0103996 -0.0146447 0.999839 322.89
0.999946 -0.00277872 0.00999957 0.298352 0.00263314 0.999891 0.0145418 -4.63921 -0.0100389 -0.0145147 0.999844 324.522
0.99994 -0.0016511 0.0108204 0.310117 0.00149936 0.999901 0.0140168 -4.64934 -0.0108425 -0.0139997 0.999843 326.145
0.999932 -0.000944605 0.0116144 0.315059 0.000790166 0.999911 0.0132946 -4.66677 -0.0116259 -0.0132846 0.999844 327.779
0.999938 -0.0018328 0.0109895 0.317792 0.00166919 0.999888 0.0148791 -4.68266 -0.0110155 -0.0148598 0.999829 329.413
0.999922 -0.0035698 0.0119868 0.330414 0.00337399 0.999861 0.016316 -4.69433 -0.0120434 -0.0162743 0.999795 331.043
0.99993 -0.00322673 0.0114192 0.348093 0.00305621 0.999884 0.0149184 -4.71114 -0.011466 -0.0148824 0.999824 332.703
0.999919 -0.00321773 0.0122847 0.349842 0.00302874 0.999877 0.0153724 -4.72859 -0.0123326 -0.015334 0.999806 334.284
0.99993 -0.00207631 0.0116664 0.353895 0.00192338 0.999912 0.0131047 -4.73185 -0.0116926 -0.0130814 0.999846 335.889
0.999934 0.00180789 0.0113464 0.369833 -0.00192797 0.999942 0.0105812 -4.76105 -0.0113266 -0.0106024 0.99988 337.494
0.999942 0.0017769 0.0106491 0.376004 -0.00189596 0.999936 0.0111803 -4.77345 -0.0106286 -0.0111998 0.999881 339.121
0.999947 0.0024333 0.0100161 0.382855 -0.00257695 0.999894 0.0143543 -4.79548 -0.0099801 -0.0143794 0.999847 340.718
0.999958 0.00348366 0.00848664 0.394316 -0.00362824 0.999848 0.0170803 -4.80517 -0.00842584 -0.0171104 0.999818 342.339
0.999964 0.00419077 0.00739299 0.395866 -0.00431073 0.999858 0.0162847 -4.8162 -0.0073237 -0.016316 0.99984 343.944
0.999975 0.00432088 0.00557657 0.386043 -0.00440343 0.99988 0.0148756 -4.82973 -0.00551162 -0.0148998 0.999874 345.548
0.99999 0.00263134 0.00372762 0.390363 -0.00269055 0.999869 0.015969 -4.841 -0.00368511 -0.0159789 0.999866 347.184
0.999997 0.000653632 0.00242723 0.377014 -0.000694914 0.999855 0.017046 -4.85569 -0.00241574 -0.0170476 0.999852 348.74
0.999995 0.000653097 0.00312354 0.379598 -0.000703136 0.999871 0.0160457 -4.86967 -0.00311265 -0.0160478 0.999866 350.403
0.999996 -2.64697e-05 0.00300174 0.361797 -1.99836e-05 0.99988 0.0154741 -4.88255 -0.00300179 -0.0154741 0.999876 351.94
0.999996 -0.000293006 0.0026707 0.355042 0.000252367 0.999884 0.0152039 -4.89056 -0.00267485 -0.0152031 0.999881 353.617
0.999995 -0.00106348 0.00305248 0.348921 0.00101724 0.999885 0.0151108 -4.90727 -0.0030682 -0.0151077 0.999881 355.15
0.999995 -0.00177089 0.00265581 0.354927 0.00173148 0.999889 0.0147685 -4.9232 -0.00268167 -0.0147638 0.999887 356.747
0.999993 -0.00194309 0.00325079 0.350666 0.00189709 0.999899 0.0140928 -4.93994 -0.00327784 -0.0140865 0.999895 358.391
0.999993 -0.00217638 0.00318398 0.345137 0.00213044 0.999895 0.0143596 -4.95309 -0.0032149 -0.0143527 0.999892 359.934
0.999993 -0.0024308 0.00277704 0.339759 0.00239296 0.999905 0.0135484 -4.96403 -0.00280971 -0.0135417 0.999904 361.568
0.999982 -0.00365251 0.00480949 0.320319 0.00359122 0.999913 0.0126899 -4.98043 -0.00485542 -0.0126724 0.999908 363.082
0.999979 -0.00540238 0.00351061 0.328318 0.00535312 0.999889 0.0138925 -4.99269 -0.00358527 -0.0138735 0.999897 364.694
0.999962 -0.00758052 0.00432486 0.329274 0.00751409 0.999857 0.0151757 -5.01011 -0.00443928 -0.0151427 0.999876 366.265
0.999961 -0.00762214 0.0045069 0.332599 0.00755666 0.999868 0.0143711 -5.02167 -0.00461584 -0.0143365 0.999887 367.876
0.99997 -0.0061743 0.00466892 0.325161 0.00610938 0.999886 0.013794 -5.03292 -0.00475356 -0.0137651 0.999894 369.506
0.999975 -0.00467218 0.00529385 0.32593 0.00459426 0.999882 0.014636 -5.04157 -0.00536161 -0.0146113 0.999879 371.072
0.999976 -0.00374292 0.00588756 0.324946 0.00365139 0.999874 0.0154814 -5.056 -0.00594477 -0.0154595 0.999863 372.677
0.999974 -0.0036335 0.00615247 0.312388 0.00353923 0.999877 0.0152651 -5.06611 -0.00620718 -0.0152429 0.999865 374.272
0.999975 -0.0033934 0.00625781 0.318763 0.0033011 0.999887 0.0147001 -5.07883 -0.00630698 -0.0146791 0.999872 375.873
0.999965 -0.00323148 0.00766732 0.317425 0.0031205 0.999891 0.0144431 -5.09093 -0.00771316 -0.0144186 0.999866 377.508
0.999967 -0.00301805 0.00756771 0.310845 0.00290731 0.999889 0.014601 -5.10016 -0.00761094 -0.0145785 0.999865 379.095
0.999961 -0.00188496 0.00858275 0.309089 0.00175791 0.999889 0.0147874 -5.11378 -0.00860967 -0.0147718 0.999854 380.702
0.999961 -0.00105346 0.00873593 0.330881 0.000918686 0.999881 0.0154179 -5.12533 -0.00875113 -0.0154092 0.999843 382.293
0.999961 0.000147454 0.00882143 0.328565 -0.000280239 0.999887 0.015053 -5.13677 -0.00881821 -0.0150548 0.999848 383.876
0.999946 0.00146258 0.0103266 0.35132 -0.00160749 0.9999 0.0140388 -5.15458 -0.010305 -0.0140547 0.999848 385.531
0.999947 0.00212941 0.0100794 0.342946 -0.00227464 0.999894 0.0144185 -5.1659 -0.0100476 -0.0144407 0.999845 387.146
0.999936 0.00338117 0.0108232 0.338845 -0.00354574 0.999878 0.0152227 -5.17443 -0.0107704 -0.0152601 0.999826 388.822
0.999934 0.00495477 0.0104072 0.360408 -0.00511931 0.999861 0.0158436 -5.18987 -0.0103272 -0.0158958 0.99982 390.393
0.999923 0.00535217 0.0112295 0.375302 -0.00552647 0.999864 0.015548 -5.19888 -0.0111447 -0.0156089 0.999816 391.983
0.999923 0.00533648 0.0111862 0.37159 -0.00551173 0.999862 0.0156944 -5.21212 -0.0111009 -0.0157548 0.999814 393.658
