1 -4.1311e-11 -1.95776e-11 0 -4.12612e-11 1 -1.70424e-11 0 -1.42043e-10 -1.70424e-11 1 -2.98023e-08
0.999943 -0.00231494 0.0103921 0.000701407 0.00230398 0.999997 0.00106657 -0.0207878 -0.0103946 -0.00104256 0.999945 0.29386
0.999851 -0.00423245 0.0167652 0.0122931 0.00420558 0.99999 0.00163752 -0.0319052 -0.0167719 -0.00156677 0.999858 0.590696
0.99979 -0.00706458 0.0192469 0.0205668 0.00706069 0.999975 0.000270191 -0.0373187 -0.0192484 -0.000134237 0.999815 0.89399
0.999804 -0.00872173 0.0177788 0.0213092 0.00874391 0.999961 -0.00117033 -0.0428887 -0.0177679 0.00132556 0.999841 1.20291
0.999881 -0.0108615 0.0109887 0.0225211 0.0108902 0.999937 -0.00255693 -0.0458568 -0.0109602 0.00267629 0.999936 1.51768
0.999925 -0.0122076 -0.000309195 0.00706493 0.0122062 0.999918 -0.00395671 -0.0563076 0.000357471 0.00395264 0.999992 1.83747
0.999805 -0.011487 -0.0160765 -0.0167666 0.0114196 0.999926 -0.00427776 -0.0647596 0.0161244 0.00409334 0.999862 2.17615
0.999377 -0.00771748 -0.0344381 -0.0555366 0.00756596 0.999961 -0.00452768 -0.0726742 0.0344717 0.0042643 0.999397 2.52991
0.998509 -0.00406355 -0.0544312 -0.10063 0.00376463 0.999977 -0.0055931 -0.078172 0.0544527 0.00537985 0.998502 2.87737
0.997217 -0.0035162 -0.0744711 -0.155248 0.00304837 0.999975 -0.00639473 -0.085853 0.0744917 0.00614992 0.997203 3.23616
0.995428 -0.00456316 -0.0954032 -0.203552 0.00405488 0.999977 -0.00552091 -0.0926251 0.0954261 0.00510882 0.995423 3.61272
0.993397 -0.00573321 -0.114585 -0.257112 0.00523415 0.999976 -0.00465577 -0.103112 0.114608 0.00402528 0.993403 4.01328
0.991164 -0.00517281 -0.13254 -0.340288 0.00465412 0.99998 -0.00422294 -0.110402 0.132559 0.00356877 0.991169 4.3934
0.988968 -0.00398851 -0.148073 -0.422083 0.00350175 0.999988 -0.00354781 -0.118558 0.148086 0.00299015 0.98897 4.81014
0.986744 -0.00296061 -0.162261 -0.50964 0.0024654 0.999992 -0.00325319 -0.12574 0.162269 0.00281002 0.986743 5.21448
0.98467 -0.00451687 -0.174367 -0.589071 0.00383739 0.999984 -0.00423376 -0.133932 0.174384 0.00349974 0.984672 5.65466
0.9829 -0.0074898 -0.183986 -0.682479 0.00650793 0.999961 -0.00593991 -0.147749 0.184023 0.00464097 0.982911 6.10877
0.981401 -0.00687241 -0.191846 -0.788654 0.00543193 0.999953 -0.00803348 -0.156102 0.191892 0.00684197 0.981392 6.57094
0.979821 -0.00689286 -0.199761 -0.901051 0.00495228 0.999936 -0.0102126 -0.16168 0.199818 0.00901723 0.979792 7.03287
0.978389 -0.00723797 -0.206645 -1.007 0.00472117 0.999909 -0.0126699 -0.171447 0.206717 0.0114205 0.978334 7.52172
0.976559 -0.0111576 -0.214961 -1.11971 0.00829881 0.999865 -0.014197 -0.18498 0.21509 0.0120803 0.976519 8.02682
0.974638 -0.016961 -0.223145 -1.23516 0.0138314 0.999783 -0.0155806 -0.20326 0.223361 0.012099 0.974661 8.53907
0.97271 -0.0178228 -0.231339 -1.37239 0.0141334 0.999745 -0.0175957 -0.22444 0.231594 0.0138459 0.972714 9.06487
0.970608 -0.0141676 -0.24025 -1.52444 0.00914548 0.999716 -0.0220059 -0.232461 0.240493 0.0191619 0.970462 9.58933
0.968672 -0.0113336 -0.248085 -1.67295 0.00527276 0.999672 -0.0250813 -0.251037 0.248288 0.0229875 0.968414 10.1274
0.966255 -0.0142364 -0.257193 -1.8361 0.00748896 0.999602 -0.0271954 -0.27406 0.257478 0.0243516 0.965977 10.691
0.963938 -0.0157595 -0.265659 -1.99652 0.00843312 0.999553 -0.0286964 -0.301392 0.265992 0.0254212 0.96364 11.2523
0.961821 -0.0157084 -0.273227 -2.17013 0.00743891 0.999483 -0.0312759 -0.325642 0.273577 0.0280493 0.961441 11.8308
0.959689 -0.0150601 -0.28066 -2.35961 0.0054317 0.999371 -0.0350526 -0.351135 0.281011 0.0321152 0.959167 12.4354
0.957487 -0.0159963 -0.288034 -2.55329 0.00458402 0.999179 -0.0402524 -0.381632 0.288441 0.0372208 0.956774 13.0307
0.955738 -0.0168956 -0.293735 -2.74967 0.00307662 0.998869 -0.0474441 -0.421893 0.294205 0.0444404 0.954709 13.6572
0.954126 -0.0171414 -0.298914 -2.95162 0.00058493 0.998465 -0.0553904 -0.458491 0.299404 0.0526746 0.952671 14.2544
0.953386 -0.0173015 -0.301257 -3.15392 -0.00213976 0.997942 -0.0640845 -0.503976 0.301746 0.0617419 0.951387 14.8925
0.952003 -0.0165388 -0.305642 -3.37854 -0.00611534 0.997312 -0.0730141 -0.551541 0.306028 0.0713787 0.949343 15.5314
0.950676 -0.015659 -0.309791 -3.59396 -0.0096228 0.996755 -0.0799129 -0.610789 0.310037 0.0789523 0.94744 16.1586
0.948971 -0.014451 -0.315031 -3.84002 -0.0135139 0.996169 -0.0864038 -0.672731 0.315073 0.0862521 0.94514 16.8265
0.947254 -0.013247 -0.320211 -4.08799 -0.0172357 0.995594 -0.0921744 -0.744563 0.320021 0.0928316 0.942851 17.4944
0.946172 -0.0110026 -0.323479 -4.32368 -0.0218322 0.994976 -0.0977013 -0.820781 0.322929 0.0995044 0.941178 18.1838
0.944089 -0.00896644 -0.329569 -4.60019 -0.0257507 0.994571 -0.100825 -0.897153 0.328684 0.103674 0.938732 18.8799
0.942544 -0.00763337 -0.333995 -4.8441 -0.0281589 0.994366 -0.102191 -0.974655 0.332894 0.105724 0.937019 19.5597
0.94035 -0.00677085 -0.340141 -5.12493 -0.0294604 0.994426 -0.101241 -1.06499 0.338931 0.105222 0.934909 20.2986
0.938465 -0.00669393 -0.345309 -5.37924 -0.0296574 0.994557 -0.0998814 -1.15027 0.344098 0.103976 0.933159 21.0195
0.936104 -0.00672821 -0.351659 -5.65729 -0.0296563 0.994747 -0.0979764 -1.23611 0.350471 0.102145 0.930987 21.7267
0.933508 -0.00674809 -0.358493 -5.94482 -0.0291522 0.995084 -0.0946425 -1.3184 0.35737 0.0988004 0.928722 22.4373
0.928881 -0.00383965 -0.370359 -6.29148 -0.0316967 0.995454 -0.0898172 -1.40571 0.36902 0.0951686 0.924536 23.2547
0.925739 -0.00223824 -0.378156 -6.57515 -0.0318384 0.995971 -0.0838365 -1.48264 0.37682 0.0896506 0.921938 23.9495
0.92189 0.000807857 -0.38745 -6.9162 -0.034459 0.996206 -0.0799137 -1.56104 0.385916 0.0870228 0.91842 24.7071
0.918711 0.00149715 -0.394928 -7.25408 -0.0351061 0.996344 -0.0778892 -1.63527 0.393368 0.085422 0.915404 25.4257
0.914582 0.00279919 -0.404391 -7.61522 -0.0371452 0.99633 -0.077112 -1.71538 0.402691 0.0855465 0.91133 26.2295
0.911771 0.00357285 -0.410684 -7.97266 -0.0381378 0.996378 -0.0760023 -1.78656 0.408925 0.0849593 0.908605 26.9893
0.9073 0.00402706 -0.420464 -8.36426 -0.0388324 0.996483 -0.0742506 -1.86402 0.418687 0.0836952 0.904266 27.7863
0.903282 0.00386286 -0.429029 -8.72671 -0.0383458 0.996685 -0.0717597 -1.93632 0.42733 0.0812707 0.900436 28.5617
0.899796 0.0040087 -0.436291 -9.13263 -0.0373153 0.997001 -0.0677976 -2.00696 0.434711 0.0772844 0.897248 29.3538
0.895467 0.00449603 -0.445106 -9.52493 -0.0361293 0.997384 -0.0626105 -2.07028 0.44366 0.072147 0.893287 30.1363
0.890497 0.00470214 -0.454965 -9.92169 -0.0349214 0.997703 -0.0580397 -2.13695 0.453647 0.0675722 0.888616 30.9172
0.888855 0.0040756 -0.45817 -10.3869 -0.0333549 0.997883 -0.0558322 -2.20579 0.456973 0.064909 0.887109 31.7574
0.884607 0.00416317 -0.466319 -10.8271 -0.0334595 0.99795 -0.0545634 -2.27184 0.465135 0.0638699 0.882933 32.6009
0.881715 0.0044318 -0.471761 -11.2813 -0.0332232 0.998057 -0.0527178 -2.32857 0.470611 0.0621555 0.880149 33.4274
0.877456 0.00275355 -0.479649 -11.7197 -0.0312178 0.998191 -0.0513785 -2.38766 0.47864 0.060056 0.875955 34.2295
0.875486 0.00131741 -0.483242 -12.2007 -0.0298291 0.998237 -0.0513198 -2.45156 0.482322 0.0593445 0.873981 35.0907
0.874074 0.000506022 -0.485792 -12.6552 -0.029298 0.998234 -0.0516754 -2.50844 0.484908 0.0594008 0.872545 35.9102
0.871976 0.000644477 -0.489549 -13.1645 -0.030023 0.998187 -0.0521623 -2.57193 0.488628 0.060182 0.870414 36.78
0.871452 0.00167133 -0.490478 -13.6491 -0.0306099 0.99823 -0.0509842 -2.62746 0.489525 0.0594438 0.869961 37.5877
0.870319 0.00121402 -0.492487 -14.1397 -0.0293572 0.998347 -0.0494187 -2.69264 0.491613 0.057468 0.868915 38.5135
0.870094 -0.000401028 -0.492886 -14.6826 -0.0271367 0.998444 -0.048717 -2.75745 0.492138 0.0557637 0.868729 39.4317
0.869395 -0.00255826 -0.494111 -15.1869 -0.0252651 0.998448 -0.0496238 -2.81995 0.493471 0.0556265 0.867982 40.3051
0.86944 -0.0040017 -0.494022 -15.6831 -0.0238801 0.998458 -0.0501148 -2.87954 0.493461 0.0553691 0.868004 41.1786
0.866784 -0.00512473 -0.498658 -16.1789 -0.0219149 0.99859 -0.0483557 -2.94533 0.498203 0.052842 0.865449 42.1052
0.864253 -0.00472596 -0.503035 -16.7474 -0.0206902 0.998776 -0.0449308 -3.01158 0.502632 0.0492395 0.863097 43.057
0.860763 -0.00444909 -0.508986 -17.2773 -0.0186207 0.999017 -0.0402227 -3.07489 0.508665 0.0440999 0.859835 43.9287
0.858555 -0.00575287 -0.512689 -17.7419 -0.0158704 0.99916 -0.0377883 -3.12806 0.512475 0.0405799 0.857743 44.7626
0.850885 -0.00842746 -0.525285 -18.2636 -0.0146137 0.999105 -0.0397013 -3.18726 0.525149 0.0414576 0.85 45.6259
0.844973 -0.0109808 -0.534696 -18.8702 -0.0143206 0.998966 -0.043146 -3.26039 0.534617 0.0441144 0.843943 46.6416
0.840266 -0.0112285 -0.542058 -19.404 -0.0146302 0.998952 -0.0433717 -3.3101 0.541977 0.0443742 0.839221 47.4025
0.833197 -0.00873385 -0.552907 -19.9935 -0.014807 0.999164 -0.0380963 -3.37521 0.552778 0.0399287 0.832371 48.3652
0.827819 -0.00599277 -0.560964 -20.6147 -0.0150139 0.999348 -0.0328321 -3.43499 0.560795 0.0356013 0.827189 49.2432
0.823811 -0.00465954 -0.566845 -21.2304 -0.0177928 0.999261 -0.0340728 -3.48762 0.566585 0.0381553 0.823119 50.083
0.820323 -0.00703242 -0.571857 -21.8021 -0.0184424 0.999079 -0.0387417 -3.54457 0.571602 0.0423271 0.819438 50.9784
0.815652 -0.0082967 -0.578484 -22.4698 -0.0219807 0.998731 -0.0453163 -3.61255 0.578125 0.0496778 0.814434 51.8884
0.813581 -0.00883078 -0.581385 -23.1033 -0.022943 0.998618 -0.0472743 -3.67703 0.580999 0.0518001 0.812254 52.7144
0.809119 -0.00830229 -0.587587 -23.7222 -0.0212308 0.998834 -0.0433483 -3.74272 0.587262 0.0475489 0.807999 53.6244
0.806815 -0.00636668 -0.590769 -24.3746 -0.0196523 0.999099 -0.0376064 -3.80496 0.590477 0.0419513 0.805964 54.4607
0.802942 -0.00486698 -0.596038 -24.9889 -0.0194493 0.99922 -0.03436 -3.86083 0.59574 0.0391816 0.802221 55.3278
0.800757 -0.00363053 -0.598978 -25.6659 -0.0217333 0.999147 -0.0351106 -3.91952 0.598595 0.0411328 0.799995 56.21
0.796174 -0.00510159 -0.605046 -26.3093 -0.0214442 0.999098 -0.0366424 -3.97472 0.604688 0.0421484 0.795347 57.0577
0.791073 -0.00674777 -0.611685 -26.9907 -0.0217052 0.999 -0.0390911 -4.03815 0.611337 0.0442007 0.790135 57.9452
0.788024 -0.00777875 -0.615595 -27.6247 -0.0211142 0.99899 -0.0396517 -4.09554 0.615282 0.0442443 0.787065 58.7928
0.781577 -0.00844861 -0.623752 -28.36 -0.0197707 0.99907 -0.0383054 -4.15664 0.623495 0.0422706 0.780684 59.6626
0.777671 -0.00825993 -0.628617 -29.0151 -0.0198589 0.999092 -0.0376956 -4.21494 0.628358 0.0417985 0.776801 60.4734
0.771562 -0.00947875 -0.636084 -29.7253 -0.0195036 0.999067 -0.0385454 -4.27732 0.635856 0.0421461 0.770656 61.331
0.766119 -0.010373 -0.642615 -30.4494 -0.0195956 0.999028 -0.0394878 -4.33691 0.6424 0.0428448 0.765171 62.1572
0.761892 -0.0116508 -0.6476 -31.1453 -0.0189852 0.999007 -0.0403086 -4.40034 0.647426 0.0430056 0.760914 62.9799
0.755103 -0.0139623 -0.655457 -31.8247 -0.017364 0.998997 -0.041284 -4.45492 0.655376 0.0425551 0.754103 63.7549
0.749283 -0.0152129 -0.662075 -32.607 -0.017371 0.998941 -0.0426123 -4.52397 0.662022 0.0434296 0.748225 64.6257
0.74146 -0.0161466 -0.670803 -33.3372 -0.016698 0.998957 -0.0425022 -4.58711 0.670789 0.0427148 0.740417 65.4437
0.736018 -0.0160681 -0.676771 -34.0943 -0.0158711 0.999034 -0.0409799 -4.64869 0.676776 0.040903 0.735052 66.2327
0.729729 -0.0176034 -0.68351 -34.8095 -0.0133565 0.999111 -0.0399911 -4.70925 0.683607 0.0383119 0.728845 67.0045
0.723029 -0.018602 -0.690568 -35.6532 -0.013133 0.999087 -0.040663 -4.77717 0.690693 0.0384698 0.722124 67.8669
0.716205 -0.0207162 -0.697582 -36.4051 -0.0121889 0.999036 -0.0421828 -4.8384 0.697783 0.0387143 0.715262 68.5942
0.710763 -0.0194268 -0.703163 -37.2041 -0.014628 0.998994 -0.042386 -4.903 0.703279 0.0404122 0.709764 69.4142
0.704361 -0.0196001 -0.709571 -37.9977 -0.0135778 0.999064 -0.0410747 -4.96388 0.709712 0.0385658 0.703435 70.1857
0.699741 -0.0193952 -0.714134 -38.8565 -0.014434 0.999044 -0.0412762 -5.0342 0.714251 0.0391904 0.698792 71.004
0.694655 -0.0199509 -0.719066 -39.6479 -0.0147438 0.999011 -0.0419613 -5.09659 0.719192 0.0397504 0.693673 71.801
0.68908 -0.0212422 -0.724374 -40.4648 -0.0158251 0.998891 -0.0443464 -5.16447 0.724513 0.0420215 0.687979 72.5571
0.682906 -0.023331 -0.730134 -41.2727 -0.0159109 0.998778 -0.0467971 -5.23063 0.730333 0.0435752 0.6817 73.3485
0.678445 -0.0236457 -0.734271 -42.1621 -0.0170038 0.998709 -0.0478725 -5.30327 0.734454 0.0449643 0.677167 74.1303
0.673484 -0.0231678 -0.738839 -42.9668 -0.0164891 0.998789 -0.0463496 -5.36924 0.739018 0.0433985 0.672287 74.8785
0.668577 -0.0237627 -0.743264 -43.8919 -0.0147709 0.998868 -0.0452212 -5.44594 0.743496 0.0412125 0.667469 75.6602
0.66328 -0.0241842 -0.74798 -44.7182 -0.0149398 0.998851 -0.0455435 -5.52018 0.748222 0.0413828 0.662156 76.4681
0.658894 -0.0248705 -0.751825 -45.615 -0.0144104 0.998853 -0.0456713 -5.58883 0.752098 0.0409266 0.65778 77.2164
0.653751 -0.0260001 -0.756263 -46.5116 -0.0128079 0.998886 -0.0454133 -5.66175 0.756601 0.0393751 0.65269 77.9857
0.650234 -0.0266586 -0.759266 -47.3995 -0.0116556 0.998917 -0.0450549 -5.72983 0.759645 0.0381459 0.649219 78.7392
0.645572 -0.0296695 -0.763123 -48.3086 -0.00842586 0.998908 -0.0459645 -5.80221 0.763653 0.0361034 0.644617 79.4904
0.640655 -0.0338382 -0.767083 -49.239 -0.00585208 0.998784 -0.0489467 -5.88224 0.767807 0.035847 0.639678 80.2927
0.63567 -0.0384644 -0.771003 -50.1138 -0.00143638 0.998697 -0.051008 -5.95285 0.77196 0.0335317 0.634786 81.0296
0.628935 -0.0423011 -0.776306 -51.121 0.00446642 0.998699 -0.0508009 -6.0359 0.777445 0.0284831 0.628306 81.8255
0.621184 -0.0455147 -0.782342 -51.9804 0.00889507 0.998657 -0.0510366 -6.11132 0.783614 0.0247441 0.620755 82.5144
0.611292 -0.0468525 -0.790017 -52.9288 0.0119897 0.99868 -0.04995 -6.19442 0.791314 0.0210619 0.611046 83.2919
0.601941 -0.0458576 -0.797223 -53.9082 0.0133569 0.998788 -0.0473669 -6.26939 0.798429 0.0178636 0.601824 84.0181
0.592462 -0.0456875 -0.804302 -54.8595 0.0132981 0.998809 -0.0469407 -6.34743 0.805489 0.0171149 0.592364 84.7003
0.582725 -0.0461008 -0.811361 -55.8849 0.0109464 0.998744 -0.048886 -6.42391 0.812596 0.0196057 0.582498 85.4492
0.573542 -0.0490889 -0.817704 -56.8767 0.0127726 0.998617 -0.0509908 -6.50268 0.819077 0.0188012 0.573376 86.1188
0.563771 -0.0495107 -0.824446 -57.8317 0.0110458 0.998564 -0.0524138 -6.58077 0.825858 0.0204427 0.563508 86.8145
0.553504 -0.0509926 -0.831284 -58.8715 0.0152509 0.998577 -0.0511 -6.66434 0.832707 0.0156062 0.553494 87.5024
0.54196 -0.0506654 -0.838876 -59.9175 0.0165919 0.998632 -0.0495949 -6.74676 0.840241 0.01296 0.542059 88.172
0.53344 -0.0512752 -0.844282 -60.9501 0.0169234 0.998608 -0.0499551 -6.82719 0.845669 0.0123599 0.533565 88.7985
0.522608 -0.0521019 -0.85098 -62.044 0.0156487 0.998549 -0.0515267 -6.91203 0.85243 0.0136115 0.522665 89.4798
0.511876 -0.0526246 -0.857446 -63.1137 0.0148538 0.998515 -0.0524152 -6.99251 0.858931 0.0140937 0.511897 90.0867
0.502178 -0.0532708 -0.863122 -64.2155 0.0134362 0.998461 -0.0538063 -7.07962 0.86466 0.0154232 0.502121 90.7249
0.492163 -0.0530609 -0.868884 -65.3052 0.0123057 0.998465 -0.0540037 -7.16681 0.870416 0.0158864 0.492061 91.3354
0.485229 -0.0512676 -0.872883 -66.4122 0.0116378 0.99857 -0.0521802 -7.2516 0.87431 0.0151609 0.485132 91.9236
0.477739 -0.0495187 -0.877105 -67.5451 0.0128057 0.998697 -0.0494085 -7.3367 0.878408 0.0123725 0.477751 92.5169
0.467742 -0.049803 -0.882461 -68.6723 0.0130275 0.998691 -0.0494575 -7.41949 0.883769 0.0116371 0.467778 93.1091
0.461279 -0.0521635 -0.88572 -69.8219 0.0136263 0.998569 -0.051713 -7.5104 0.88715 0.0117851 0.46133 93.7154
0.455454 -0.0557882 -0.88851 -70.9941 0.0166232 0.998394 -0.0541665 -7.5998 0.890104 0.00990045 0.45565 94.3053
0.448466 -0.0588257 -0.891862 -72.1321 0.0181542 0.998226 -0.0567125 -7.68962 0.893616 0.00924256 0.448738 94.8477
0.441973 -0.0618757 -0.894892 -73.3361 0.0195637 0.998046 -0.0593458 -7.78913 0.896815 0.00872179 0.442319 95.4485
0.437924 -0.062747 -0.896819 -74.4886 0.0213183 0.998006 -0.0594167 -7.88917 0.898759 0.00690134 0.438389 96.0363
0.434453 -0.0606412 -0.898651 -75.5986 0.0241078 0.998156 -0.0557009 -7.97981 0.900372 0.00253491 0.435114 96.5333
0.430436 -0.0589309 -0.900695 -76.7599 0.0278795 0.998258 -0.0519909 -8.07926 0.902191 -0.00273216 0.431329 97.1153
0.427769 -0.0579738 -0.902027 -77.8718 0.0291937 0.998307 -0.0503172 -8.16711 0.903417 -0.00480936 0.428737 97.6364
0.42553 -0.0576308 -0.903107 -79.0373 0.0301384 0.998319 -0.0495058 -8.2575 0.904442 -0.00615195 0.426552 98.1764
0.419436 -0.056685 -0.906013 -80.2168 0.0324269 0.998347 -0.04745 -8.34539 0.907206 -0.00947697 0.420581 98.7245
0.420655 -0.0564407 -0.905463 -81.2629 0.0348312 0.998332 -0.0460478 -8.42428 0.906552 -0.0121681 0.42192 99.1937
0.419377 -0.0566747 -0.906041 -82.4078 0.0362389 0.998299 -0.0456718 -8.51041 0.907089 -0.0136803 0.420717 99.7361
0.415479 -0.0567192 -0.907833 -83.4985 0.0380432 0.998264 -0.0449583 -8.59011 0.908807 -0.0158577 0.416916 100.244
0.413948 -0.0559518 -0.90858 -84.604 0.041647 0.998228 -0.0424982 -8.67093 0.909347 -0.0202476 0.415544 100.731
0.410279 -0.0554829 -0.910271 -85.667 0.0439806 0.99819 -0.0410188 -8.7488 0.910899 -0.0232051 0.411976 101.229
0.409988 -0.0559006 -0.910376 -86.7108 0.0456582 0.998127 -0.0407266 -8.82232 0.910947 -0.0248687 0.411773 101.689
0.408725 -0.0570113 -0.910875 -87.8468 0.0465109 0.998051 -0.0415974 -8.9019 0.911472 -0.0253637 0.41058 102.208
0.409802 -0.05838 -0.910304 -88.7935 0.0474267 0.997964 -0.0426512 -8.97239 0.910941 -0.0256941 0.411737 102.619
0.409307 -0.0589629 -0.910489 -89.9234 0.0465281 0.99796 -0.043711 -9.0541 0.911209 -0.0244721 0.411216 103.094
0.411922 -0.0583389 -0.90935 -90.9436 0.0433371 0.998073 -0.0443999 -9.13101 0.910188 -0.0211193 0.413656 103.592
0.416057 -0.0582931 -0.907468 -91.9823 0.0411668 0.998128 -0.0452425 -9.20731 0.908406 -0.0185341 0.417678 104.034
0.421277 -0.0586961 -0.90503 -93.0102 0.0396928 0.998141 -0.0462585 -9.28626 0.906063 -0.0164356 0.422824 104.516
0.427176 -0.0583382 -0.902285 -94.051 0.0380448 0.998192 -0.0465274 -9.363 0.903368 -0.0144518 0.428623 105.015
0.434524 -0.0573746 -0.898831 -95.0099 0.0380346 0.998248 -0.0453335 -9.43685 0.899857 -0.0144882 0.435945 105.458
0.441754 -0.0564381 -0.895359 -96.0597 0.036473 0.998324 -0.0449333 -9.51418 0.896395 -0.012807 0.443072 105.985
0.451537 -0.0559825 -0.890494 -96.9931 0.0363498 0.998355 -0.0443318 -9.58071 0.891512 -0.0123518 0.452829 106.437
0.459593 -0.0551915 -0.886413 -97.9719 0.0350946 0.998416 -0.0439692 -9.6513 0.887436 -0.0109003 0.460802 106.961
0.47066 -0.0561916 -0.880523 -98.9917 0.0346268 0.998378 -0.0452038 -9.72697 0.881635 -0.00921408 0.471843 107.483
0.481305 -0.0572525 -0.874682 -99.9256 0.0323154 0.998345 -0.047565 -9.79611 0.875958 -0.0053724 0.482358 107.987
0.491492 -0.0572538 -0.868998 -100.892 0.029293 0.998359 -0.049209 -9.87021 0.87039 -0.0012697 0.492362 108.526
0.506492 -0.0557473 -0.860441 -101.773 0.0273401 0.998444 -0.048595 -9.93799 0.861811 0.00108847 0.507228 109.031
0.519439 -0.0532112 -0.852849 -102.701 0.0254933 0.99858 -0.0467767 -10.0134 0.854127 0.00255574 0.520058 109.608
0.530643 -0.0512279 -0.846046 -103.625 0.025008 0.998684 -0.044785 -10.0807 0.847226 0.00260698 0.531226 110.155
0.54092 -0.0498734 -0.839594 -104.551 0.0237555 0.998748 -0.0440227 -10.1546 0.840739 0.00386776 0.541427 110.772
0.552825 -0.0507067 -0.831753 -105.435 0.0248199 0.998706 -0.0443882 -10.2228 0.832928 0.00389488 0.553368 111.32
0.562968 -0.0509159 -0.824909 -106.273 0.0237349 0.998685 -0.0454438 -10.2914 0.826138 0.00600428 0.563436 111.933
0.57492 -0.0534312 -0.816463 -107.15 0.0271826 0.998562 -0.0462073 -10.3601 0.817758 0.00437192 0.575546 112.513
0.586411 -0.0522681 -0.808326 -107.996 0.0261216 0.998617 -0.0456225 -10.4349 0.809592 0.00563874 0.586965 113.135
0.595764 -0.050806 -0.801551 -108.78 0.0260845 0.998695 -0.0439142 -10.4999 0.802736 0.00525442 0.596312 113.706
0.607521 -0.0483284 -0.792832 -109.633 0.0262268 0.998824 -0.0407882 -10.5648 0.793871 0.00398618 0.608074 114.343
0.615614 -0.0474899 -0.786615 -110.419 0.0261775 0.998864 -0.0398171 -10.6311 0.787613 0.00392037 0.616158 114.965
0.626343 -0.0460295 -0.778188 -111.19 0.0228983 0.998911 -0.0406549 -10.6932 0.779211 0.00764475 0.626715 115.586
0.635704 -0.0458125 -0.770572 -111.968 0.0216143 0.998902 -0.041556 -10.7535 0.77163 0.009762 0.635996 116.208
0.644358 -0.0449161 -0.763404 -112.688 0.0208783 0.998935 -0.0411514 -10.8162 0.764439 0.0105777 0.64461 116.839
0.653387 -0.0429319 -0.755806 -113.445 0.0202071 0.999024 -0.0392785 -10.8759 0.756754 0.0103914 0.653617 117.466
0.661137 -0.0416222 -0.74911 -114.21 0.0205596 0.99909 -0.0373665 -10.9386 0.749984 0.00930301 0.661391 118.164
0.672217 -0.0414749 -0.739191 -114.879 0.0216874 0.999104 -0.0363358 -10.994 0.740036 0.00839444 0.672515 118.751
0.677342 -0.0406158 -0.734546 -115.575 0.0202516 0.999126 -0.0365709 -11.0502 0.735389 0.00989526 0.677573 119.402
0.686453 -0.0388072 -0.726138 -116.268 0.0188153 0.999189 -0.0356129 -11.106 0.72693 0.0107841 0.686626 120.034
0.692047 -0.0364703 -0.720931 -116.972 0.0183572 0.999289 -0.0329301 -11.1552 0.721619 0.00955493 0.692224 120.671
0.701191 -0.0338922 -0.712168 -117.626 0.0175492 0.999387 -0.0302824 -11.2085 0.712758 0.00873577 0.701356 121.334
0.70689 -0.0324618 -0.706578 -118.266 0.0166344 0.999433 -0.0292744 -11.259 0.707128 0.00894027 0.707029 121.967
0.714434 -0.0309742 -0.699017 -118.923 0.0153952 0.999474 -0.0285531 -11.3115 0.699534 0.00963777 0.714535 122.657
0.720375 -0.0285774 -0.692996 -119.526 0.0133042 0.999536 -0.0273886 -11.3512 0.693458 0.0105103 0.720421 123.247
0.731584 -0.0260187 -0.681255 -120.136 0.0127097 0.999618 -0.0245291 -11.397 0.681633 0.00928658 0.731636 123.902
0.739237 -0.0224635 -0.673071 -120.748 0.0107184 0.999709 -0.0215929 -11.4359 0.67336 0.00874805 0.739263 124.535
0.750874 -0.0196455 -0.660153 -121.309 0.00834351 0.99976 -0.0202618 -11.4789 0.660393 0.00970603 0.750857 125.202
0.76079 -0.0196712 -0.648699 -121.882 0.00770695 0.999744 -0.0212776 -11.5163 0.648952 0.0111883 0.760747 125.846
0.770303 -0.019724 -0.637373 -122.411 0.00685486 0.99972 -0.0226526 -11.5541 0.637641 0.0130803 0.770223 126.514
0.782838 -0.0186381 -0.621946 -122.933 0.00605733 0.999732 -0.022335 -11.5907 0.622196 0.0137173 0.782742 127.214
0.791416 -0.017577 -0.611025 -123.499 0.00612023 0.999764 -0.0208325 -11.626 0.611247 0.0127476 0.791337 127.858
0.801146 -0.015454 -0.598269 -123.979 0.00561094 0.999817 -0.0183128 -11.6595 0.598443 0.0113143 0.801086 128.564
0.81116 -0.0139547 -0.584657 -124.479 0.00580995 0.999858 -0.015804 -11.6923 0.584795 0.00942272 0.811126 129.228
0.820197 -0.0128961 -0.571936 -124.968 0.00658588 0.999893 -0.0131011 -11.7216 0.572043 0.00697876 0.820194 129.94
0.829257 -0.0122969 -0.558732 -125.446 0.00732926 0.999911 -0.0111286 -11.75 0.558819 0.00513341 0.829274 130.659
0.836188 -0.0124354 -0.548302 -125.891 0.00862026 0.999917 -0.00953168 -11.7757 0.548376 0.00324376 0.836226 131.365
0.843135 -0.012325 -0.537561 -126.337 0.0086241 0.999919 -0.00939941 -11.804 0.537633 0.00328899 0.843173 132.078
0.850598 -0.0112499 -0.525696 -126.798 0.00780296 0.999931 -0.00877295 -11.8265 0.525758 0.00336028 0.850628 132.799
0.856774 -0.0097084 -0.515601 -127.235 0.00631778 0.999945 -0.00833001 -11.8488 0.515654 0.00387948 0.856788 133.548
0.862989 -0.00871528 -0.505147 -127.648 0.00552232 0.999954 -0.00781789 -11.8695 0.505192 0.00395717 0.862998 134.254
0.869663 -0.00908949 -0.493562 -128.064 0.00595118 0.999951 -0.00792913 -11.8938 0.49361 0.00395839 0.869674 135.026
0.874336 -0.010253 -0.485213 -128.509 0.0070053 0.999939 -0.00850635 -11.9182 0.485271 0.00403834 0.874355 135.766
0.879323 -0.0108483 -0.476102 -128.921 0.0075013 0.999932 -0.00892987 -11.9391 0.476166 0.00428086 0.879345 136.528
0.882771 -0.00998449 -0.469697 -129.346 0.0069189 0.999942 -0.00825235 -11.961 0.469753 0.00403515 0.882789 137.307
0.887061 -0.00817568 -0.46158 -129.79 0.00658189 0.999966 -0.00506275 -11.9808 0.461605 0.0014529 0.887084 138.106
0.890579 -0.00440952 -0.454807 -130.153 0.00431696 0.99999 -0.00124203 -11.9981 0.454808 -0.000857265 0.890589 138.923
0.892697 -0.00149922 -0.450655 -130.55 0.0026044 0.999995 0.00183227 -12.0106 0.45065 -0.00280935 0.892696 139.689
0.896833 0.00121301 -0.442367 -130.992 0.000630173 0.999992 0.00401965 -12.0246 0.442368 -0.00388372 0.896825 140.559
0.900218 0.00341007 -0.435426 -131.415 -0.000675536 0.999979 0.00643478 -12.0297 0.435439 -0.00549856 0.900202 141.392
0.903122 0.00430829 -0.429363 -131.809 -0.000431411 0.999958 0.00912629 -12.0377 0.429384 -0.00805692 0.903086 142.248
0.90735 0.00454157 -0.420351 -132.222 0.00022258 0.999936 0.011284 -12.0458 0.420376 -0.0103321 0.907291 143.112
0.910817 0.00441038 -0.412787 -132.623 0.000609652 0.999927 0.0120288 -12.0513 0.41281 -0.0112077 0.910748 144.027
0.914095 0.00381674 -0.405481 -133.022 0.0011841 0.999926 0.0120815 -12.0458 0.405498 -0.0115238 0.914024 144.903
0.91888 0.00126785 -0.394535 -133.436 0.00376644 0.999921 0.0119854 -12.0559 0.394519 -0.0124991 0.918803 145.85
0.922738 -0.000356043 -0.385427 -133.806 0.0047742 0.999933 0.0105061 -12.057 0.385398 -0.0115344 0.922679 146.773
0.928185 -0.00119691 -0.372117 -134.213 0.00486576 0.999948 0.00892051 -12.0655 0.372087 -0.0100905 0.928143 147.718
0.932614 0.000330559 -0.360874 -134.573 0.00267523 0.999966 0.00782961 -12.0693 0.360864 -0.00826743 0.932582 148.672
0.938744 0.00392729 -0.344593 -134.931 -0.000834053 0.999958 0.00912428 -12.0751 0.344614 -0.00827796 0.938708 149.634
0.945493 0.007658 -0.325552 -135.292 -0.00398474 0.999921 0.0119485 -12.0753 0.325618 -0.00999997 0.945449 150.632
0.951669 0.0108227 -0.306934 -135.621 -0.00698148 0.999883 0.0136099 -12.0799 0.307046 -0.0108092 0.951633 151.675
0.958433 0.0124971 -0.285044 -135.934 -0.00870006 0.999856 0.0145833 -12.0845 0.285185 -0.0114972 0.958404 152.688
0.964139 0.0140725 -0.265025 -136.224 -0.0102533 0.999823 0.0157887 -12.0817 0.2652 -0.0125051 0.964112 153.746
0.970218 0.0146913 -0.241788 -136.51 -0.0105558 0.999775 0.0183907 -12.0854 0.242004 -0.0152907 0.970155 154.855
0.97559 0.0168678 -0.218953 -136.778 -0.0123524 0.999682 0.0219751 -12.075 0.219254 -0.018734 0.975488 155.919
0.980444 0.0187617 -0.195899 -136.983 -0.0139084 0.999562 0.0261208 -12.0697 0.196303 -0.0228854 0.980276 157.038
0.984632 0.0206445 -0.173419 -137.199 -0.015813 0.999449 0.0291956 -12.0552 0.173926 -0.0260046 0.984415 158.153
0.988209 0.0224562 -0.151459 -137.368 -0.01821 0.999403 0.0293643 -12.0438 0.152028 -0.02626 0.988027 159.271
0.991428 0.0221328 -0.128763 -137.543 -0.0187637 0.999451 0.0273197 -12.0275 0.129297 -0.0246695 0.991299 160.454
0.993833 0.0220488 -0.10867 -137.676 -0.0193108 0.999471 0.0261838 -12.0094 0.10919 -0.0239238 0.993733 161.582
0.995927 0.0206952 -0.0877522 -137.805 -0.0183076 0.999442 0.0279268 -11.9992 0.0882813 -0.0262066 0.995751 162.79
0.997463 0.0213317 -0.0679233 -137.861 -0.0193369 0.999366 0.029891 -11.9839 0.0685178 -0.0285017 0.997243 163.989
0.998691 0.0215595 -0.0463857 -137.955 -0.0201432 0.999323 0.030787 -11.9665 0.047018 -0.0298123 0.998449 165.183
0.99941 0.023121 -0.025377 -138.003 -0.0223206 0.999258 0.0313831 -11.9482 0.0260838 -0.0307981 0.999185 166.437
0.999711 0.0233874 -0.00558096 -138.009 -0.023199 0.999227 0.0317249 -11.9282 0.00631861 -0.0315863 0.999481 167.647
0.999575 0.0254311 0.0142664 -138 -0.0258689 0.999172 0.0313906 -11.9083 -0.0134563 -0.0317463 0.999405 168.839
0.999033 0.0264657 0.0351188 -137.969 -0.027528 0.999167 0.0301182 -11.8861 -0.0342924 -0.0310558 0.998929 170.12
0.998143 0.026745 0.0547273 -137.929 -0.0283 0.999212 0.0278374 -11.8716 -0.0539396 -0.0293345 0.998113 171.413
0.996831 0.0287474 0.0741775 -137.845 -0.0306935 0.99921 0.02523 -11.8544 -0.0733936 -0.0274268 0.996926 172.723
0.995344 0.0290505 0.0919026 -137.739 -0.0313044 0.999241 0.0231788 -11.8414 -0.0911595 -0.0259478 0.995498 174.016
0.993381 0.0286937 0.111224 -137.591 -0.0311572 0.999305 0.0204743 -11.8362 -0.110559 -0.0238043 0.993584 175.325
0.991003 0.0300848 0.130415 -137.441 -0.0322956 0.999368 0.0148693 -11.8303 -0.129885 -0.0189473 0.991348 176.627
0.988344 0.0317504 0.148888 -137.245 -0.0333962 0.999406 0.00856584 -11.8395 -0.148527 -0.0134383 0.988817 177.937
0.98574 0.0341234 0.164782 -137.03 -0.0350701 0.999381 0.00283828 -11.8424 -0.164583 -0.00857673 0.986326 179.282
0.98213 0.0357772 0.184771 -136.804 -0.0361768 0.999345 -0.00120878 -11.8663 -0.184693 -0.00549725 0.982781 180.657
0.97914 0.0380804 0.199584 -136.529 -0.0380063 0.999269 -0.0042041 -11.8861 -0.199598 -0.00346905 0.979872 181.963
0.975356 0.0375144 0.217427 -136.236 -0.0374507 0.999289 -0.00441485 -11.9124 -0.217438 -0.00383674 0.976067 183.336
0.971121 0.0362748 0.235814 -135.911 -0.0361714 0.999334 -0.00476565 -11.9409 -0.23583 -0.00390172 0.971786 184.679
0.966585 0.0357856 0.253838 -135.581 -0.034494 0.999359 -0.00953908 -11.9804 -0.254017 0.000464442 0.9672 186.035
0.962578 0.0372475 0.268432 -135.193 -0.034592 0.999295 -0.0146172 -12.0162 -0.268788 0.00478459 0.963188 187.449
0.957517 0.0397202 0.285629 -134.781 -0.0370515 0.999205 -0.0147438 -12.05 -0.285987 0.00353444 0.958227 188.797
0.95189 0.0413197 0.303642 -134.381 -0.0385691 0.999143 -0.015053 -12.0972 -0.304003 0.00261762 0.952667 190.155
0.946292 0.0455966 0.320081 -133.92 -0.0418593 0.998951 -0.0185506 -12.1363 -0.320591 0.00415596 0.947209 191.546
0.939688 0.0465317 0.338853 -133.428 -0.04144 0.998893 -0.0222501 -12.1911 -0.339514 0.00686607 0.940576 192.92
0.934016 0.0470669 0.354118 -132.964 -0.0408639 0.998852 -0.0249785 -12.2419 -0.354887 0.00885972 0.934867 194.248
0.9268 0.0471314 0.372586 -132.42 -0.0388092 0.998802 -0.0298093 -12.3064 -0.373544 0.0131675 0.927519 195.621
0.918739 0.0503642 0.39164 -131.872 -0.0393983 0.998575 -0.0359914 -12.3783 -0.392894 0.0176368 0.919415 196.958
0.909822 0.0538316 0.411493 -131.286 -0.0410319 0.998362 -0.0398831 -12.4551 -0.412966 0.0194022 0.91054 198.308
0.898272 0.0567054 0.435765 -130.645 -0.0428596 0.998217 -0.0415469 -12.5337 -0.437344 0.0186437 0.899101 199.7
0.885047 0.0612677 0.461453 -129.97 -0.0459137 0.997956 -0.0444394 -12.6285 -0.463232 0.018144 0.886051 201.065
0.871827 0.0654762 0.485418 -129.291 -0.0483243 0.997688 -0.0477825 -12.7148 -0.487424 0.0182006 0.872976 202.318
0.856691 0.0693285 0.51115 -128.548 -0.0501441 0.997427 -0.0512416 -12.8172 -0.513387 0.0182671 0.857963 203.645
0.842566 0.0709031 0.533906 -127.783 -0.0498505 0.997308 -0.0537734 -12.9197 -0.536281 0.0186922 0.843832 204.927
0.826883 0.0717656 0.557776 -126.972 -0.0488429 0.997241 -0.055901 -13.0237 -0.560249 0.0189802 0.828107 206.188
0.811052 0.0739791 0.580278 -126.097 -0.0472034 0.997013 -0.0611323 -13.1397 -0.583067 0.0221904 0.812121 207.44
0.795857 0.0766357 0.600615 -125.225 -0.0458883 0.996739 -0.0663742 -13.2624 -0.603743 0.0252632 0.796779 208.645
0.779179 0.078203 0.621904 -124.262 -0.0439003 0.996559 -0.0703125 -13.3907 -0.625262 0.0274843 0.779931 209.872
0.764126 0.0798157 0.64011 -123.336 -0.0425965 0.996393 -0.0733917 -13.5232 -0.643659 0.028814 0.76477 211.028
0.748304 0.0803888 0.658467 -122.384 -0.0407582 0.996326 -0.0753172 -13.6581 -0.662102 0.0295223 0.748832 212.191
0.732227 0.0806756 0.676266 -121.331 -0.038632 0.996281 -0.0770232 -13.8014 -0.679965 0.0302729 0.73262 213.33
0.718973 0.0813554 0.69026 -120.296 -0.0362271 0.996162 -0.0796755 -13.9454 -0.694093 0.0322785 0.719162 214.439
0.702057 0.0826915 0.707304 -119.165 -0.0331577 0.995954 -0.083526 -14.1039 -0.711349 0.0351874 0.701958 215.599
0.689279 0.0846827 0.719529 -118.123 -0.0311638 0.995692 -0.0873311 -14.2552 -0.723825 0.0377723 0.688949 216.629
0.674861 0.0878266 0.7327 -117.015 -0.0309334 0.995387 -0.0908225 -14.4193 -0.737296 0.0386278 0.674465 217.688
0.65843 0.0875397 0.747533 -115.891 -0.0286862 0.99541 -0.0913003 -14.58 -0.752095 0.038671 0.65792 218.685
0.643026 0.0892866 0.760622 -114.738 -0.0300744 0.995359 -0.0914168 -14.7463 -0.765253 0.0359081 0.642727 219.681
0.626314 0.0899839 0.774361 -113.557 -0.0316721 0.995433 -0.0900567 -14.9119 -0.778928 0.0318781 0.626303 220.645
0.606058 0.0909572 0.790203 -112.396 -0.0339071 0.995492 -0.0885817 -15.0781 -0.794698 0.0268921 0.60641 221.639
0.589515 0.0926161 0.802431 -111.196 -0.0364429 0.995443 -0.0881203 -15.2463 -0.806935 0.0227053 0.590203 222.549
0.572543 0.0961102 0.814222 -109.997 -0.0383568 0.995158 -0.0904961 -15.4216 -0.818977 0.0205819 0.573457 223.433
0.55465 0.0996497 0.826095 -108.802 -0.0406178 0.994862 -0.0927364 -15.5888 -0.831092 0.0178821 0.555848 224.267
0.535792 0.100102 0.838395 -107.568 -0.0412914 0.994866 -0.0923961 -15.7654 -0.84334 0.0148866 0.537175 225.076
0.513918 0.0989762 0.85211 -106.332 -0.0414277 0.995026 -0.090591 -15.9345 -0.856838 0.0112553 0.515462 225.86
0.493883 0.0967625 0.864128 -105.112 -0.0409291 0.995274 -0.0880553 -16.0936 -0.868565 0.00812108 0.495509 226.59
0.471868 0.0956967 0.87646 -103.891 -0.0415966 0.995401 -0.0862886 -16.256 -0.880688 0.00425901 0.473679 227.281
0.450256 0.0940457 0.887933 -102.66 -0.039735 0.995563 -0.0852964 -16.4055 -0.892015 0.00312311 0.451995 227.923
0.429504 0.0942463 0.898133 -101.401 -0.0399693 0.995549 -0.0853546 -16.5651 -0.90218 0.000762342 0.431359 228.578
0.40837 0.093303 0.908035 -100.145 -0.0373524 0.995637 -0.0855058 -16.7178 -0.912052 0.00100068 0.410074 229.157
0.387169 0.0931839 0.917288 -98.9222 -0.0339733 0.995646 -0.0868045 -16.8669 -0.921383 0.00244465 0.388649 229.698
0.367371 0.0928766 0.925426 -97.6531 -0.0322428 0.995675 -0.0871274 -17.0231 -0.929515 0.00216984 0.368777 230.217
0.346769 0.0906868 0.933556 -96.4185 -0.0288283 0.995875 -0.0860323 -17.1678 -0.937507 0.00292054 0.347953 230.673
0.326961 0.0904382 0.940701 -95.1412 -0.0257964 0.995894 -0.0867783 -17.3183 -0.944686 0.00410644 0.327951 231.168
0.307294 0.0948812 0.946873 -93.8659 -0.0266101 0.995485 -0.0911164 -17.4719 -0.951243 0.00280312 0.308431 231.548
0.287631 0.104385 0.952036 -92.6891 -0.0302443 0.994537 -0.0999078 -17.6271 -0.957264 -5.71242e-05 0.289216 231.961
0.267142 0.111905 0.957138 -91.4622 -0.03183 0.993717 -0.107298 -17.7916 -0.963131 -0.00180204 0.269026 232.313
0.249723 0.116496 0.961284 -90.2549 -0.0345361 0.993177 -0.111389 -17.9572 -0.967701 -0.00538258 0.252043 232.644
0.228926 0.117517 0.966324 -89.0213 -0.0369156 0.99302 -0.112018 -18.1283 -0.972744 -0.0100286 0.231666 232.958
0.209278 0.117754 0.97074 -87.7822 -0.0384793 0.992946 -0.112152 -18.2955 -0.977099 -0.0138824 0.212333 233.247
0.190036 0.117536 0.974716 -86.5859 -0.0418667 0.992875 -0.111563 -18.4672 -0.980884 -0.0196071 0.193603 233.502
0.170885 0.116157 0.97842 -85.377 -0.0401804 0.993022 -0.110873 -18.6312 -0.984471 -0.0203668 0.17436 233.746
0.152651 0.11607 0.981441 -84.1722 -0.0405859 0.992978 -0.111121 -18.7897 -0.987446 -0.0228698 0.15629 233.95
0.134072 0.1164 0.984112 -82.959 -0.0388845 0.992931 -0.112146 -18.9614 -0.990209 -0.0232311 0.13765 234.12
0.114341 0.119926 0.986176 -81.7755 -0.043383 0.992343 -0.115646 -19.1232 -0.992494 -0.0295602 0.118668 234.294
0.0966014 0.120869 0.987957 -80.614 -0.0448101 0.992121 -0.116997 -19.2912 -0.994314 -0.0329684 0.101256 234.411
0.0786341 0.118807 0.989799 -79.4063 -0.0437715 0.992327 -0.115633 -19.4533 -0.995942 -0.0342322 0.0832311 234.531
0.0639309 0.114898 0.991318 -78.2648 -0.0408453 0.992819 -0.112438 -19.6149 -0.997118 -0.0333025 0.0681648 234.615
0.0490943 0.110343 0.99268 -77.089 -0.0396573 0.99331 -0.108451 -19.7704 -0.998006 -0.0340427 0.0531418 234.69
0.0369606 0.107449 0.993523 -75.9509 -0.0376449 0.993647 -0.106062 -19.9234 -0.998607 -0.0334809 0.0407707 234.745
0.0267075 0.107064 0.993893 -74.8283 -0.0366084 0.993686 -0.106058 -20.0714 -0.998973 -0.0335523 0.0304583 234.783
0.0167934 0.108795 0.993922 -73.7024 -0.0379303 0.993416 -0.108099 -20.2272 -0.999139 -0.0358844 0.0208094 234.816
0.0114158 0.111097 0.993744 -72.618 -0.037972 0.99314 -0.110593 -20.3652 -0.999214 -0.036472 0.0155561 234.847
0.00546269 0.115406 0.993303 -71.5257 -0.038121 0.99262 -0.115117 -20.5097 -0.999258 -0.0372369 0.00982178 234.876
-0.000107685 0.122682 0.992446 -70.4576 -0.0395369 0.99167 -0.12259 -20.6774 -0.999218 -0.0392514 0.00474368 234.89
-0.00459143 0.125576 0.992073 -69.4077 -0.0418675 0.99119 -0.125658 -20.827 -0.999113 -0.0421125 0.000706573 234.891
-0.00914485 0.118198 0.992948 -68.3216 -0.039966 0.992153 -0.118471 -20.9743 -0.999159 -0.0407676 -0.0043492 234.925
-0.0110716 0.108493 0.994036 -67.2638 -0.0375065 0.993352 -0.108836 -21.1171 -0.999235 -0.0384878 -0.00692875 234.912
-0.0120106 0.104777 0.994423 -66.2242 -0.035922 0.993808 -0.105146 -21.2489 -0.999282 -0.0369846 -0.00817244 234.925
-0.0127612 0.106104 0.994273 -65.1932 -0.0375594 0.993602 -0.106514 -21.3867 -0.999213 -0.0387036 -0.00869431 234.922
-0.0124214 0.109398 0.99392 -64.1586 -0.037322 0.993254 -0.109792 -21.5211 -0.999226 -0.0384588 -0.00825468 234.935
-0.00929789 0.111483 0.993723 -63.1482 -0.0399266 0.992932 -0.111768 -21.6571 -0.999159 -0.0407151 -0.00478103 234.927
-0.00915666 0.112468 0.993613 -62.1432 -0.040809 0.992785 -0.11275 -21.7874 -0.999125 -0.0415808 -0.0045009 234.962
-0.00463649 0.113453 0.993533 -61.1329 -0.043061 0.992599 -0.113547 -21.9247 -0.999062 -0.043309 0.000283209 234.966
-0.00199229 0.114987 0.993365 -60.1306 -0.0449269 0.992354 -0.11496 -22.0584 -0.998988 -0.0448579 0.00318897 234.998
0.00297133 0.115819 0.993266 -59.1464 -0.0471363 0.992182 -0.115552 -22.1892 -0.998884 -0.0464755 0.00840737 235.012
0.00969732 0.11549 0.993261 -58.1574 -0.0481327 0.992211 -0.114897 -22.3198 -0.998794 -0.0466942 0.0151806 235.042
0.0161932 0.113438 0.993413 -57.1419 -0.0468904 0.992536 -0.112574 -22.4572 -0.998769 -0.0447587 0.0213915 235.082
0.0244058 0.112884 0.993308 -56.173 -0.0446473 0.992736 -0.111722 -22.5897 -0.998705 -0.0416218 0.0292685 235.121
0.0313566 0.113628 0.993028 -55.1969 -0.0444386 0.992693 -0.112187 -22.7158 -0.99852 -0.040611 0.036177 235.166
0.0379024 0.113431 0.992823 -54.2145 -0.0437017 0.992774 -0.111758 -22.8455 -0.998325 -0.0391521 0.0425856 235.218
0.0458236 0.11277 0.992564 -53.2653 -0.0461793 0.992785 -0.110663 -22.9717 -0.997882 -0.0407649 0.0507006 235.269
0.0510741 0.110645 0.992547 -52.2828 -0.046106 0.993045 -0.108328 -23.0953 -0.99763 -0.0402295 0.0558203 235.349
0.0575528 0.108591 0.992419 -51.3243 -0.045535 0.993318 -0.106049 -23.2182 -0.997304 -0.0390864 0.0621129 235.434
0.0649825 0.109069 0.991908 -50.3516 -0.046224 0.993271 -0.10619 -23.3425 -0.996815 -0.0389494 0.0695868 235.501
0.0711347 0.111406 0.991226 -49.3796 -0.0457764 0.993061 -0.108327 -23.4688 -0.996416 -0.037669 0.0757408 235.584
0.078109 0.113076 0.990511 -48.4212 -0.0461044 0.992894 -0.109712 -23.5855 -0.995878 -0.0370974 0.0827672 235.671
0.0851364 0.114732 0.989742 -47.44 -0.0477493 0.992677 -0.110965 -23.7177 -0.995225 -0.0378123 0.0899913 235.757
0.0910452 0.115718 0.989101 -46.5073 -0.0498753 0.992509 -0.111526 -23.8347 -0.994597 -0.0391777 0.0961347 235.869
0.0995157 0.115138 0.988352 -45.5575 -0.0511396 0.992562 -0.110479 -23.9585 -0.993721 -0.0395495 0.104664 235.962
0.105834 0.113031 0.987939 -44.6029 -0.0518319 0.992795 -0.108034 -24.0807 -0.993032 -0.039773 0.11093 236.076
0.111403 0.110791 0.98758 -43.6691 -0.0516886 0.993067 -0.105576 -24.1993 -0.99243 -0.0392853 0.116357 236.194
0.1192 0.110277 0.986727 -42.7197 -0.0515156 0.993161 -0.104773 -24.3216 -0.991533 -0.0383429 0.124066 236.33
0.125421 0.111472 0.985821 -41.788 -0.051799 0.993048 -0.105699 -24.4385 -0.990751 -0.0378077 0.130323 236.462
0.132535 0.112319 0.984794 -40.8318 -0.0505156 0.993033 -0.10646 -24.5577 -0.98989 -0.0356377 0.137286 236.603
0.141497 0.113465 0.983415 -39.9096 -0.0487685 0.993002 -0.107554 -24.6766 -0.988737 -0.0327411 0.14604 236.738
0.15051 0.115355 0.981855 -38.9944 -0.0481802 0.992845 -0.109261 -24.793 -0.987434 -0.030861 0.154991 236.888
0.160121 0.116705 0.980174 -38.0557 -0.0494063 0.992689 -0.110124 -24.9162 -0.98586 -0.0307937 0.164716 237.051
