1 -4.1311e-11 -1.95776e-11 0 -4.12612e-11 1 -1.70424e-11 0 -1.42043e-10 -1.70424e-11 1 -2.98023e-08
0.999996 -0.00217485 -0.00172639 0.00638594 0.00217337 0.999997 -0.000854042 -0.0270047 0.00172824 0.000850288 0.999998 0.564237
0.999991 -0.0032411 -0.00263581 -0.000239449 0.00323572 0.999993 -0.00204068 -0.0458904 0.00264241 0.00203213 0.999995 1.13544
0.999983 -0.00375893 -0.0045487 -0.00669878 0.00374271 0.999987 -0.00356915 -0.0628552 0.00456205 0.00355207 0.999983 1.67937
0.999964 -0.00557449 -0.00636141 -0.0102427 0.00554112 0.999971 -0.00525193 -0.0790988 0.0063905 0.00521649 0.999966 2.23154
0.999937 -0.00812782 -0.00777217 -0.0143365 0.00807319 0.999943 -0.00703478 -0.0959913 0.0078289 0.00697159 0.999945 2.79598
0.999909 -0.00971037 -0.00936459 -0.0169926 0.00963792 0.999924 -0.00775085 -0.111239 0.00943913 0.00765989 0.999926 3.35928
0.999894 -0.0101933 -0.0103795 -0.0258703 0.0101186 0.999923 -0.00722503 -0.127876 0.0104523 0.00711924 0.99992 3.93778
0.999873 -0.0107039 -0.0117937 -0.0377852 0.0106154 0.999915 -0.00754326 -0.145666 0.0118735 0.00741711 0.999902 4.51985
0.99987 -0.0100473 -0.0126148 -0.0464984 0.00991971 0.999899 -0.0101366 -0.167159 0.0127154 0.0100101 0.999869 5.10814
0.999866 -0.00849275 -0.0139742 -0.0675018 0.00829651 0.999867 -0.0140418 -0.189018 0.0140916 0.013924 0.999804 5.70526
0.999857 -0.0070192 -0.0154025 -0.0813848 0.00674765 0.999822 -0.0176119 -0.205685 0.0155234 0.0175054 0.999726 6.31228
0.999837 -0.00522938 -0.0173064 -0.101748 0.00491882 0.999827 -0.0179387 -0.222959 0.0173972 0.0178506 0.999689 6.92653
0.999809 -0.00310638 -0.0192858 -0.129432 0.00288461 0.99993 -0.011516 -0.235893 0.0193202 0.0114582 0.999748 7.57369
0.999816 -0.00268888 -0.0189784 -0.146796 0.00267028 0.999996 -0.00100564 -0.252598 0.0189811 0.000954775 0.999819 8.2337
0.999823 -0.00148694 -0.0187326 -0.165514 0.00159929 0.999981 0.00598386 -0.270772 0.0187234 -0.00601276 0.999807 8.91029
0.999773 -0.000683437 -0.0212932 -0.195394 0.000795865 0.999986 0.00527194 -0.289249 0.0212893 -0.00528769 0.999759 9.59348
0.999754 0.00188302 -0.0221215 -0.226912 -0.00192316 0.999997 -0.00179331 -0.298666 0.0221181 0.00183541 0.999754 10.2833
0.999694 0.00171329 -0.0246972 -0.246183 -0.00190832 0.999967 -0.00787537 -0.305276 0.0246829 0.00792009 0.999664 10.9944
0.999681 -0.000218279 -0.0252729 -0.277547 4.90839e-05 0.999978 -0.00669515 -0.31278 0.0252738 0.00669177 0.999658 11.7212
0.999613 -0.00203622 -0.0277615 -0.292478 0.00210982 0.999994 0.00262226 -0.324673 0.027756 -0.00267982 0.999611 12.4885
0.999616 -0.00309827 -0.0275428 -0.319816 0.00338238 0.999941 0.0102748 -0.333499 0.0275094 -0.010364 0.999568 13.2557
0.999517 -0.0037483 -0.0308597 -0.341119 0.00415509 0.999905 0.0131283 -0.339581 0.0308076 -0.0132501 0.999438 14.0464
0.999465 -0.00581894 -0.0321946 -0.377289 0.00622242 0.999903 0.0124466 -0.344193 0.0321191 -0.0126402 0.999404 14.8518
0.999525 -0.00611475 -0.0302147 -0.411142 0.00642125 0.999929 0.0100575 -0.350067 0.0301511 -0.0102467 0.999493 15.6687
0.99945 -0.004076 -0.0329062 -0.434712 0.00428304 0.999971 0.00622395 -0.348642 0.0328799 -0.00636147 0.999439 16.5003
0.999515 -0.00696611 -0.0303399 -0.472773 0.00700253 0.999975 0.00109425 -0.361783 0.0303315 -0.00130618 0.999539 17.3536
0.999533 -0.00967517 -0.0289698 -0.498958 0.00953122 0.999942 -0.00510298 -0.376204 0.0290175 0.00482448 0.999567 18.22
0.999598 -0.00850842 -0.027033 -0.531869 0.0082344 0.999914 -0.0102316 -0.396253 0.0271178 0.0100049 0.999582 19.106
0.999575 -0.0069616 -0.0282961 -0.557093 0.00662792 0.999908 -0.0118692 -0.411943 0.0283761 0.0116766 0.999529 20.0076
0.999588 -0.00750706 -0.0277208 -0.596337 0.0072019 0.999913 -0.0110918 -0.436994 0.0278016 0.0108876 0.999554 20.9261
0.999634 -0.00672844 -0.026197 -0.625987 0.00641423 0.999907 -0.0120595 -0.464453 0.0262757 0.011887 0.999584 21.8633
0.999626 -0.00340956 -0.0271434 -0.665282 0.00302586 0.999895 -0.0141647 -0.493021 0.0271888 0.0140773 0.999531 22.7904
0.99967 0.000671984 -0.0256866 -0.707445 -0.00106241 0.999884 -0.0151888 -0.519582 0.0256734 0.0152111 0.999555 23.7557
0.999667 0.00242283 -0.0256733 -0.738712 -0.00281524 0.99988 -0.0152597 -0.552206 0.0256333 0.0153269 0.999554 24.7044
0.999672 0.00298448 -0.0254364 -0.765497 -0.00337066 0.99988 -0.0151528 -0.584989 0.0253881 0.0152336 0.999562 25.684
0.999679 0.00334682 -0.0251146 -0.797643 -0.00372421 0.999881 -0.014995 -0.61898 0.0250614 0.0150837 0.999572 26.6684
0.999683 0.00398868 -0.0248518 -0.829775 -0.00433165 0.999896 -0.013762 -0.651238 0.0247943 0.0138653 0.999597 27.666
0.999681 0.00467725 -0.0248204 -0.860071 -0.0049737 0.999917 -0.0118955 -0.683653 0.0247627 0.0120152 0.999621 28.6825
0.999659 0.004776 -0.0256831 -0.88214 -0.00505493 0.999929 -0.0108068 -0.711583 0.0256297 0.0109329 0.999612 29.6656
0.999712 0.00505182 -0.023451 -0.918136 -0.00532845 0.999917 -0.0117483 -0.749402 0.0233897 0.0118699 0.999656 30.6882
0.999691 0.00719952 -0.0238052 -0.940946 -0.00750437 0.999891 -0.0127413 -0.780223 0.0237108 0.012916 0.999635 31.6945
0.999684 0.00716483 -0.0240974 -0.987734 -0.00745499 0.999901 -0.0119727 -0.809472 0.0240093 0.0121485 0.999638 32.7177
0.999655 0.00650419 -0.0254373 -1.01739 -0.00674119 0.999935 -0.00924225 -0.844846 0.0253756 0.00941054 0.999634 33.7641
0.99963 0.0066852 -0.0263466 -1.05452 -0.00683452 0.999961 -0.00558129 -0.872463 0.0263083 0.0057593 0.999637 34.8059
0.999612 0.00625716 -0.0271364 -1.09553 -0.0063399 0.999976 -0.00296392 -0.897924 0.0271172 0.00313481 0.999627 35.8681
0.999612 0.00587726 -0.0272281 -1.1335 -0.00594783 0.999979 -0.00251165 -0.923397 0.0272128 0.00267263 0.999626 36.9284
0.999647 0.00654811 -0.0257371 -1.16461 -0.00664646 0.999971 -0.00373763 -0.950777 0.0257119 0.00390737 0.999662 38.0074
0.999592 0.00739435 -0.0275848 -1.20899 -0.00750996 0.999963 -0.0040898 -0.973621 0.0275535 0.00429529 0.999611 39.0809
0.999551 0.00689727 -0.0291436 -1.24084 -0.00699384 0.99997 -0.00321299 -0.998906 0.0291205 0.00341537 0.99957 40.1531
0.999552 0.00627015 -0.0292703 -1.27797 -0.00630568 0.999979 -0.00112155 -1.02723 0.0292626 0.00130562 0.999571 41.2312
0.9995 0.00685046 -0.0308808 -1.30928 -0.00680854 0.999976 0.00146233 -1.05274 0.03089 -0.00125134 0.999522 42.3036
0.999493 0.00749288 -0.0309445 -1.36351 -0.00743796 0.999971 0.00188952 -1.07759 0.0309577 -0.00165839 0.999519 43.4022
0.999511 0.00918376 -0.0298751 -1.39078 -0.00924279 0.999956 -0.00183855 -1.10485 0.0298569 0.00211378 0.999552 44.4408
0.999478 0.011579 -0.0301625 -1.43537 -0.0117677 0.999912 -0.0060853 -1.13402 0.0300894 0.00643706 0.999527 45.5194
0.999469 0.0128766 -0.0299245 -1.46689 -0.0130718 0.999894 -0.00633684 -1.16307 0.0298397 0.00672464 0.999532 46.5743
0.999508 0.0110743 -0.0293578 -1.51243 -0.0111883 0.999931 -0.0037223 -1.18918 0.0293145 0.00404893 0.999562 47.6194
0.999502 0.0123536 -0.0290441 -1.54613 -0.0124108 0.999921 -0.00179001 -1.2161 0.0290197 0.00214958 0.999577 48.7123
0.999521 0.00989896 -0.0293086 -1.5921 -0.00991193 0.999951 -0.000297332 -1.24292 0.0293043 0.000587695 0.99957 49.8015
0.999533 0.0109852 -0.028498 -1.6298 -0.0110021 0.999939 -0.000436673 -1.26708 0.0284915 0.000750007 0.999594 50.8589
0.999498 0.00961733 -0.0302014 -1.6658 -0.00968558 0.999951 -0.00211443 -1.29445 0.0301795 0.00240589 0.999542 51.9541
0.999483 0.0107508 -0.0302851 -1.69854 -0.0109038 0.999929 -0.00489257 -1.32059 0.0302304 0.00522027 0.999529 53.0286
0.999472 0.00887858 -0.0312439 -1.74699 -0.00910548 0.999933 -0.00712749 -1.35166 0.0311786 0.00740822 0.999486 54.1341
0.999467 0.0080544 -0.0316526 -1.77802 -0.0083777 0.999914 -0.0100945 -1.38866 0.0315686 0.0103543 0.999448 55.1833
0.999493 0.00731845 -0.0309766 -1.81536 -0.00768857 0.9999 -0.0118461 -1.42398 0.0308869 0.0120783 0.99945 56.2514
0.99951 0.00546228 -0.0308205 -1.84145 -0.00575954 0.999938 -0.00956428 -1.4594 0.0307664 0.00973711 0.999479 57.344
0.999545 0.00393939 -0.0299199 -1.86905 -0.00405369 0.999985 -0.00376052 -1.49023 0.0299046 0.00388009 0.999545 58.4068
0.999613 0.00133083 -0.0277781 -1.91016 -0.00127916 0.999997 0.00187773 -1.51365 0.0277806 -0.00184147 0.999612 59.5014
0.999611 -0.000132053 -0.0278843 -1.9439 0.000223142 0.999995 0.00326361 -1.53932 0.0278837 -0.00326857 0.999606 60.5459
0.999602 -0.00130879 -0.0281712 -1.97118 0.00131466 0.999999 0.000189557 -1.56485 0.0281709 -0.000226516 0.999603 61.6132
0.99963 -0.00406957 -0.0269094 -2.00688 0.00398509 0.999987 -0.00319234 -1.58783 0.0269221 0.00308392 0.999633 62.7083
0.999612 -0.000814457 -0.0278509 -2.03869 0.00062638 0.999977 -0.00676105 -1.62084 0.0278558 0.00674098 0.999589 63.7946
0.999601 0.000317481 -0.0282305 -2.07118 -0.000621125 0.999942 -0.0107478 -1.6553 0.0282254 0.010761 0.999544 64.8603
0.999573 0.00411582 -0.0289423 -2.11894 -0.00445265 0.999923 -0.011583 -1.68801 0.0288924 0.0117069 0.999514 65.9501
0.999528 0.00692937 -0.0299146 -2.16234 -0.00718148 0.99994 -0.0083286 -1.71534 0.0298551 0.00853951 0.999518 67.0244
0.999506 0.00763136 -0.0304841 -2.1994 -0.00780485 0.999954 -0.00557626 -1.75035 0.0304401 0.00581143 0.99952 68.1243
0.999498 0.00853484 -0.030496 -2.24488 -0.00867918 0.999952 -0.00460388 -1.78048 0.0304552 0.00486625 0.999524 69.2036
0.999581 0.00625311 -0.0282668 -2.28691 -0.00635514 0.999974 -0.00352127 -1.80844 0.028244 0.00369943 0.999594 70.3
0.999569 0.00619962 -0.0286916 -2.31259 -0.00626081 0.999978 -0.00204324 -1.83972 0.0286783 0.00222199 0.999586 71.3537
0.999557 0.00385872 -0.0295131 -2.35497 -0.00385533 0.999993 0.000172029 -1.86858 0.0295136 -5.81691e-05 0.999564 72.4616
0.999508 0.0021065 -0.0313086 -2.37363 -0.00204458 0.999996 0.00200953 -1.89204 0.0313128 -0.00194453 0.999508 73.5261
0.99957 0.00137082 -0.0292742 -2.42309 -0.00135065 0.999999 0.000708717 -1.92114 0.0292751 -0.000668873 0.999571 74.6272
0.999569 0.0024137 -0.0292667 -2.45095 -0.00250612 0.999992 -0.00312155 -1.951 0.029259 0.00319355 0.999567 75.6795
0.999557 0.00408788 -0.0294957 -2.4892 -0.00423434 0.999979 -0.00490458 -1.98215 0.0294751 0.0050273 0.999553 76.7522
0.999543 0.00510288 -0.0297966 -2.53153 -0.0051932 0.999982 -0.00295482 -2.00905 0.029781 0.00310821 0.999552 77.8101
0.999538 0.00630082 -0.0297405 -2.57921 -0.00627012 0.99998 0.00112538 -2.03471 0.029747 -0.000938384 0.999557 78.8846
0.999529 0.00722252 -0.0298379 -2.62201 -0.00707587 0.999962 0.00501785 -2.05874 0.029873 -0.00480435 0.999542 79.9629
0.999449 0.00860719 -0.0320419 -2.66394 -0.00841549 0.999946 0.00611275 -2.08261 0.0320927 -0.00583973 0.999468 81.014
0.999463 0.00878127 -0.0315539 -2.71206 -0.00864869 0.999953 0.00433572 -2.10129 0.0315905 -0.00406049 0.999493 82.076
0.999416 0.00846732 -0.033116 -2.74887 -0.0083486 0.999958 0.0037215 -2.12395 0.0331461 -0.00344285 0.999445 83.1406
0.999392 0.0087191 -0.0337471 -2.78839 -0.00861035 0.999957 0.00336649 -2.14907 0.033775 -0.00307387 0.999425 84.1825
0.999403 0.00742182 -0.0337487 -2.83511 -0.00728874 0.999965 0.00406448 -2.17342 0.0337777 -0.00381607 0.999422 85.1982
0.999439 0.00680161 -0.0327937 -2.87252 -0.00662289 0.999963 0.00555562 -2.19622 0.0328303 -0.00533531 0.999447 86.194
0.999441 0.00579401 -0.0329399 -2.90908 -0.00552688 0.999951 0.00819496 -2.21768 0.0329858 -0.00800832 0.999424 87.1854
0.99941 0.00501518 -0.0339658 -2.94673 -0.00470286 0.999946 0.00926882 -2.2401 0.0340105 -0.00910362 0.99938 88.196
0.999363 0.00403886 -0.0354682 -2.98897 -0.00370262 0.999948 0.00954067 -2.25991 0.0355049 -0.00940326 0.999325 89.1269
0.999187 0.00298863 -0.0402009 -3.03912 -0.00262803 0.999956 0.00901986 -2.28183 0.0402261 -0.00890688 0.999151 90.0902
0.999093 0.00282688 -0.0424945 -3.08936 -0.00248673 0.999964 0.00805532 -2.29865 0.0425158 -0.00794234 0.999064 90.9616
0.998923 0.00296345 -0.0463143 -3.13278 -0.00257285 0.999961 0.00849104 -2.31961 0.0463377 -0.00836273 0.998891 91.8654
0.998738 0.0037356 -0.0500895 -3.18287 -0.00324917 0.999947 0.00978914 -2.33663 0.0501234 -0.00961403 0.998697 92.7117
0.998569 0.00522069 -0.0532249 -3.2365 -0.00465504 0.999931 0.0107459 -2.35463 0.0532774 -0.0104828 0.998525 93.5527
0.99844 0.00571893 -0.0555457 -3.29202 -0.00504349 0.999912 0.0122928 -2.36954 0.0556111 -0.0119934 0.998381 94.3594
0.998351 0.00761781 -0.0568999 -3.34418 -0.00687757 0.999889 0.0131942 -2.38319 0.0569941 -0.0127811 0.998293 95.1351
0.99818 0.00934211 -0.0595723 -3.39587 -0.00855778 0.999874 0.0134075 -2.40015 0.05969 -0.0128733 0.998134 95.8997
0.99797 0.0111147 -0.0627026 -3.45191 -0.0103478 0.999868 0.012541 -2.41517 0.0628337 -0.0118667 0.997953 96.6101
0.997897 0.0126537 -0.0635666 -3.50952 -0.0121198 0.999888 0.00877761 -2.43162 0.0636706 -0.00798875 0.997939 97.3101
0.997603 0.0151924 -0.0675073 -3.57326 -0.0148828 0.999876 0.00508656 -2.44612 0.0675762 -0.00406967 0.997706 97.9333
0.997495 0.0173983 -0.0685693 -3.62876 -0.0172851 0.999848 0.00224445 -2.46292 0.068598 -0.0010536 0.997644 98.5914
0.997467 0.0194062 -0.0684375 -3.68273 -0.0193203 0.999812 0.00191736 -2.47873 0.0684618 -0.000590274 0.997654 99.1847
0.997521 0.0218771 -0.0668865 -3.73022 -0.0217841 0.999761 0.00211819 -2.49498 0.0669168 -0.000655871 0.997758 99.759
0.997691 0.0252186 -0.0630542 -3.78473 -0.0250335 0.99968 0.00372493 -2.51092 0.0631279 -0.00213787 0.998003 100.336
0.997988 0.0280036 -0.0568924 -3.81049 -0.0277598 0.999602 0.00507118 -2.52575 0.0570117 -0.00348165 0.998367 100.837
0.998345 0.0292349 -0.0495298 -3.83971 -0.0289217 0.999557 0.00703021 -2.53883 0.0497133 -0.00558609 0.998748 101.368
0.99879 0.0288947 -0.0397954 -3.85436 -0.0285455 0.999549 0.00931447 -2.54877 0.0400466 -0.00816722 0.999164 101.85
0.999263 0.0280652 -0.0261905 -3.86595 -0.0277946 0.999557 0.0106418 -2.56086 0.0264775 -0.00990596 0.9996 102.314
0.99956 0.0270442 -0.0121689 -3.86024 -0.0269145 0.999581 0.0107002 -2.57173 0.0124532 -0.010368 0.999869 102.776
0.999645 0.0265435 0.00221067 -3.85164 -0.0265641 0.999598 0.00987654 -2.58193 -0.00194763 -0.00993176 0.999949 103.222
0.99954 0.0252828 0.0167507 -3.82415 -0.0254069 0.999651 0.00723951 -2.59645 -0.0165619 -0.00766177 0.999834 103.641
0.998991 0.0245383 0.0376125 -3.8017 -0.0246551 0.999693 0.00264294 -2.60536 -0.0375361 -0.00356761 0.999289 104.045
0.997742 0.0228319 0.0631671 -3.75779 -0.0227364 0.999739 -0.00223109 -2.6178 -0.0632015 0.000789867 0.998001 104.45
0.995618 0.0201204 0.0913268 -3.70167 -0.0197305 0.999792 -0.00517018 -2.62775 -0.0914118 0.0033456 0.995808 104.829
0.992347 0.0175821 0.122223 -3.6343 -0.0168936 0.999835 -0.00666757 -2.63852 -0.12232 0.00455177 0.99248 105.215
0.987908 0.0149256 0.154321 -3.54777 -0.0137573 0.999868 -0.00863538 -2.65049 -0.15443 0.00640791 0.987983 105.578
0.981744 0.0128375 0.189771 -3.44337 -0.0111303 0.999887 -0.0100591 -2.66405 -0.189879 0.00776329 0.981777 105.948
0.973661 0.00872706 0.227835 -3.33272 -0.00646852 0.999922 -0.0106579 -2.67841 -0.22791 0.00890343 0.973641 106.288
0.963594 0.00640306 0.267294 -3.19648 -0.00350438 0.99993 -0.0113202 -2.69454 -0.267348 0.00997133 0.963549 106.643
0.951188 0.00694395 0.308534 -3.05534 -0.00335234 0.99992 -0.0121694 -2.71075 -0.308594 0.0105411 0.951135 106.958
0.936077 0.00926816 0.351672 -2.90736 -0.00509878 0.999905 -0.0127802 -2.72039 -0.351757 0.0101701 0.936036 107.281
0.918049 0.00879124 0.396369 -2.72444 -0.00451928 0.999921 -0.0117104 -2.73487 -0.396441 0.00895938 0.918016 107.606
0.897812 0.00787418 0.440309 -2.54483 -0.00348067 0.999936 -0.0107849 -2.74251 -0.440366 0.00815024 0.897781 107.904
0.874268 0.00636318 0.485401 -2.32983 -0.00101808 0.999936 -0.0112746 -2.75761 -0.485442 0.00936285 0.874219 108.2
0.849354 0.00628668 0.527786 -2.11987 0.000667423 0.999916 -0.0129845 -2.77358 -0.527823 0.0113807 0.849278 108.455
0.821415 0.00824175 0.570271 -1.89047 0.0012814 0.999866 -0.0162961 -2.79023 -0.570329 0.0141166 0.821295 108.724
0.790352 0.0123325 0.612529 -1.66159 0.000199713 0.999792 -0.0203873 -2.8049 -0.612653 0.0162355 0.790186 108.966
0.756153 0.0183904 0.654136 -1.39982 -0.0033833 0.999702 -0.0241947 -2.81939 -0.654386 0.0160818 0.75599 109.219
0.719657 0.023294 0.693939 -1.13545 -0.00594162 0.999607 -0.0273928 -2.82647 -0.694304 0.0155903 0.719513 109.44
0.681711 0.0234033 0.731247 -0.843917 -0.0039338 0.999591 -0.0283242 -2.84021 -0.731611 0.0164323 0.681524 109.65
0.642437 0.0201069 0.766074 -0.530866 -0.000106938 0.999658 -0.026148 -2.86186 -0.766338 0.0167165 0.64222 109.85
0.600562 0.0180583 0.799374 -0.215824 0.00161286 0.999716 -0.0237959 -2.86828 -0.799577 0.0155802 0.600362 110.025
0.555307 0.0161466 0.831489 0.131825 0.00199544 0.999783 -0.0207473 -2.88449 -0.831643 0.0131803 0.555154 110.206
0.507513 0.0141393 0.861528 0.462409 0.00336464 0.999825 -0.0183911 -2.89156 -0.861637 0.0122325 0.507377 110.366
0.457557 0.00906816 0.889134 0.840696 0.00604102 0.999893 -0.0133066 -2.91757 -0.88916 0.0114598 0.457454 110.502
0.406283 0.00934216 0.9137 1.19321 0.00405786 0.999919 -0.0120281 -2.92814 -0.913738 0.00859447 0.406212 110.624
0.355289 0.0135208 0.934659 1.55876 0.00110057 0.999889 -0.0148827 -2.94215 -0.934756 0.00631633 0.355235 110.731
0.30457 0.0190422 0.9523 1.97265 -0.0012119 0.999807 -0.0196046 -2.95651 -0.952489 0.00481688 0.304534 110.824
0.258288 0.0212577 0.965834 2.35622 0.000972119 0.999752 -0.0222642 -2.96652 -0.966068 0.00668948 0.258203 110.896
0.216323 0.0205993 0.976105 2.78692 0.0080153 0.999706 -0.0228737 -2.98451 -0.976289 0.0127719 0.216094 110.954
0.180844 0.0199545 0.983309 3.20845 0.0164674 0.999593 -0.0233135 -2.9994 -0.983374 0.0204087 0.180441 110.991
0.15003 0.0206669 0.988466 3.66122 0.019858 0.999517 -0.0239121 -3.01694 -0.988482 0.0232165 0.149547 111.038
0.122369 0.0190692 0.992301 4.11838 0.0182915 0.999602 -0.0214652 -3.03333 -0.992316 0.0207774 0.121971 111.075
0.0970273 0.01628 0.995149 4.59976 0.0127767 0.999763 -0.0176012 -3.04243 -0.9952 0.0144225 0.0967963 111.119
0.072272 0.0128281 0.997302 5.10778 0.00837375 0.999874 -0.013468 -3.05313 -0.99735 0.00932452 0.0721555 111.158
0.0502692 0.0098631 0.998687 5.62343 0.0127207 0.999864 -0.010515 -3.0722 -0.998655 0.0132326 0.0501369 111.163
0.0299465 0.0100382 0.999501 6.15895 0.0194872 0.999754 -0.0106246 -3.09383 -0.999362 0.0197956 0.0297435 111.155
0.0116677 0.0118682 0.999861 6.71882 0.0257417 0.999595 -0.0121654 -3.11215 -0.999601 0.0258801 0.0113574 111.141
-0.00249629 0.0172384 0.999848 7.27803 0.0256126 0.999524 -0.0171688 -3.12484 -0.999669 0.0255659 -0.00293662 111.134
-0.0143642 0.0222604 0.999649 7.88176 0.0214711 0.999529 -0.0219492 -3.13484 -0.999666 0.0211483 -0.0148354 111.134
-0.0201024 0.0224369 0.999546 8.48693 0.0233662 0.999486 -0.0219656 -3.14884 -0.999525 0.0229141 -0.0206163 111.113
-0.0234167 0.0187229 0.999551 9.13739 0.0309381 0.999359 -0.0179945 -3.17095 -0.999247 0.0305028 -0.023981 111.091
-0.0229192 0.0170981 0.999591 9.81491 0.0335534 0.999304 -0.0163239 -3.19134 -0.999174 0.0331655 -0.023477 111.069
-0.0209154 0.016219 0.99965 10.4764 0.0323202 0.999357 -0.0155381 -3.2156 -0.999259 0.0319839 -0.0214262 111.063
-0.0190087 0.0172005 0.999671 11.1707 0.0284185 0.999457 -0.0166564 -3.23381 -0.999415 0.0280925 -0.0194872 111.059
-0.017416 0.0180703 0.999685 11.8892 0.0266916 0.999489 -0.0176017 -3.25539 -0.999492 0.0263766 -0.0178895 111.05
-0.0166139 0.0186337 0.999688 12.5705 0.0262123 0.999491 -0.0181944 -3.27657 -0.999518 0.0259019 -0.0170939 111.044
-0.0167691 0.0181758 0.999694 13.3168 0.0257274 0.999512 -0.0177409 -3.30243 -0.999528 0.025422 -0.0172286 111.043
-0.0154794 0.0168578 0.999738 14.0711 0.024784 0.999557 -0.016471 -3.32303 -0.999573 0.0245226 -0.0158904 111.035
-0.0154489 0.0154303 0.999762 14.8361 0.025257 0.999568 -0.015037 -3.35183 -0.999562 0.0250187 -0.0158319 111.031
-0.0155213 0.0129951 0.999795 15.6154 0.0263455 0.999574 -0.0125832 -3.37762 -0.999532 0.0261448 -0.015857 111.018
-0.0168542 0.0115216 0.999792 16.3785 0.0253467 0.999617 -0.0110923 -3.39683 -0.999537 0.0251544 -0.0171398 111.015
-0.0173979 0.0109293 0.999789 17.1904 0.0216071 0.999711 -0.0105525 -3.42141 -0.999615 0.0214189 -0.017629 111.001
-0.0184498 0.00807363 0.999797 17.9845 0.0257742 0.999639 -0.00759672 -3.44042 -0.999497 0.0256288 -0.0186513 110.985
-0.0201069 0.00585313 0.999781 18.7791 0.0265308 0.999634 -0.0053187 -3.46614 -0.999446 0.026418 -0.0202548 110.977
-0.0211928 0.00541631 0.999761 19.6042 0.026433 0.999639 -0.00485532 -3.48445 -0.999426 0.0263238 -0.0213283 110.956
-0.0226232 0.00953128 0.999699 20.4222 0.021716 0.999723 -0.00904008 -3.50825 -0.999508 0.0215049 -0.022824 110.953
-0.0231116 0.0141466 0.999633 21.2326 0.0216547 0.999672 -0.0136465 -3.53039 -0.999498 0.0213314 -0.0234104 110.941
-0.0242151 0.0156387 0.999584 22.0922 0.0233436 0.999614 -0.0150737 -3.56001 -0.999434 0.0229689 -0.0245708 110.918
-0.0259236 0.0136257 0.999571 22.9148 0.0197595 0.999719 -0.0131152 -3.58587 -0.999469 0.019411 -0.0261855 110.912
-0.0265996 0.00961414 0.9996 23.7454 0.0169417 0.999814 -0.00916538 -3.61175 -0.999503 0.0166912 -0.0267576 110.898
-0.0270332 0.00435275 0.999625 24.5988 0.015923 0.999866 -0.00392319 -3.63559 -0.999508 0.015811 -0.0270989 110.88
-0.027048 -0.00107824 0.999634 25.4207 0.0122807 0.999924 0.00141085 -3.65569 -0.999559 0.0123143 -0.0270327 110.866
-0.0270499 -0.00254338 0.999631 26.2956 0.00975687 0.999949 0.00280821 -3.67356 -0.999587 0.00982923 -0.0270237 110.856
-0.0259886 0.00389261 0.999655 27.122 0.0130965 0.999908 -0.00355311 -3.7036 -0.999576 0.0129996 -0.0260372 110.837
-0.0247663 0.0141192 0.999594 27.9403 0.0147829 0.999796 -0.0137558 -3.73477 -0.999584 0.0144362 -0.02497 110.819
-0.0248671 0.019203 0.999506 28.7787 0.0159606 0.999696 -0.0188096 -3.76194 -0.999563 0.015485 -0.025166 110.808
-0.0232944 0.0150967 0.999615 29.6137 0.0184721 0.999722 -0.0146679 -3.78619 -0.999558 0.0181233 -0.0235668 110.787
-0.0223172 0.00691852 0.999727 30.4483 0.0216918 0.999744 -0.0064344 -3.81219 -0.999516 0.0215423 -0.0224616 110.774
-0.022113 0.0035499 0.999749 31.2815 0.0233572 0.999723 -0.00303317 -3.83857 -0.999483 0.0232842 -0.0221898 110.754
-0.0221815 0.00431017 0.999745 32.0975 0.0222325 0.999746 -0.00381689 -3.86448 -0.999507 0.0221422 -0.0222717 110.744
-0.0234784 0.00494981 0.999712 32.9253 0.0188279 0.999813 -0.00450813 -3.88944 -0.999547 0.0187167 -0.0235672 110.736
-0.0248563 0.00496349 0.999679 33.7305 0.0163898 0.999855 -0.00455684 -3.91072 -0.999557 0.0162713 -0.024934 110.726
-0.0276884 0.00494286 0.999604 34.5436 0.0160727 0.999861 -0.00449893 -3.93458 -0.999487 0.0159418 -0.027764 110.71
-0.0290255 0.00518119 0.999565 35.3519 0.0153981 0.99987 -0.00473564 -3.96244 -0.99946 0.015254 -0.0291015 110.693
-0.0313673 0.005218 0.999494 36.1476 0.0131829 0.999902 -0.0048064 -3.9842 -0.999421 0.0130255 -0.031433 110.683
-0.0338078 0.00418059 0.99942 36.9451 0.0112619 0.999929 -0.00380177 -4.00477 -0.999365 0.0111268 -0.0338525 110.661
-0.0353629 0.00313349 0.99937 37.7276 0.0117762 0.999927 -0.00271853 -4.03196 -0.999305 0.0116726 -0.0353972 110.641
-0.0379335 0.00338127 0.999275 38.516 0.0114246 0.99993 -0.0029498 -4.05489 -0.999215 0.0113044 -0.0379695 110.618
-0.0392328 0.00403705 0.999222 39.2962 0.0113556 0.999929 -0.00359404 -4.07663 -0.999166 0.0112058 -0.0392759 110.595
-0.0407003 0.00409737 0.999163 40.0712 0.0111598 0.999931 -0.00364593 -4.09717 -0.999109 0.0110021 -0.0407433 110.567
-0.0416865 0.0031205 0.999126 40.8357 0.0129377 0.999913 -0.00258316 -4.12087 -0.999047 0.0128187 -0.0417232 110.543
-0.0433807 0.00221182 0.999056 41.6172 0.0129018 0.999915 -0.00165351 -4.14337 -0.998975 0.0128179 -0.0434056 110.511
-0.0445799 0.0016818 0.999004 42.367 0.0122908 0.999924 -0.00113488 -4.16586 -0.99893 0.012228 -0.0445972 110.485
-0.0455785 0.00100433 0.99896 43.1285 0.0105446 0.999944 -0.000524208 -4.18601 -0.998905 0.0105097 -0.0455865 110.457
-0.0467829 -0.000376637 0.998905 43.863 0.00983665 0.999951 0.000837725 -4.2013 -0.998857 0.00986507 -0.0467769 110.432
-0.0476245 -0.00013665 0.998865 44.5977 0.0103559 0.999946 0.000630552 -4.22149 -0.998812 0.0103741 -0.0476206 110.406
-0.047603 0.00191164 0.998865 45.2721 0.0100556 0.999948 -0.00143449 -4.24324 -0.998816 0.00997589 -0.0476198 110.381
-0.0477397 0.00456902 0.998849 45.9806 0.00969299 0.999945 -0.00411075 -4.26539 -0.998813 0.00948559 -0.0477813 110.353
-0.0472148 0.00614864 0.998866 46.6578 0.00864849 0.999946 -0.00574649 -4.28626 -0.998847 0.00836736 -0.0472655 110.32
-0.0478099 0.00678259 0.998833 47.364 0.00908702 0.999938 -0.00635513 -4.30637 -0.998815 0.00877258 -0.0478686 110.297
-0.0475507 0.00654145 0.998847 48.061 0.0105087 0.999927 -0.00604825 -4.32692 -0.998814 0.010209 -0.0476159 110.268
-0.0481028 0.00628213 0.998823 48.7521 0.0112171 0.999921 -0.00574883 -4.35091 -0.998779 0.0109273 -0.0481694 110.24
-0.0484025 0.0061806 0.998809 49.4494 0.00837732 0.999948 -0.00578168 -4.36601 -0.998793 0.0080875 -0.0484518 110.221
-0.0479201 0.00639291 0.998831 50.1246 0.0058634 0.999964 -0.00611886 -4.38906 -0.998834 0.00556333 -0.0479558 110.196
-0.0481554 0.00486225 0.998828 50.803 0.0067101 0.999967 -0.00454429 -4.40888 -0.998817 0.0064834 -0.0481864 110.17
-0.0491302 0.00411186 0.998784 51.4393 0.00660996 0.999971 -0.0037916 -4.42416 -0.998771 0.00641564 -0.0491559 110.145
-0.0522853 0.00355587 0.998626 52.1129 0.00274661 0.99999 -0.00341692 -4.44729 -0.998628 0.00256418 -0.0522946 110.122
-0.0578389 0.00384853 0.998319 52.8197 0.00202133 0.999991 -0.00373787 -4.46202 -0.998324 0.00180174 -0.0578462 110.093
-0.0634697 0.00703694 0.997959 53.4638 0.00281645 0.999972 -0.00687201 -4.48382 -0.99798 0.00237454 -0.0634878 110.046
-0.0699933 0.00979503 0.997499 54.1229 0.0032265 0.999949 -0.00959268 -4.50086 -0.997542 0.00254701 -0.0700213 109.997
-0.0771892 0.0110453 0.996955 54.845 0.00480597 0.999931 -0.0107062 -4.51925 -0.997005 0.00396494 -0.0772369 109.947
-0.0834561 0.0105774 0.996455 55.4901 0.00192364 0.999944 -0.0104534 -4.54287 -0.99651 0.00104442 -0.0834718 109.904
-0.0888702 0.00955349 0.995997 56.1699 0.000578833 0.999954 -0.0095398 -4.56345 -0.996043 -0.000271287 -0.0888717 109.847
-0.0940083 0.00938417 0.995527 56.8261 -0.000973068 0.999954 -0.00951779 -4.58637 -0.995571 -0.00186347 -0.0939948 109.8
-0.0975829 0.00890982 0.995188 57.5525 -0.00241967 0.999955 -0.00918976 -4.6089 -0.995225 -0.00330479 -0.0975569 109.733
-0.100165 0.0057882 0.994954 58.238 -0.00307417 0.999977 -0.00612691 -4.61916 -0.994966 -0.00367236 -0.100145 109.675
-0.102119 0.00301594 0.994768 58.9265 0.000513381 0.999995 -0.00297908 -4.63813 -0.994772 0.000206473 -0.102121 109.601
-0.103608 0.000413676 0.994618 59.6441 3.70507e-05 1 -0.000412054 -4.65539 -0.994618 -5.84079e-06 -0.103608 109.535
-0.104839 5.73956e-05 0.994489 60.3802 -0.00124567 0.999999 -0.000189031 -4.66825 -0.994488 -0.00125862 -0.104839 109.463
-0.105851 0.00312036 0.994377 61.1113 0.000693429 0.999995 -0.00306417 -4.6871 -0.994382 0.000365185 -0.105853 109.392
-0.106147 0.00724477 0.994324 61.8369 0.00606817 0.99996 -0.00663803 -4.70381 -0.994332 0.00532912 -0.106187 109.309
-0.106716 0.0108818 0.99423 62.5878 0.0118929 0.999883 -0.00966712 -4.73163 -0.994218 0.0107926 -0.106833 109.225
-0.107266 0.0125481 0.994151 63.3151 0.0124252 0.999859 -0.0112795 -4.74773 -0.994153 0.0111426 -0.107407 109.147
-0.107587 0.0105323 0.99414 64.0642 0.0110228 0.999895 -0.00940039 -4.76622 -0.994135 0.0099468 -0.107692 109.08
-0.107164 0.00674418 0.994218 64.8056 0.0125261 0.999907 -0.00543261 -4.78307 -0.994162 0.0118715 -0.107239 109.005
-0.107964 0.00451896 0.994144 65.5333 0.0175911 0.999842 -0.00263447 -4.80654 -0.993999 0.0172036 -0.108026 108.924
-0.108504 0.00489938 0.994084 66.2689 0.0186968 0.999821 -0.0028869 -4.82983 -0.99392 0.0182729 -0.108576 108.84
-0.110377 0.0050036 0.993877 67.0286 0.0170684 0.999849 -0.0031381 -4.84815 -0.993743 0.0166176 -0.110446 108.77
-0.112465 0.00589562 0.993638 67.8013 0.0169823 0.999848 -0.00401032 -4.87304 -0.993511 0.0164232 -0.112548 108.686
-0.114813 0.00577045 0.99337 68.5173 0.0167249 0.999853 -0.00387506 -4.89015 -0.993246 0.0161691 -0.114892 108.611
-0.11674 0.00576867 0.993146 69.2771 0.0172579 0.999844 -0.00377897 -4.91199 -0.993012 0.0166985 -0.116822 108.529
-0.118911 0.00522561 0.992891 70.0159 0.015262 0.999878 -0.00343457 -4.92938 -0.992788 0.0147451 -0.118976 108.451
-0.120079 0.00628151 0.992744 70.7594 0.0143023 0.999887 -0.00459675 -4.94825 -0.992661 0.0136466 -0.120155 108.364
-0.121011 0.00701253 0.992627 71.5145 0.0122575 0.999909 -0.00556968 -4.97123 -0.992576 0.0114931 -0.121086 108.281
-0.122342 0.0072682 0.992461 72.2771 0.0116778 0.999915 -0.00588324 -4.98362 -0.992419 0.01087 -0.122416 108.197
-0.123386 0.00693183 0.992334 73.0419 0.0111524 0.999922 -0.00559815 -5.00503 -0.992296 0.0103762 -0.123454 108.11
-0.124512 0.00559328 0.992202 73.8088 0.011707 0.999923 -0.00416767 -5.02614 -0.992149 0.0110968 -0.124568 108.019
-0.125924 0.0034592 0.992034 74.6175 0.00964908 0.999951 -0.002262 -5.04453 -0.991993 0.00928738 -0.125951 107.927
-0.127162 0.00152397 0.991881 75.3962 0.00628021 0.99998 -0.000731271 -5.05923 -0.991862 0.00613623 -0.127169 107.834
-0.129748 0.000696736 0.991547 76.1652 0.00587557 0.999983 6.61784e-05 -5.07538 -0.99153 0.00583449 -0.12975 107.742
-0.131597 0.000821271 0.991303 76.9528 0.00714442 0.999974 0.000119978 -5.09642 -0.991278 0.00709808 -0.1316 107.64
-0.133159 0.00198863 0.991093 77.7237 0.00574009 0.999983 -0.00123525 -5.1081 -0.991078 0.00552448 -0.133169 107.54
-0.134357 0.00622581 0.990913 78.5416 0.00937388 0.999944 -0.00501155 -5.13086 -0.990889 0.00861537 -0.134408 107.435
-0.135573 0.0092685 0.990724 79.3398 0.00887311 0.999928 -0.00814038 -5.15015 -0.990728 0.00768718 -0.135646 107.33
-0.136114 0.0130892 0.990607 80.1549 0.0100626 0.999879 -0.011829 -5.17539 -0.990642 0.00835798 -0.136229 107.217
-0.135757 0.0139996 0.990643 80.9651 0.0128663 0.999841 -0.0123664 -5.20056 -0.990659 0.0110671 -0.135915 107.105
-0.135646 0.0135703 0.990664 81.7803 0.0159198 0.999807 -0.0115157 -5.22834 -0.990629 0.0142091 -0.135836 106.997
-0.135325 0.0116972 0.990732 82.6124 0.0168375 0.999813 -0.0095046 -5.25211 -0.990658 0.0153953 -0.135497 106.885
-0.134589 0.0103059 0.990848 83.4544 0.0172155 0.999819 -0.00806077 -5.27646 -0.990752 0.015973 -0.134742 106.78
-0.132449 0.00792472 0.991158 84.3013 0.0164676 0.999848 -0.00579362 -5.30051 -0.991053 0.0155546 -0.132559 106.672
-0.131559 0.00511282 0.991295 85.1344 0.0176043 0.999841 -0.00282057 -5.31952 -0.991152 0.01708 -0.131628 106.565
-0.129082 0.0015217 0.991633 85.9914 0.0179885 0.999838 0.000807302 -5.34002 -0.991471 0.0179422 -0.129089 106.456
-0.127644 0.00144223 0.991819 86.829 0.0166764 0.999861 0.000692282 -5.3607 -0.99168 0.0166283 -0.12765 106.358
-0.126143 0.00548875 0.991997 87.6948 0.0184763 0.999824 -0.0031826 -5.38183 -0.99184 0.017927 -0.126222 106.249
-0.124445 0.0112781 0.992162 88.5521 0.0184813 0.999788 -0.0090467 -5.40646 -0.992054 0.0172106 -0.124627 106.15
-0.123648 0.0144338 0.992221 89.4071 0.0155155 0.9998 -0.0126106 -5.43271 -0.992205 0.0138355 -0.123847 106.058
-0.12147 0.012613 0.992515 90.2719 0.014337 0.999837 -0.0109514 -5.45038 -0.992492 0.0128995 -0.121631 105.959
-0.120727 0.0101818 0.992634 91.1097 0.0160525 0.999837 -0.00830335 -5.48021 -0.992556 0.0149318 -0.120871 105.865
-0.120348 0.00852 0.992695 91.9906 0.0166934 0.999839 -0.00655751 -5.50505 -0.992591 0.0157822 -0.120471 105.765
-0.119697 0.00785202 0.992779 92.8385 0.0168707 0.99984 -0.0058738 -5.53417 -0.992667 0.0160458 -0.119811 105.669
-0.118901 0.00732542 0.992879 93.6944 0.0155486 0.999864 -0.00551495 -5.55955 -0.992784 0.0147821 -0.118999 105.577
-0.118358 0.00652223 0.99295 94.5666 0.0184951 0.999819 -0.00436278 -5.57908 -0.992799 0.0178483 -0.118457 105.479
-0.117314 0.00581434 0.993078 95.4062 0.022102 0.99975 -0.00324245 -5.6057 -0.992849 0.0215687 -0.117414 105.38
-0.116944 0.00639876 0.993118 96.2671 0.0218182 0.999754 -0.00387233 -5.62822 -0.992899 0.0212152 -0.117055 105.285
-0.115807 0.00908785 0.99323 97.1166 0.0247099 0.999675 -0.00626573 -5.6573 -0.992964 0.023817 -0.115994 105.188
-0.115151 0.00928491 0.993305 97.9837 0.019715 0.999781 -0.00705993 -5.68191 -0.993152 0.0187701 -0.115309 105.099
-0.114509 0.00654856 0.993401 98.8197 0.0165801 0.999852 -0.0046799 -5.7012 -0.993284 0.0159348 -0.114601 105.027
-0.11476 0.00391156 0.993386 99.6625 0.0134932 0.999906 -0.00237845 -5.72826 -0.993302 0.013131 -0.114802 104.936
-0.115904 0.00446128 0.99325 100.501 0.00887586 0.999955 -0.00345565 -5.75089 -0.993221 0.00841543 -0.115938 104.849
-0.117254 0.00831718 0.993067 101.345 0.00588711 0.999953 -0.00767974 -5.78477 -0.993085 0.00494581 -0.117298 104.768
-0.11855 0.0104518 0.992893 102.175 0.00332977 0.999943 -0.0101284 -5.80312 -0.992943 0.00210538 -0.118578 104.683
-0.11821 0.0114236 0.992923 102.999 0.0046214 0.999929 -0.010954 -5.83443 -0.992978 0.00329382 -0.118254 104.588
-0.11939 0.0106843 0.99279 103.81 0.0044539 0.999938 -0.0102256 -5.85927 -0.992838 0.00320096 -0.11943 104.491
-0.11968 0.0115466 0.992745 104.637 0.006909 0.999918 -0.0107971 -5.88825 -0.992788 0.00556668 -0.11975 104.407
-0.119902 0.0138883 0.992689 105.44 0.00705318 0.999889 -0.0131371 -5.92471 -0.992761 0.00542645 -0.119986 104.31
-0.120639 0.0156106 0.992574 106.249 0.00689872 0.999865 -0.0148868 -5.95499 -0.992673 0.00505156 -0.12073 104.215
-0.121814 0.0154544 0.992433 107.057 0.00494535 0.999876 -0.0149633 -5.98586 -0.992541 0.00308518 -0.121875 104.126
-0.123867 0.0148632 0.992188 107.858 0.00412611 0.999887 -0.0144634 -6.01866 -0.99229 0.00230233 -0.123915 104.037
-0.126892 0.0160597 0.991787 108.651 0.0027287 0.999871 -0.0158415 -6.04851 -0.991913 0.000696122 -0.126919 103.933
-0.130321 0.0180639 0.991307 109.431 0.00337165 0.999836 -0.017776 -6.08516 -0.991466 0.00102576 -0.13036 103.845
-0.133271 0.0193912 0.99089 110.222 0.00145259 0.999811 -0.0193704 -6.12077 -0.991079 -0.00114215 -0.133274 103.747
-0.136956 0.01932 0.990389 110.992 0.0021609 0.999813 -0.019205 -6.14939 -0.990575 -0.000490105 -0.136972 103.639
-0.139319 0.018627 0.990072 111.763 0.00341204 0.999826 -0.0183304 -6.18381 -0.990242 0.000824403 -0.139358 103.531
-0.142426 0.0192725 0.989618 112.539 0.00446099 0.999813 -0.018829 -6.21609 -0.989796 0.00173295 -0.142485 103.424
-0.143676 0.0239083 0.989336 113.311 0.000818496 0.999711 -0.0240402 -6.25174 -0.989625 -0.00264422 -0.143654 103.324
-0.145624 0.0298482 0.98889 114.069 -0.00238937 0.999531 -0.0305213 -6.2911 -0.989337 -0.00680747 -0.145485 103.223
-0.148844 0.0326263 0.988322 114.827 0.00175875 0.999463 -0.0327292 -6.32976 -0.988859 -0.00313333 -0.148822 103.105
-0.151179 0.0302873 0.988042 115.588 0.00304188 0.99954 -0.0301743 -6.36713 -0.988502 -0.00155621 -0.151202 102.987
-0.155043 0.0246025 0.987601 116.36 0.00332752 0.999697 -0.0243814 -6.40329 -0.987902 -0.000493911 -0.155078 102.88
-0.156787 0.0219876 0.987388 117.121 0.00181557 0.999757 -0.0219747 -6.44039 -0.987631 -0.00165269 -0.156789 102.764
-0.159343 0.0238107 0.986936 117.871 0.00128312 0.999713 -0.0239118 -6.47975 -0.987222 -0.00254382 -0.159328 102.65
-0.161419 0.0265754 0.986528 118.621 -0.00259019 0.999623 -0.0273519 -6.51513 -0.986883 -0.00697042 -0.161289 102.532
-0.164038 0.0300843 0.985995 119.366 -0.00230498 0.99952 -0.0308805 -6.54996 -0.986451 -0.00733826 -0.16389 102.42
-0.166552 0.0342012 0.985439 120.108 0.000988114 0.999404 -0.0345188 -6.5965 -0.986032 -0.00477544 -0.166486 102.286
-0.167779 0.0378484 0.985098 120.833 0.00166922 0.999272 -0.0381087 -6.63748 -0.985823 -0.00474948 -0.16772 102.164
-0.171373 0.0396156 0.984409 121.581 -0.000338653 0.999189 -0.0402693 -6.67713 -0.985206 -0.00723445 -0.171221 102.049
-0.17334 0.0379703 0.98413 122.324 0.000981236 0.999263 -0.0383814 -6.71276 -0.984862 -0.00568736 -0.173249 101.92
-0.177739 0.0348786 0.983459 123.058 0.00617937 0.999392 -0.0343269 -6.76294 -0.984058 -2.40586e-05 -0.177846 101.782
-0.182748 0.0325003 0.982622 123.77 0.00723266 0.999471 -0.0317124 -6.80602 -0.983133 0.00131159 -0.182887 101.651
-0.189419 0.0315983 0.981388 124.501 0.00736946 0.9995 -0.0307591 -6.84446 -0.981869 0.00140596 -0.189557 101.512
-0.1986 0.0318566 0.979563 125.223 0.00666904 0.999492 -0.0311526 -6.88658 -0.980058 0.00034585 -0.198711 101.374
-0.208169 0.0321737 0.977564 125.93 0.0053259 0.999481 -0.0317609 -6.92328 -0.978078 -0.00140525 -0.208233 101.223
-0.220337 0.0331312 0.974861 126.65 0.00663124 0.999451 -0.0324681 -6.96595 -0.975401 -0.00068939 -0.220436 101.064
-0.232493 0.033566 0.972019 127.358 0.00698766 0.999436 -0.0328414 -7.00796 -0.972573 -0.000843248 -0.232596 100.894
-0.243996 0.0337914 0.969187 128.053 0.0102164 0.999427 -0.0322737 -7.0449 -0.969722 0.00202699 -0.244201 100.709
-0.254931 0.0337086 0.966371 128.761 0.0135371 0.999419 -0.0312902 -7.08744 -0.966865 0.00510506 -0.255239 100.519
-0.265386 0.0340413 0.963541 129.454 0.0177463 0.99938 -0.0304196 -7.12316 -0.963979 0.00902636 -0.265825 100.323
-0.274623 0.0343265 0.960939 130.144 0.0228161 0.999314 -0.0291768 -7.16165 -0.961281 0.0139123 -0.275218 100.116
-0.28211 0.0346279 0.958757 130.835 0.0273156 0.999233 -0.0280523 -7.19867 -0.958993 0.0182752 -0.28284 99.9053
-0.288946 0.0342748 0.956732 131.507 0.0283165 0.999228 -0.0272453 -7.23825 -0.956927 0.0192189 -0.289694 99.7023
-0.2929 0.0323145 0.955597 132.189 0.0309558 0.999225 -0.0243016 -7.26786 -0.955642 0.0224634 -0.293673 99.4915
-0.29563 0.0302914 0.954822 132.858 0.037204 0.999104 -0.0201772 -7.2993 -0.954578 0.0295582 -0.296492 99.2721
-0.296488 0.028057 0.954624 133.545 0.0427936 0.998955 -0.016069 -7.33009 -0.954077 0.0360876 -0.297379 99.0469
-0.29781 0.0287754 0.954192 134.222 0.047519 0.998753 -0.0152882 -7.35499 -0.953442 0.0407893 -0.298806 98.8379
-0.29761 0.0320668 0.954149 134.876 0.0487177 0.998644 -0.0183665 -7.38994 -0.953444 0.0410178 -0.298769 98.6302
-0.29638 0.0343555 0.954452 135.52 0.0461574 0.9987 -0.0216152 -7.41646 -0.953954 0.0376487 -0.297581 98.4303
-0.295538 0.0349756 0.954691 136.193 0.0481653 0.998604 -0.0216742 -7.44491 -0.954116 0.0395774 -0.29681 98.2293
-0.293696 0.0331761 0.955323 136.839 0.0493651 0.99859 -0.0195023 -7.47179 -0.954623 0.0414318 -0.29492 98.029
-0.292299 0.0320031 0.955791 137.487 0.0532724 0.998433 -0.0171392 -7.50378 -0.954842 0.0459075 -0.293546 97.8306
-0.290303 0.0312252 0.956425 138.126 0.0525976 0.998477 -0.0166332 -7.53186 -0.955488 0.045477 -0.291503 97.642
-0.287909 0.0336711 0.957066 138.774 0.0536741 0.998378 -0.018978 -7.5626 -0.956152 0.0459057 -0.289249 97.4474
-0.284211 0.0345554 0.958139 139.407 0.0544887 0.998317 -0.0198416 -7.59012 -0.957212 0.0465686 -0.285616 97.2607
-0.278326 0.0343988 0.959871 140.03 0.0569486 0.998191 -0.0192593 -7.61783 -0.958797 0.0493029 -0.279781 97.0786
-0.273509 0.0329181 0.961306 140.66 0.0577363 0.998174 -0.0177535 -7.64517 -0.960135 0.0506465 -0.27491 96.9041
-0.268459 0.0309651 0.962793 141.271 0.0575729 0.998212 -0.016051 -7.67212 -0.961569 0.0511218 -0.269762 96.733
-0.263856 0.0295553 0.964109 141.889 0.0578801 0.998214 -0.0147602 -7.70261 -0.962824 0.0519082 -0.265095 96.5655
-0.260315 0.0284215 0.965105 142.502 0.058829 0.998176 -0.0135277 -7.72797 -0.96373 0.0532547 -0.261513 96.4056
-0.256722 0.026792 0.966114 143.113 0.0617568 0.998028 -0.0112667 -7.74596 -0.96451 0.0567717 -0.25787 96.2362
-0.252368 0.0251424 0.967305 143.719 0.0638761 0.997915 -0.00927286 -7.77426 -0.965521 0.0594475 -0.253448 96.0805
-0.248987 0.0236376 0.968218 144.331 0.0621521 0.998032 -0.0083824 -7.79682 -0.966511 0.0580897 -0.249966 95.9265
-0.245595 0.0244861 0.969063 144.934 0.0604056 0.998125 -0.00991152 -7.81841 -0.967489 0.0561026 -0.246614 95.7827
-0.240991 0.0281082 0.97012 145.514 0.0615938 0.998008 -0.0136155 -7.84017 -0.968571 0.0564722 -0.242243 95.639
-0.234842 0.0310756 0.971537 146.106 0.0634218 0.997849 -0.0165868 -7.86215 -0.969962 0.0577214 -0.236307 95.4979
-0.228838 0.0316258 0.972951 146.678 0.0621747 0.997906 -0.0178135 -7.88088 -0.971477 0.0564165 -0.230325 95.3611
-0.22023 0.0304018 0.974974 147.262 0.0592852 0.998084 -0.0177309 -7.90423 -0.973645 0.0538966 -0.221611 95.2498
