1 -4.1311e-11 -1.95776e-11 0 -4.12612e-11 1 -1.70424e-11 0 -1.42043e-10 -1.70424e-11 1 -2.98023e-08
1 -0.000310123 -0.000235565 -0.00728675 0.000310583 0.999998 0.00195579 -0.0380134 0.000234958 -0.00195586 0.999998 1.30928
0.999998 -0.00212723 -0.00024942 -0.0201664 0.00212778 0.999995 0.00220958 -0.0639989 0.000244719 -0.00221011 0.999998 2.60304
0.999995 -0.00299931 -0.000880064 -0.0330457 0.00300116 0.999993 0.00210311 -0.0952567 0.00087375 -0.00210574 0.999997 3.93915
0.999993 -0.00366631 -0.00011152 -0.0423006 0.00366655 0.999991 0.0021798 -0.120372 0.000103527 -0.0021802 0.999998 5.23698
0.999992 -0.00395833 -0.000623848 -0.0460554 0.00396014 0.999988 0.00293642 -0.142521 0.000612217 -0.00293887 0.999996 6.57475
0.999987 -0.00517019 -0.000426043 -0.0479827 0.00517209 0.999976 0.00458139 -0.170011 0.000402346 -0.00458353 0.999989 7.90504
0.999985 -0.00543282 -4.2665e-06 -0.0588397 0.00543277 0.999973 0.00497563 -0.191647 -2.27653e-05 -0.00497558 0.999988 9.22185
0.999991 -0.00425468 -0.000892062 -0.0757135 0.00425792 0.999984 0.00366163 -0.217595 0.000876468 -0.00366539 0.999993 10.5729
0.999999 -0.00147288 -0.000641243 -0.0882038 0.00147387 0.999998 0.00154424 -0.238818 0.000638967 -0.00154519 0.999999 11.8803
0.999997 0.00208065 -0.00079853 -0.105602 -0.00208003 0.999998 0.000772367 -0.271111 0.000800134 -0.000770704 0.999999 13.2453
0.99999 0.00420287 -0.0013268 -0.123781 -0.00420191 0.999991 0.000727861 -0.295719 0.00132985 -0.000722279 0.999999 14.5749
0.999987 0.00498363 -0.000496747 -0.148796 -0.00498286 0.999986 0.00155723 -0.320919 0.000504501 -0.00155473 0.999999 15.9166
0.999996 0.00272357 -0.000767155 -0.132015 -0.00272031 0.999987 0.00422764 -0.347461 0.000778659 -0.00422554 0.999991 17.2686
0.999999 -0.00160217 -0.000194382 -0.140136 0.00160335 0.99998 0.00619697 -0.372079 0.000184449 -0.00619727 0.999981 18.6119
0.999993 -0.00376403 -0.000712326 -0.149288 0.00376734 0.999982 0.00470485 -0.397784 0.000694603 -0.0047075 0.999989 19.9904
0.999989 -0.00475989 -0.00016095 -0.151968 0.00476023 0.999986 0.00215673 -0.418645 0.000150682 -0.00215747 0.999998 21.3112
0.999997 -0.00239391 -1.9921e-05 -0.149723 0.00239394 0.999996 0.00156003 -0.452984 1.61862e-05 -0.00156008 0.999999 22.692
1 2.32705e-05 0.000422895 -0.151774 -2.43284e-05 0.999997 0.00250214 -0.469281 -0.000422835 -0.00250215 0.999997 24.0618
0.999999 -1.49364e-05 0.00170433 -0.154829 3.62156e-06 0.999978 0.00663873 -0.488764 -0.00170439 -0.00663872 0.999977 25.4292
0.999996 -0.00192531 0.00199685 -0.156396 0.00190953 0.999967 0.0078702 -0.507732 -0.00201193 -0.00786636 0.999967 26.8054
0.999982 -0.00555713 0.00223068 -0.178848 0.00554078 0.999958 0.00726776 -0.534412 -0.00227097 -0.00725527 0.999971 28.1622
0.99998 -0.00604621 0.00167737 -0.165829 0.0060388 0.999972 0.00438717 -0.550627 -0.00170385 -0.00437695 0.999989 29.5424
0.999978 -0.00593195 0.0028917 -0.178483 0.00592385 0.999979 0.00280156 -0.581641 -0.00290825 -0.00278437 0.999992 30.9284
0.999992 -0.00290301 0.00266822 -0.176049 0.00289933 0.999995 0.00138212 -0.601987 -0.00267222 -0.00137438 0.999996 32.3013
0.999993 -0.00135592 0.00345978 -0.184517 0.00135657 0.999999 -0.000187066 -0.634076 -0.00345952 0.000191759 0.999994 33.6809
0.999991 -0.000255069 0.00420872 -0.19609 0.000255598 1 -0.000125088 -0.660379 -0.00420869 0.000126163 0.999991 35.047
0.999993 -0.00134165 0.00345566 -0.188171 0.00133602 0.999998 0.00163236 -0.690303 -0.00345784 -0.00162773 0.999993 36.4588
0.999995 0.000264441 0.00326098 -0.190917 -0.000274737 0.999995 0.00315679 -0.717405 -0.00326013 -0.00315767 0.99999 37.851
0.99999 0.0029292 0.00333866 -0.202672 -0.00294064 0.99999 0.00342607 -0.742617 -0.00332859 -0.00343585 0.999989 39.2387
0.999979 0.00540368 0.0035689 -0.208244 -0.00541575 0.99998 0.00338031 -0.767496 -0.00355056 -0.00339956 0.999988 40.6345
0.999966 0.00733507 0.00381519 -0.217599 -0.00734924 0.999966 0.0037128 -0.792019 -0.00378783 -0.00374071 0.999986 42.0466
0.999957 0.00874291 0.00308059 -0.210746 -0.00875457 0.999955 0.00379126 -0.818395 -0.00304731 -0.00381807 0.999988 43.4475
0.999965 0.00777787 0.00321419 -0.2259 -0.00779005 0.999963 0.00379506 -0.844989 -0.00318455 -0.00381997 0.999988 44.8632
0.999972 0.00703321 0.00242377 -0.223269 -0.00704129 0.99997 0.00333805 -0.869798 -0.00240021 -0.00335502 0.999991 46.2578
0.999977 0.00669837 0.00146399 -0.221856 -0.00670389 0.99997 0.00379832 -0.897488 -0.0014385 -0.00380805 0.999992 47.6797
0.999978 0.00664419 0.000439763 -0.228664 -0.00664619 0.999967 0.00470078 -0.91896 -0.000408515 -0.00470359 0.999989 49.0844
0.999971 0.00760552 -0.000567583 -0.232281 -0.00760268 0.999959 0.00485912 -0.945234 0.000604516 -0.00485467 0.999988 50.5001
0.999968 0.00776222 -0.00211842 -0.235909 -0.0077514 0.999957 0.00506736 -0.968954 0.00215767 -0.00505078 0.999985 51.963
0.999966 0.00784144 -0.00270036 -0.259081 -0.00782512 0.999951 0.00600139 -0.992051 0.00274729 -0.00598005 0.999978 53.354
0.999973 0.00628918 -0.00366703 -0.261022 -0.00626318 0.999955 0.00705898 -1.01505 0.00371127 -0.00703582 0.999968 54.8132
0.999981 0.0046052 -0.00422261 -0.270738 -0.0045744 0.999963 0.00727582 -1.03691 0.00425596 -0.00725636 0.999965 56.211
0.999986 0.00274174 -0.00457881 -0.279687 -0.00271071 0.999973 0.00676779 -1.06202 0.00459724 -0.00675528 0.999967 57.6344
0.999989 0.00136052 -0.00443922 -0.295524 -0.00132821 0.999973 0.00727384 -1.08279 0.004449 -0.00726786 0.999964 59.0932
0.999992 5.05592e-05 -0.00400796 -0.299587 -1.9448e-05 0.99997 0.00776203 -1.10606 0.00400823 -0.00776189 0.999962 60.4897
0.999993 -0.00166308 -0.00342003 -0.309544 0.00169268 0.999961 0.00867004 -1.12646 0.00340548 -0.00867576 0.999957 61.9505
0.999989 -0.00355534 -0.00295002 -0.321422 0.00357956 0.99996 0.00824629 -1.15085 0.00292058 -0.00825676 0.999962 63.3785
0.999987 -0.00443533 -0.00241546 -0.328182 0.00445388 0.99996 0.00772633 -1.17457 0.0023811 -0.00773699 0.999967 64.8248
0.999988 -0.0044767 -0.00197223 -0.331516 0.00449107 0.999963 0.00734416 -1.20142 0.00193928 -0.00735293 0.999971 66.2597
0.999996 -0.00230388 -0.00135031 -0.343478 0.00231365 0.999971 0.00727713 -1.2254 0.00133351 -0.00728023 0.999973 67.6381
1 0.00064258 -0.000119326 -0.362682 -0.000641529 0.999963 0.00861079 -1.24981 0.000124855 -0.00861071 0.999963 69.0768
0.999991 0.00417632 9.72914e-05 -0.368841 -0.00417709 0.999941 0.0100363 -1.27031 -5.53709e-05 -0.0100367 0.99995 70.4464
0.999965 0.00822364 0.00130644 -0.384952 -0.00823715 0.999909 0.0106982 -1.29276 -0.00121834 -0.0107086 0.999942 71.9271
0.999918 0.0126681 0.00187093 -0.396681 -0.0126864 0.999868 0.0101198 -1.31178 -0.00174248 -0.0101427 0.999947 73.2703
0.999871 0.0158715 0.00263881 -0.40636 -0.0158964 0.999827 0.00969361 -1.33218 -0.0024845 -0.0097343 0.99995 74.6617
0.99984 0.0175153 0.00355459 -0.421075 -0.0175486 0.9998 0.00956058 -1.35311 -0.00338643 -0.00962143 0.999948 76.1456
0.999838 0.0176466 0.00349012 -0.418169 -0.0176808 0.999794 0.0100085 -1.37316 -0.00331278 -0.0100686 0.999944 77.4942
0.999859 0.0164389 0.0035334 -0.422903 -0.0164736 0.999814 0.0100309 -1.39582 -0.00336785 -0.0100877 0.999943 78.8969
0.999873 0.0155916 0.00335027 -0.418237 -0.0156216 0.999836 0.00911636 -1.41585 -0.00320758 -0.00916754 0.999953 80.2751
0.999882 0.0150306 0.00331849 -0.424377 -0.0150603 0.999845 0.00910819 -1.43955 -0.00318107 -0.00915709 0.999953 81.6388
0.999885 0.0148563 0.00295856 -0.429838 -0.0148838 0.999844 0.00949486 -1.45844 -0.00281704 -0.00953781 0.999951 83.0766
0.999886 0.0149103 0.00251663 -0.433027 -0.0149324 0.999848 0.00900738 -1.48312 -0.00238194 -0.00904393 0.999956 84.4654
0.999882 0.0152558 0.00176034 -0.436527 -0.0152717 0.999839 0.00942168 -1.50131 -0.00161632 -0.00944745 0.999954 85.8933
0.999895 0.0144767 0.000948578 -0.446208 -0.0144858 0.999842 0.0103309 -1.52433 -0.000798871 -0.0103435 0.999946 87.3196
0.999919 0.0127215 -0.00022062 -0.449869 -0.0127181 0.999854 0.0113883 -1.54424 0.000365464 -0.0113846 0.999935 88.6515
0.999944 0.0105044 -0.00116108 -0.455342 -0.0104896 0.999872 0.0120825 -1.5624 0.00128785 -0.0120696 0.999926 90.0324
0.999962 0.00850143 -0.00199281 -0.462695 -0.00847702 0.999893 0.0119563 -1.58098 0.00209424 -0.011939 0.999927 91.4055
0.99997 0.00736801 -0.00250732 -0.469888 -0.00733843 0.999906 0.0116071 -1.59948 0.0025926 -0.0115883 0.999929 92.7748
0.999977 0.00618902 -0.00268235 -0.478746 -0.00615847 0.999918 0.0112515 -1.61954 0.00275177 -0.0112347 0.999933 94.1688
0.999974 0.00678552 -0.00249506 -0.487852 -0.00675857 0.99992 0.010655 -1.63942 0.00256716 -0.0106378 0.99994 95.5861
0.999975 0.0065418 -0.00260361 -0.496064 -0.00651527 0.999928 0.0100723 -1.65876 0.00266932 -0.0100551 0.999946 96.9686
0.999968 0.00767349 -0.00236518 -0.506482 -0.00765068 0.999926 0.00950697 -1.68201 0.00243795 -0.00948857 0.999952 98.3352
0.999956 0.00917989 -0.00204148 -0.51901 -0.0091595 0.99991 0.00978267 -1.70024 0.0021311 -0.00976354 0.99995 99.7405
0.99995 0.0098931 -0.0017186 -0.525684 -0.00987299 0.999887 0.0113375 -1.72202 0.00183057 -0.0113199 0.999934 101.1
0.999942 0.0106651 -0.00170365 -0.537849 -0.0106426 0.999863 0.0127119 -1.7377 0.00183899 -0.012693 0.999918 102.421
0.999947 0.0101691 -0.00151727 -0.552351 -0.0101509 0.999882 0.01152 -1.75975 0.00163424 -0.011504 0.999933 103.83
0.999942 0.0107362 -0.00130604 -0.5557 -0.0107241 0.999902 0.00898751 -1.7774 0.0014024 -0.00897298 0.999959 105.203
0.999942 0.0106589 -0.00150985 -0.566686 -0.0106467 0.999913 0.00785652 -1.79788 0.00159346 -0.00783999 0.999968 106.54
0.999966 0.00817971 -0.00144593 -0.571717 -0.00816599 0.999924 0.00925514 -1.82131 0.00152153 -0.00924302 0.999956 107.917
0.999983 0.00572533 -0.000697397 -0.571703 -0.00571706 0.999919 0.011342 -1.83757 0.000762277 -0.0113379 0.999936 109.19
0.999993 0.00376659 0.000356229 -0.58147 -0.00377061 0.99992 0.0120437 -1.85686 -0.000310837 -0.012045 0.999927 110.532
0.999994 0.00319912 0.00120179 -0.586637 -0.00321218 0.999934 0.01102 -1.87483 -0.00116645 -0.0110238 0.999939 111.885
0.999985 0.00527651 0.00167734 -0.587764 -0.00529053 0.99995 0.00846826 -1.89401 -0.00163258 -0.008477 0.999963 113.242
0.999965 0.00784522 0.00276228 -0.592624 -0.00786279 0.999949 0.00640969 -1.91643 -0.00271185 -0.00643119 0.999976 114.648
0.999931 0.0108207 0.00453746 -0.597258 -0.0108493 0.999921 0.00632823 -1.93328 -0.00446863 -0.00637702 0.99997 115.903
0.999907 0.012202 0.0060415 -0.602091 -0.0122528 0.999889 0.00844606 -1.95257 -0.00593777 -0.00851931 0.999946 117.205
0.999907 0.0117342 0.0068898 -0.600684 -0.0118089 0.999871 0.0109069 -1.96937 -0.00676092 -0.0109873 0.999917 118.573
0.999909 0.0111803 0.00758126 -0.596254 -0.0112666 0.999871 0.0114281 -1.98998 -0.00745251 -0.0115124 0.999906 119.949
0.999897 0.0115383 0.00856443 -0.59296 -0.0116326 0.999871 0.0110357 -2.0029 -0.008436 -0.0111342 0.999902 121.308
0.999867 0.0128241 0.0100384 -0.588778 -0.0129305 0.99986 0.0106123 -2.01971 -0.00990087 -0.0107407 0.999893 122.602
0.999828 0.0148937 0.0110352 -0.579407 -0.0150074 0.999835 0.0102856 -2.03478 -0.0108802 -0.0104494 0.999886 123.981
0.999792 0.0159011 0.0127885 -0.571797 -0.0160198 0.999829 0.00922722 -2.05207 -0.0126396 -0.00943016 0.999876 125.269
0.999756 0.0174104 0.0135872 -0.56371 -0.0175264 0.999811 0.00846719 -2.07041 -0.0134372 -0.00870326 0.999872 126.563
0.999762 0.016183 0.0146535 -0.556074 -0.0163095 0.99983 0.00854975 -2.08898 -0.0145127 -0.0087867 0.999856 127.991
0.999755 0.0157376 0.0155416 -0.539884 -0.0158852 0.999829 0.00941851 -2.10743 -0.0153907 -0.00966309 0.999835 129.252
0.999763 0.0143498 0.0163935 -0.525469 -0.0145248 0.999838 0.0106097 -2.12333 -0.0162386 -0.0108453 0.999809 130.626
0.999766 0.0137445 0.0167098 -0.50675 -0.0139263 0.999845 0.010811 -2.1425 -0.0165586 -0.0110412 0.999802 131.967
0.99979 0.0117485 0.0167824 -0.485357 -0.0119381 0.999866 0.0112429 -2.15795 -0.0166481 -0.0114409 0.999796 133.299
0.999811 0.00991451 0.0167139 -0.464297 -0.0101178 0.999875 0.0121229 -2.17234 -0.0165916 -0.0122898 0.999787 134.614
0.999836 0.00822927 0.0161458 -0.451992 -0.00842173 0.999894 0.0118887 -2.18899 -0.0160463 -0.0120227 0.999799 135.985
0.999859 0.00729715 0.0151254 -0.43063 -0.00747866 0.9999 0.0119789 -2.20342 -0.0150365 -0.0120903 0.999814 137.312
0.999884 0.00557151 0.0141536 -0.409933 -0.00575363 0.999901 0.0128596 -2.21791 -0.0140805 -0.0129395 0.999817 138.657
0.999908 0.00423213 0.0129172 -0.393865 -0.00440332 0.999903 0.0132534 -2.23262 -0.0128599 -0.013309 0.999829 140.002
0.999926 0.0031565 0.0117284 -0.37858 -0.0033114 0.999907 0.0132108 -2.24654 -0.0116856 -0.0132486 0.999844 141.368
0.999935 0.00340582 0.0109058 -0.373585 -0.00354514 0.999912 0.0127807 -2.26156 -0.0108613 -0.0128185 0.999859 142.698
0.999949 0.00262432 0.00976044 -0.364787 -0.00274338 0.999922 0.0122046 -2.27215 -0.00972765 -0.0122307 0.999878 144.05
0.999959 0.00181579 0.00891231 -0.354916 -0.00190621 0.999947 0.0101485 -2.29125 -0.00889341 -0.0101651 0.999909 145.443
0.999961 -0.0038556 0.007886 -0.34036 0.00378132 0.999949 0.00941243 -2.31164 -0.00792188 -0.00938225 0.999925 146.779
0.999907 -0.0118795 0.00671705 -0.318962 0.0117966 0.999855 0.0122491 -2.32275 -0.00686159 -0.0121687 0.999903 148.117
0.999803 -0.0190831 0.00547651 -0.303198 0.0190082 0.999729 0.0134145 -2.33944 -0.00573102 -0.0133078 0.999895 149.48
0.999749 -0.0220518 0.00399451 -0.283533 0.0220075 0.999699 0.0108226 -2.35513 -0.00423197 -0.0107319 0.999934 150.834
0.999769 -0.0210343 0.00445149 -0.273806 0.021002 0.999754 0.00718335 -2.37767 -0.00460149 -0.00708819 0.999964 152.177
0.99982 -0.0181957 0.00545682 -0.281801 0.0181687 0.999823 0.00494996 -2.39323 -0.00554592 -0.00484992 0.999973 153.542
0.999833 -0.0170786 0.00653099 -0.279155 0.0170456 0.999842 0.00507332 -2.42194 -0.0066166 -0.00496114 0.999966 154.873
0.999767 -0.0204323 0.00700252 -0.269681 0.0203763 0.999761 0.00797566 -2.44068 -0.0071638 -0.00783111 0.999944 156.216
0.999626 -0.0263189 0.0074279 -0.251202 0.0262338 0.999592 0.0113376 -2.46199 -0.00772326 -0.0111384 0.999908 157.55
0.999521 -0.0300198 0.00752382 -0.243367 0.0299233 0.999473 0.0126252 -2.47559 -0.00789886 -0.012394 0.999892 158.863
0.999471 -0.0316849 0.00736384 -0.223241 0.031588 0.999417 0.0129205 -2.49145 -0.00776894 -0.0126811 0.999889 160.254
0.999519 -0.0299138 0.00815059 -0.213235 0.0298024 0.999465 0.0134635 -2.50405 -0.00854897 -0.0132141 0.999876 161.591
0.999603 -0.0264959 0.00959205 -0.216889 0.0263745 0.999573 0.0125705 -2.51737 -0.00992102 -0.0123125 0.999875 162.988
0.999711 -0.0216404 0.0104678 -0.216734 0.0215308 0.999713 0.0104789 -2.53533 -0.0106915 -0.0102505 0.99989 164.336
0.999757 -0.0189187 0.0112821 -0.208105 0.0188084 0.999775 0.00980096 -2.54931 -0.0114649 -0.00958639 0.999888 165.702
0.99978 -0.0174707 0.0116204 -0.206154 0.0173427 0.999789 0.0110264 -2.5617 -0.0118105 -0.0108224 0.999872 167.028
0.999801 -0.0162616 0.0115693 -0.196879 0.0161343 0.999809 0.0110133 -2.57879 -0.0117462 -0.0108245 0.999872 168.408
0.999848 -0.0134923 0.0110398 -0.190136 0.0133964 0.999872 0.00871591 -2.59858 -0.011156 -0.00856669 0.999901 169.883
0.999898 -0.00951635 0.0106842 -0.184518 0.00945533 0.999939 0.00574756 -2.62097 -0.0107382 -0.00564595 0.999926 171.302
0.999939 -0.00387163 0.0103552 -0.184123 0.00382575 0.999983 0.00444684 -2.64208 -0.0103722 -0.00440695 0.999937 172.619
0.999947 -5.80871e-05 0.0103367 -0.180401 9.20619e-07 0.999985 0.00553053 -2.66086 -0.0103368 -0.00553023 0.999931 174.003
0.999933 0.00319966 0.0111459 -0.179203 -0.00328469 0.999966 0.00761906 -2.68259 -0.0111212 -0.00765516 0.999909 175.4
0.999928 0.00368806 0.0114066 -0.170969 -0.00379981 0.999945 0.00979108 -2.701 -0.0113698 -0.00983372 0.999887 176.746
0.999943 0.00199977 0.0104753 -0.16355 -0.0021141 0.999938 0.0109144 -2.71904 -0.0104528 -0.0109359 0.999886 178.246
0.999958 -0.00133562 0.00909677 -0.148227 0.00123504 0.999938 0.0110534 -2.73196 -0.00911097 -0.0110417 0.999898 179.591
0.999974 -0.00124072 0.00704342 -0.144262 0.00119022 0.999974 0.00717037 -2.7526 -0.00705214 -0.00716181 0.99995 180.968
0.999983 0.00156921 0.00558369 -0.145634 -0.00158726 0.999994 0.00322901 -2.77683 -0.00557858 -0.00323781 0.999979 182.38
0.999972 0.00536469 0.00519832 -0.148878 -0.00537502 0.999984 0.00197546 -2.79692 -0.00518764 -0.00200335 0.999985 183.815
0.999942 0.00955815 0.00501986 -0.156445 -0.00957363 0.99995 0.003068 -2.82363 -0.00499028 -0.00311588 0.999983 185.174
0.999921 0.0115074 0.00515046 -0.154888 -0.0115402 0.999913 0.00640044 -2.84606 -0.00507636 -0.00645937 0.999966 186.609
0.999914 0.0118322 0.0055789 -0.15639 -0.011882 0.999889 0.00896519 -2.86589 -0.0054722 -0.00903071 0.999944 188.016
0.999919 0.0113294 0.00574818 -0.160532 -0.0113843 0.999889 0.00961754 -2.88329 -0.00563858 -0.0096822 0.999937 189.48
0.999938 0.00968734 0.00544036 -0.151506 -0.00974438 0.999897 0.0105574 -2.89706 -0.00533752 -0.0106098 0.999929 190.853
0.999959 0.00704233 0.00563363 -0.147804 -0.00710434 0.999914 0.0110651 -2.9166 -0.00555522 -0.0111047 0.999923 192.271
0.999971 0.0049708 0.00582428 -0.13525 -0.00503639 0.999923 0.0113013 -2.93341 -0.00576766 -0.0113303 0.999919 193.765
0.999978 0.00193246 0.00631666 -0.129555 -0.00200922 0.999924 0.0121679 -2.95023 -0.00629266 -0.0121804 0.999906 195.227
0.999975 -0.00259748 0.00666058 -0.116684 0.00250469 0.9999 0.0139014 -2.95959 -0.00669602 -0.0138843 0.999881 196.583
0.999955 -0.00654687 0.00686146 -0.0996298 0.00645104 0.999883 0.0138966 -2.97416 -0.00695163 -0.0138518 0.99988 197.993
0.999966 -0.00387346 0.00723865 -0.0970501 0.0038025 0.999945 0.00979185 -2.98946 -0.00727618 -0.009764 0.999926 199.38
0.999966 0.00305166 0.00770982 -0.101123 -0.00308878 0.999984 0.0048078 -3.01039 -0.00769502 -0.00483145 0.999959 200.918
0.999862 0.0139135 0.00912457 -0.108502 -0.0139515 0.999894 0.0041081 -3.03439 -0.00906645 -0.00423483 0.99995 202.334
0.999744 0.0201871 0.010253 -0.114658 -0.0202676 0.999764 0.00781634 -3.04846 -0.0100928 -0.00802214 0.999917 203.718
0.999697 0.0219609 0.0111031 -0.109064 -0.022075 0.999704 0.0102587 -3.06765 -0.0108746 -0.0105007 0.999886 205.2
0.999733 0.0205214 0.0106174 -0.0971933 -0.0206364 0.999728 0.0108365 -3.08246 -0.0103921 -0.0110527 0.999885 206.638
0.999802 0.017458 0.00956341 -0.0821986 -0.0175643 0.999784 0.011149 -3.09885 -0.00936671 -0.0113148 0.999892 208.094
0.999844 0.0154988 0.00850647 -0.0690532 -0.0155883 0.999823 0.0105562 -3.11958 -0.00834135 -0.0106871 0.999908 209.537
0.999839 0.0159875 0.00808364 -0.0658459 -0.0160677 0.999821 0.00995324 -3.1335 -0.00792307 -0.0100815 0.999918 211.035
0.999821 0.0171789 0.00793129 -0.0619483 -0.0172601 0.999798 0.0102777 -3.15083 -0.00775313 -0.0104128 0.999916 212.453
0.9998 0.018371 0.00785275 -0.0619869 -0.0184594 0.999765 0.0113384 -3.16593 -0.00764261 -0.0114811 0.999905 213.906
0.999813 0.0177379 0.00768586 -0.0579325 -0.0178235 0.999778 0.0112082 -3.18314 -0.00748535 -0.0113431 0.999908 215.379
0.999811 0.0180592 0.00722659 -0.0459775 -0.0181304 0.999786 0.0099137 -3.20053 -0.00704601 -0.0100428 0.999925 216.841
0.999828 0.0172058 0.00693646 -0.0465057 -0.0172726 0.999804 0.00970013 -3.21701 -0.0067682 -0.00981827 0.999929 218.32
0.999825 0.0174994 0.00661186 -0.0419533 -0.0175638 0.999798 0.00981069 -3.23369 -0.00643884 -0.0099251 0.99993 219.804
0.999818 0.0180769 0.00614926 -0.0397584 -0.018134 0.999792 0.00936421 -3.25494 -0.0059787 -0.00947401 0.999937 221.355
0.99982 0.01792 0.00620352 -0.0308664 -0.0179771 0.999795 0.00927991 -3.27203 -0.00603595 -0.00938976 0.999938 222.807
0.999799 0.0192103 0.00564454 -0.0293077 -0.0192619 0.999772 0.00924133 -3.28792 -0.00546573 -0.0093482 0.999941 224.285
0.999802 0.0191679 0.0053025 -0.0307265 -0.0192158 0.999774 0.00913545 -3.30808 -0.0051262 -0.00923553 0.999944 225.787
0.999787 0.0200644 0.00490387 -0.0308012 -0.020108 0.999757 0.00901592 -3.3276 -0.00472178 -0.0091126 0.999947 227.342
0.999808 0.0189915 0.00489648 -0.0336438 -0.0190363 0.999776 0.00926406 -3.3473 -0.00471944 -0.00935549 0.999945 228.754
0.999821 0.0182359 0.00498532 -0.0284753 -0.0182801 0.999793 0.00898296 -3.36523 -0.00482048 -0.00907249 0.999947 230.225
0.999835 0.0174238 0.00504696 -0.0259267 -0.0174706 0.999803 0.00939528 -3.38448 -0.00488227 -0.00948191 0.999943 231.756
0.999863 0.0156564 0.00535609 -0.0214258 -0.0157102 0.999825 0.0101697 -3.4049 -0.00519593 -0.0102524 0.999934 233.266
0.999865 0.0155141 0.00542846 -0.0163775 -0.0155707 0.999823 0.0105299 -3.42241 -0.00526414 -0.010613 0.99993 234.8
0.999864 0.0157309 0.005052 -0.0143774 -0.0157819 0.999823 0.010203 -3.44164 -0.00489061 -0.0102813 0.999935 236.32
0.99983 0.0175471 0.00564834 -0.00995946 -0.0176008 0.999799 0.00959717 -3.46232 -0.00547881 -0.00969495 0.999938 237.833
0.999809 0.0186203 0.00601318 -0.0116372 -0.0186824 0.999771 0.0104346 -3.47971 -0.00581751 -0.0105449 0.999928 239.314
0.999805 0.0185805 0.00668666 -0.0076589 -0.0186632 0.999747 0.0125257 -3.49409 -0.00645224 -0.012648 0.999899 240.894
0.999809 0.0180326 0.00754401 -0.00511123 -0.0181299 0.999751 0.013027 -3.50811 -0.00730722 -0.0131612 0.999887 242.325
0.999786 0.019023 0.00808265 0.00287604 -0.0191157 0.999751 0.0115463 -3.52529 -0.00786099 -0.0116984 0.999901 243.766
0.999771 0.0194597 0.00889129 0.00369461 -0.0195499 0.999757 0.0101715 -3.544 -0.0086912 -0.010343 0.999909 245.375
0.99976 0.0200746 0.00874047 0.00540037 -0.0201662 0.999741 0.0105266 -3.55606 -0.00852689 -0.0107004 0.999906 246.833
0.999762 0.0198983 0.00890706 0.0168128 -0.0200027 0.99973 0.0117839 -3.57377 -0.00867018 -0.0119593 0.999891 248.327
0.999761 0.0200674 0.00871652 0.0242191 -0.0201755 0.999718 0.012497 -3.58974 -0.00846329 -0.0126698 0.999884 249.863
0.999754 0.0204105 0.00862879 0.0289872 -0.0205182 0.99971 0.01259 -3.60525 -0.00836932 -0.0127639 0.999884 251.392
0.999719 0.022016 0.00881823 0.039684 -0.0221278 0.999673 0.0127909 -3.6185 -0.00853375 -0.0129824 0.999879 252.905
0.999694 0.0230105 0.00902724 0.0399285 -0.023126 0.999649 0.0129057 -3.63448 -0.00872711 -0.0131105 0.999876 254.465
0.999676 0.0238179 0.00903489 0.050149 -0.0239354 0.999627 0.0131231 -3.64434 -0.00871896 -0.0133351 0.999873 255.984
0.999719 0.0219133 0.00904521 0.0537223 -0.022036 0.999663 0.0137041 -3.6607 -0.00874186 -0.0138996 0.999865 257.51
0.999754 0.0203022 0.00892976 0.063414 -0.0204292 0.999688 0.0143655 -3.66986 -0.00863532 -0.0145444 0.999857 259.047
0.99981 0.0173318 0.00896075 0.0724977 -0.0174682 0.999729 0.0153767 -3.68537 -0.00869181 -0.0155303 0.999842 260.621
0.999836 0.0158997 0.00871316 0.08417 -0.0160257 0.999765 0.0145845 -3.69603 -0.00847923 -0.0147218 0.999856 262.141
0.999841 0.015449 0.00889062 0.101854 -0.0155701 0.999785 0.0137179 -3.71127 -0.00867678 -0.0138541 0.999866 263.711
0.999873 0.0129375 0.00926096 0.111203 -0.0130801 0.999794 0.0155114 -3.72386 -0.00905838 -0.0156306 0.999837 265.258
0.999902 0.0102839 0.00952886 0.122747 -0.010449 0.999793 0.0174402 -3.72802 -0.00934754 -0.017538 0.999802 266.826
0.999913 0.00887407 0.00971474 0.13345 -0.00903725 0.999817 0.0168847 -3.74115 -0.00956313 -0.016971 0.99981 268.375
0.999907 0.00860045 0.0106065 0.153053 -0.0087665 0.999838 0.0157103 -3.7519 -0.0104697 -0.0158018 0.99982 269.874
0.999887 0.00939629 0.0117019 0.170037 -0.00957811 0.999833 0.0155796 -3.76196 -0.0115536 -0.0156899 0.99981 271.468
0.999861 0.0111001 0.012431 0.17499 -0.0112941 0.999814 0.0156505 -3.77356 -0.012255 -0.0157887 0.9998 272.98
0.999818 0.0128857 0.0140512 0.197564 -0.0130996 0.999798 0.0152364 -3.78582 -0.013852 -0.0154177 0.999785 274.571
0.999791 0.0142869 0.0145949 0.21676 -0.0145088 0.999779 0.0152179 -3.79743 -0.0143743 -0.0154264 0.999778 276.123
0.999772 0.0139737 0.0161496 0.235175 -0.0142161 0.999786 0.0149968 -3.8082 -0.0159366 -0.015223 0.999757 277.645
0.999746 0.0149574 0.0168709 0.247483 -0.0152017 0.99978 0.0144487 -3.82237 -0.0166511 -0.0147015 0.999753 279.243
0.99974 0.0141474 0.0178985 0.273932 -0.0143988 0.999798 0.013996 -3.83606 -0.0176969 -0.0142501 0.999742 280.773
0.999711 0.0143546 0.0193027 0.30807 -0.0146278 0.999794 0.0140877 -3.85168 -0.0190965 -0.014366 0.999714 282.342
0.999725 0.0126213 0.019774 0.33698 -0.012929 0.999796 0.0155066 -3.86213 -0.0195742 -0.015758 0.999684 283.893
0.999726 0.0114356 0.020449 0.369173 -0.0117581 0.999807 0.0157232 -3.87498 -0.0202652 -0.0159593 0.999667 285.521
0.999732 0.0105726 0.0206038 0.402487 -0.0108483 0.999853 0.013314 -3.89262 -0.02046 -0.013534 0.999699 287.15
0.999732 0.0107226 0.0205058 0.430145 -0.010954 0.999877 0.0112062 -3.90563 -0.0203832 -0.0114278 0.999727 288.581
0.999746 0.0104602 0.0199584 0.469916 -0.010687 0.999879 0.011292 -3.91958 -0.0198379 -0.0115024 0.999737 290.188
0.999767 0.00916786 0.0195497 0.502569 -0.00939511 0.999889 0.0115638 -3.93678 -0.0194416 -0.0117448 0.999742 291.773
0.999784 0.00930136 0.0185916 0.534437 -0.00950333 0.999897 0.0108048 -3.95305 -0.0184891 -0.0109791 0.999769 293.363
0.999801 0.00952388 0.0174995 0.537201 -0.00971247 0.999895 0.0107238 -3.97101 -0.0173956 -0.0108916 0.999789 295.008
0.999803 0.00974194 0.0173068 0.569749 -0.0099317 0.999891 0.0109128 -3.98617 -0.0171986 -0.0110825 0.999791 296.523
0.999809 0.00938505 0.017115 0.60762 -0.00957663 0.999892 0.0111468 -4.00604 -0.0170086 -0.0113085 0.999791 298.064
0.999822 0.00977901 0.0161143 0.642151 -0.0099792 0.999873 0.01239 -4.02132 -0.0159911 -0.0125486 0.999793 299.675
0.999839 0.00994833 0.0149369 0.65471 -0.0101581 0.99985 0.014033 -4.03154 -0.014795 -0.0141825 0.99979 301.276
0.999813 0.0106931 0.0161261 0.687295 -0.010919 0.999843 0.0139902 -4.04494 -0.015974 -0.0141636 0.999772 302.866
0.999775 0.0115205 0.0178289 0.697777 -0.0117685 0.999835 0.0138704 -4.05448 -0.0176662 -0.0140771 0.999745 304.426
0.999788 0.0105613 0.0176916 0.70915 -0.0108032 0.999849 0.0136345 -4.06751 -0.0175449 -0.0138227 0.999751 306.017
0.999813 0.00825206 0.0174637 0.741887 -0.00847405 0.999884 0.012676 -4.07774 -0.0173571 -0.0128217 0.999767 307.694
0.99981 0.007073 0.0181505 0.764113 -0.00726928 0.999916 0.0107707 -4.09631 -0.0180728 -0.0109006 0.999777 309.256
0.99982 0.00628793 0.0179181 0.781571 -0.00646482 0.999931 0.00983143 -4.11016 -0.017855 -0.0099455 0.999791 310.878
0.999846 0.0072253 0.0160251 0.801782 -0.00736712 0.999934 0.00880881 -4.13161 -0.0159604 -0.00892551 0.999833 312.444
0.999877 0.00867383 0.013053 0.813133 -0.00879839 0.999916 0.00951657 -4.14901 -0.0129693 -0.00963024 0.99987 314.057
0.999869 0.00957364 0.0130795 0.831097 -0.0097388 0.999873 0.0126224 -4.16208 -0.012957 -0.0127481 0.999835 315.715
0.999893 0.00832319 0.0120539 0.849281 -0.00851795 0.999833 0.0161975 -4.17634 -0.0119171 -0.0162984 0.999796 317.335
0.999888 0.00731253 0.0130939 0.85234 -0.00753549 0.999826 0.01706 -4.18498 -0.0129669 -0.0171567 0.999769 319
0.999906 0.00630891 0.0122061 0.859555 -0.00650513 0.999849 0.0161038 -4.19431 -0.0121027 -0.0161817 0.999796 320.651
0.9999 0.00552344 0.0130161 0.869806 -0.0057252 0.999863 0.0155148 -4.20258 -0.0129286 -0.0155878 0.999795 322.258
0.999907 0.00534288 0.0125229 0.88332 -0.00554596 0.999853 0.0162392 -4.2125 -0.0124343 -0.0163071 0.99979 323.918
0.99991 0.00523538 0.0123452 0.888123 -0.00543461 0.999855 0.0161609 -4.22838 -0.0122588 -0.0162265 0.999793 325.545
0.999891 0.00666637 0.0131619 0.898814 -0.00686998 0.999856 0.0154856 -4.23681 -0.0130568 -0.0155743 0.999794 327.187
0.999888 0.00739919 0.012983 0.900893 -0.00759008 0.999863 0.0147159 -4.25209 -0.0128723 -0.0148128 0.999807 328.825
0.999885 0.00645085 0.0137013 0.904891 -0.00667824 0.99984 0.0166154 -4.26312 -0.0135919 -0.016705 0.999768 330.438
0.999886 0.00495891 0.0142908 0.928509 -0.0052106 0.999831 0.0176284 -4.27497 -0.0142009 -0.0177009 0.999743 332.065
0.999886 0.00483626 0.0143013 0.933366 -0.00507315 0.99985 0.0165746 -4.28627 -0.014219 -0.0166452 0.99976 333.713
0.999884 0.00508097 0.0143503 0.959153 -0.00532341 0.999843 0.0169072 -4.30167 -0.0142621 -0.0169816 0.999754 335.316
0.999886 0.00665184 0.0135397 0.962165 -0.00684903 0.99987 0.0145694 -4.3046 -0.013441 -0.0146605 0.999802 336.926
0.999856 0.00988989 0.0137753 0.976346 -0.0100555 0.999877 0.0120064 -4.32836 -0.0136549 -0.0121432 0.999833 338.579
0.999874 0.0103401 0.012013 0.980249 -0.0104923 0.999865 0.0126755 -4.34057 -0.0118803 -0.0128 0.999848 340.145
0.999881 0.0111206 0.0106856 0.99492 -0.0112879 0.999813 0.0157242 -4.35852 -0.0105088 -0.0158429 0.999819 341.791
0.99987 0.0119845 0.010796 0.999339 -0.0121845 0.999752 0.0186547 -4.36473 -0.0105698 -0.0187839 0.999768 343.395
0.999877 0.0129395 0.0088768 1.0045 -0.0130961 0.999756 0.0178135 -4.37541 -0.00864413 -0.0179276 0.999802 345.006
0.999889 0.0129137 0.00749161 0.990582 -0.0130358 0.999779 0.0164723 -4.38394 -0.00727724 -0.0165681 0.999836 346.603
0.999922 0.0112731 0.00529089 0.993457 -0.0113643 0.999782 0.0175323 -4.39212 -0.00509209 -0.0175911 0.999832 348.218
0.999945 0.00945063 0.0044792 0.980234 -0.00953213 0.999783 0.0185393 -4.40637 -0.00430302 -0.018581 0.999818 349.781
0.999945 0.00944967 0.00447025 0.985543 -0.00952796 0.999796 0.0178302 -4.41501 -0.00430085 -0.0178718 0.999831 351.421
0.999951 0.00887597 0.00438932 0.980713 -0.0089488 0.999818 0.0168608 -4.42757 -0.00423886 -0.0168992 0.999848 353.02
0.999953 0.00872906 0.00425546 0.98386 -0.00879965 0.999819 0.0168608 -4.43426 -0.00410751 -0.0168974 0.999849 354.63
0.999959 0.00800874 0.00419381 0.976742 -0.00807839 0.999825 0.0168631 -4.44677 -0.00405802 -0.0168963 0.999849 356.221
0.999966 0.00720224 0.0040428 0.967107 -0.00726771 0.999839 0.0164195 -4.45929 -0.00392389 -0.0164483 0.999857 357.81
0.999965 0.00697308 0.00466235 0.976853 -0.00704593 0.99985 0.0157957 -4.47197 -0.00455151 -0.015828 0.999864 359.417
0.999967 0.00641063 0.00498435 0.955676 -0.00649033 0.999849 0.0161421 -4.48161 -0.00488012 -0.0161739 0.999857 360.995
0.999966 0.00651348 0.00504185 0.959765 -0.00658921 0.999864 0.0151526 -4.49129 -0.00494246 -0.0151853 0.999873 362.589
0.99997 0.00538704 0.00555381 0.951106 -0.00546611 0.999883 0.014321 -4.50715 -0.00547601 -0.0143509 0.999882 364.125
0.999978 0.0034307 0.00560233 0.952995 -0.00351665 0.999875 0.0154057 -4.51423 -0.00554878 -0.0154251 0.999866 365.703
0.999976 0.00153582 0.00672579 0.946384 -0.00164903 0.999857 0.0168586 -4.52938 -0.00669893 -0.0168693 0.999835 367.316
0.999981 0.00149313 0.0059672 0.964288 -0.00158873 0.99987 0.0160487 -4.53971 -0.00594246 -0.0160579 0.999854 368.898
0.99997 0.00280341 0.00715602 0.952417 -0.00291274 0.999879 0.0153129 -4.54775 -0.00711222 -0.0153333 0.999857 370.506
0.999962 0.00415894 0.00760775 0.962566 -0.00428148 0.99986 0.016163 -4.55652 -0.00753946 -0.016195 0.99984 372.089
0.999954 0.00515861 0.00802793 0.955137 -0.00529501 0.99984 0.0170626 -4.56486 -0.00793863 -0.0171043 0.999822 373.671
0.999951 0.00553722 0.00819206 0.965364 -0.00567592 0.999839 0.0170059 -4.57405 -0.00809658 -0.0170516 0.999822 375.275
0.999944 0.00566583 0.00896392 0.965035 -0.00581203 0.999849 0.0163694 -4.58457 -0.00886982 -0.0164206 0.999826 376.853
0.999933 0.00568303 0.0100888 0.95839 -0.00584338 0.999856 0.0159365 -4.59289 -0.00999682 -0.0159944 0.999822 378.466
0.999921 0.00589266 0.011141 0.96135 -0.00607069 0.999853 0.0160144 -4.60173 -0.011045 -0.0160808 0.99981 380.038
0.999905 0.00720389 0.0117464 0.969304 -0.00739498 0.99984 0.016306 -4.61256 -0.0116271 -0.0163913 0.999798 381.699
0.999895 0.00803404 0.012083 0.998803 -0.00823706 0.999824 0.0168473 -4.62127 -0.0119455 -0.0169451 0.999785 383.259
0.999869 0.0092834 0.0132678 1.00692 -0.00950168 0.999819 0.0164844 -4.63086 -0.0131124 -0.0166084 0.999776 384.808
0.999858 0.0102112 0.0134136 0.996509 -0.0104216 0.999822 0.0157124 -4.64174 -0.0132507 -0.0158499 0.999787 386.45
0.999843 0.0110838 0.0137934 1.01057 -0.0113042 0.999808 0.0160051 -4.65147 -0.0136134 -0.0161586 0.999777 388.058
0.999819 0.0124699 0.0143428 1.03839 -0.01271 0.999779 0.0167761 -4.6599 -0.0141304 -0.0169554 0.999756 389.7
0.99981 0.0133307 0.014225 1.05353 -0.0135794 0.999754 0.0175347 -4.66799 -0.0139878 -0.0177246 0.999745 391.302
0.99978 0.0147677 0.0148883 1.07341 -0.01502 0.999743 0.0169754 -4.67819 -0.0146338 -0.0171953 0.999745 392.919
0.999774 0.0146293 0.0154284 1.07636 -0.0148971 0.999738 0.0173892 -4.68561 -0.01517 -0.0176151 0.99973 394.559
